,Year-Month-Date,Time,Holiday,Watt
0,2014-05-01,[ 00:00 ],0,221
1,2014-05-01,[ 00:01 ],0,212
2,2014-05-01,[ 00:02 ],0,214
3,2014-05-01,[ 00:03 ],0,217
4,2014-05-01,[ 00:04 ],0,218
5,2014-05-01,[ 00:05 ],0,216
6,2014-05-01,[ 00:06 ],0,217
7,2014-05-01,[ 00:07 ],0,216
8,2014-05-01,[ 00:08 ],0,216
9,2014-05-01,[ 00:09 ],0,215
10,2014-05-01,[ 00:10 ],0,214
11,2014-05-01,[ 00:11 ],0,216
12,2014-05-01,[ 00:12 ],0,213
13,2014-05-01,[ 00:13 ],0,216
14,2014-05-01,[ 00:14 ],0,218
15,2014-05-01,[ 00:15 ],0,214
16,2014-05-01,[ 00:16 ],0,213
17,2014-05-01,[ 00:17 ],0,214
18,2014-05-01,[ 00:18 ],0,214
19,2014-05-01,[ 00:19 ],0,214
20,2014-05-01,[ 00:20 ],0,213
21,2014-05-01,[ 00:21 ],0,214
22,2014-05-01,[ 00:22 ],0,214
23,2014-05-01,[ 00:23 ],0,225
24,2014-05-01,[ 00:24 ],0,225
25,2014-05-01,[ 00:25 ],0,243
26,2014-05-01,[ 00:26 ],0,259
27,2014-05-01,[ 00:27 ],0,243
28,2014-05-01,[ 00:28 ],0,229
29,2014-05-01,[ 00:29 ],0,228
30,2014-05-01,[ 00:30 ],0,227
31,2014-05-01,[ 00:31 ],0,227
32,2014-05-01,[ 00:32 ],0,231
33,2014-05-01,[ 00:33 ],0,226
34,2014-05-01,[ 00:34 ],0,225
35,2014-05-01,[ 00:35 ],0,166
36,2014-05-01,[ 00:36 ],0,163
37,2014-05-01,[ 00:37 ],0,163
38,2014-05-01,[ 00:38 ],0,163
39,2014-05-01,[ 00:39 ],0,163
40,2014-05-01,[ 00:40 ],0,163
41,2014-05-01,[ 00:41 ],0,163
42,2014-05-01,[ 00:42 ],0,163
43,2014-05-01,[ 00:43 ],0,165
44,2014-05-01,[ 00:44 ],0,165
45,2014-05-01,[ 00:45 ],0,163
46,2014-05-01,[ 00:46 ],0,165
47,2014-05-01,[ 00:47 ],0,174
48,2014-05-01,[ 00:48 ],0,177
49,2014-05-01,[ 00:49 ],0,173
50,2014-05-01,[ 00:50 ],0,163
51,2014-05-01,[ 00:51 ],0,166
52,2014-05-01,[ 00:52 ],0,163
53,2014-05-01,[ 00:53 ],0,166
54,2014-05-01,[ 00:54 ],0,167
55,2014-05-01,[ 00:55 ],0,167
56,2014-05-01,[ 00:56 ],0,166
57,2014-05-01,[ 00:57 ],0,166
58,2014-05-01,[ 00:58 ],0,161
59,2014-05-01,[ 00:59 ],0,159
60,2014-05-01,[ 01:00 ],0,159
61,2014-05-01,[ 01:01 ],0,159
62,2014-05-01,[ 01:02 ],0,166
63,2014-05-01,[ 01:03 ],0,163
64,2014-05-01,[ 01:04 ],0,158
65,2014-05-01,[ 01:05 ],0,159
66,2014-05-01,[ 01:06 ],0,158
67,2014-05-01,[ 01:07 ],0,156
68,2014-05-01,[ 01:08 ],0,163
69,2014-05-01,[ 01:09 ],0,167
70,2014-05-01,[ 01:10 ],0,167
71,2014-05-01,[ 01:11 ],0,166
72,2014-05-01,[ 01:12 ],0,163
73,2014-05-01,[ 01:13 ],0,157
74,2014-05-01,[ 01:14 ],0,158
75,2014-05-01,[ 01:15 ],0,157
76,2014-05-01,[ 01:16 ],0,156
77,2014-05-01,[ 01:17 ],0,157
78,2014-05-01,[ 01:18 ],0,226
79,2014-05-01,[ 01:19 ],0,213
80,2014-05-01,[ 01:20 ],0,215
81,2014-05-01,[ 01:21 ],0,215
82,2014-05-01,[ 01:22 ],0,213
83,2014-05-01,[ 01:23 ],0,211
84,2014-05-01,[ 01:24 ],0,214
85,2014-05-01,[ 01:25 ],0,210
86,2014-05-01,[ 01:26 ],0,210
87,2014-05-01,[ 01:27 ],0,210
88,2014-05-01,[ 01:28 ],0,206
89,2014-05-01,[ 01:29 ],0,206
90,2014-05-01,[ 01:30 ],0,156
91,2014-05-01,[ 01:31 ],0,156
92,2014-05-01,[ 01:32 ],0,156
93,2014-05-01,[ 01:33 ],0,157
94,2014-05-01,[ 01:34 ],0,158
95,2014-05-01,[ 01:35 ],0,158
96,2014-05-01,[ 01:36 ],0,159
97,2014-05-01,[ 01:37 ],0,159
98,2014-05-01,[ 01:38 ],0,158
99,2014-05-01,[ 01:39 ],0,157
100,2014-05-01,[ 01:40 ],0,159
101,2014-05-01,[ 01:41 ],0,158
102,2014-05-01,[ 01:42 ],0,158
103,2014-05-01,[ 01:43 ],0,158
104,2014-05-01,[ 01:44 ],0,158
105,2014-05-01,[ 01:45 ],0,156
106,2014-05-01,[ 01:46 ],0,156
107,2014-05-01,[ 01:47 ],0,156
108,2014-05-01,[ 01:48 ],0,156
109,2014-05-01,[ 01:49 ],0,156
110,2014-05-01,[ 01:50 ],0,156
111,2014-05-01,[ 01:51 ],0,155
112,2014-05-01,[ 01:52 ],0,363
113,2014-05-01,[ 01:53 ],0,364
114,2014-05-01,[ 01:54 ],0,365
115,2014-05-01,[ 01:55 ],0,365
116,2014-05-01,[ 01:56 ],0,365
117,2014-05-01,[ 01:57 ],0,364
118,2014-05-01,[ 01:58 ],0,365
119,2014-05-01,[ 01:59 ],0,364
120,2014-05-01,[ 02:00 ],0,366
121,2014-05-01,[ 02:01 ],0,366
122,2014-05-01,[ 02:02 ],0,358
123,2014-05-01,[ 02:03 ],0,364
124,2014-05-01,[ 02:04 ],0,363
125,2014-05-01,[ 02:05 ],0,157
126,2014-05-01,[ 02:06 ],0,155
127,2014-05-01,[ 02:07 ],0,156
128,2014-05-01,[ 02:08 ],0,156
129,2014-05-01,[ 02:09 ],0,156
130,2014-05-01,[ 02:10 ],0,156
131,2014-05-01,[ 02:11 ],0,156
132,2014-05-01,[ 02:12 ],0,156
133,2014-05-01,[ 02:13 ],0,156
134,2014-05-01,[ 02:14 ],0,156
135,2014-05-01,[ 02:15 ],0,155
136,2014-05-01,[ 02:16 ],0,157
137,2014-05-01,[ 02:17 ],0,277
138,2014-05-01,[ 02:18 ],0,210
139,2014-05-01,[ 02:19 ],0,211
140,2014-05-01,[ 02:20 ],0,212
141,2014-05-01,[ 02:21 ],0,210
142,2014-05-01,[ 02:22 ],0,212
143,2014-05-01,[ 02:23 ],0,211
144,2014-05-01,[ 02:24 ],0,210
145,2014-05-01,[ 02:25 ],0,211
146,2014-05-01,[ 02:26 ],0,210
147,2014-05-01,[ 02:27 ],0,211
148,2014-05-01,[ 02:28 ],0,212
149,2014-05-01,[ 02:29 ],0,211
150,2014-05-01,[ 02:30 ],0,214
151,2014-05-01,[ 02:31 ],0,212
152,2014-05-01,[ 02:32 ],0,210
153,2014-05-01,[ 02:33 ],0,211
154,2014-05-01,[ 02:34 ],0,211
155,2014-05-01,[ 02:35 ],0,213
156,2014-05-01,[ 02:36 ],0,214
157,2014-05-01,[ 02:37 ],0,214
158,2014-05-01,[ 02:38 ],0,211
159,2014-05-01,[ 02:39 ],0,211
160,2014-05-01,[ 02:40 ],0,210
161,2014-05-01,[ 02:41 ],0,213
162,2014-05-01,[ 02:42 ],0,211
163,2014-05-01,[ 02:43 ],0,213
164,2014-05-01,[ 02:44 ],0,212
165,2014-05-01,[ 02:45 ],0,218
166,2014-05-01,[ 02:46 ],0,224
167,2014-05-01,[ 02:47 ],0,224
168,2014-05-01,[ 02:48 ],0,224
169,2014-05-01,[ 02:49 ],0,224
170,2014-05-01,[ 02:50 ],0,221
171,2014-05-01,[ 02:51 ],0,221
172,2014-05-01,[ 02:52 ],0,218
173,2014-05-01,[ 02:53 ],0,219
174,2014-05-01,[ 02:54 ],0,219
175,2014-05-01,[ 02:55 ],0,216
176,2014-05-01,[ 02:56 ],0,217
177,2014-05-01,[ 02:57 ],0,215
178,2014-05-01,[ 02:58 ],0,214
179,2014-05-01,[ 02:59 ],0,213
180,2014-05-01,[ 03:00 ],0,216
181,2014-05-01,[ 03:01 ],0,217
182,2014-05-01,[ 03:02 ],0,212
183,2014-05-01,[ 03:03 ],0,214
184,2014-05-01,[ 03:04 ],0,214
185,2014-05-01,[ 03:05 ],0,214
186,2014-05-01,[ 03:06 ],0,212
187,2014-05-01,[ 03:07 ],0,208
188,2014-05-01,[ 03:08 ],0,208
189,2014-05-01,[ 03:09 ],0,207
190,2014-05-01,[ 03:10 ],0,210
191,2014-05-01,[ 03:11 ],0,208
192,2014-05-01,[ 03:12 ],0,207
193,2014-05-01,[ 03:13 ],0,207
194,2014-05-01,[ 03:14 ],0,206
195,2014-05-01,[ 03:15 ],0,156
196,2014-05-01,[ 03:16 ],0,156
197,2014-05-01,[ 03:17 ],0,156
198,2014-05-01,[ 03:18 ],0,156
199,2014-05-01,[ 03:19 ],0,156
200,2014-05-01,[ 03:20 ],0,158
201,2014-05-01,[ 03:21 ],0,156
202,2014-05-01,[ 03:22 ],0,156
203,2014-05-01,[ 03:23 ],0,156
204,2014-05-01,[ 03:24 ],0,156
205,2014-05-01,[ 03:25 ],0,156
206,2014-05-01,[ 03:26 ],0,157
207,2014-05-01,[ 03:27 ],0,157
208,2014-05-01,[ 03:28 ],0,156
209,2014-05-01,[ 03:29 ],0,159
210,2014-05-01,[ 03:30 ],0,162
211,2014-05-01,[ 03:31 ],0,165
212,2014-05-01,[ 03:32 ],0,165
213,2014-05-01,[ 03:33 ],0,163
214,2014-05-01,[ 03:34 ],0,162
215,2014-05-01,[ 03:35 ],0,163
216,2014-05-01,[ 03:36 ],0,163
217,2014-05-01,[ 03:37 ],0,163
218,2014-05-01,[ 03:38 ],0,163
219,2014-05-01,[ 03:39 ],0,163
220,2014-05-01,[ 03:40 ],0,162
221,2014-05-01,[ 03:41 ],0,188
222,2014-05-01,[ 03:42 ],0,190
223,2014-05-01,[ 03:43 ],0,188
224,2014-05-01,[ 03:44 ],0,191
225,2014-05-01,[ 03:45 ],0,191
226,2014-05-01,[ 03:46 ],0,190
227,2014-05-01,[ 03:47 ],0,190
228,2014-05-01,[ 03:48 ],0,189
229,2014-05-01,[ 03:49 ],0,192
230,2014-05-01,[ 03:50 ],0,156
231,2014-05-01,[ 03:51 ],0,156
232,2014-05-01,[ 03:52 ],0,156
233,2014-05-01,[ 03:53 ],0,156
234,2014-05-01,[ 03:54 ],0,156
235,2014-05-01,[ 03:55 ],0,155
236,2014-05-01,[ 03:56 ],0,156
237,2014-05-01,[ 03:57 ],0,156
238,2014-05-01,[ 03:58 ],0,156
239,2014-05-01,[ 03:59 ],0,156
240,2014-05-01,[ 04:00 ],0,225
241,2014-05-01,[ 04:01 ],0,215
242,2014-05-01,[ 04:02 ],0,216
243,2014-05-01,[ 04:03 ],0,215
244,2014-05-01,[ 04:04 ],0,216
245,2014-05-01,[ 04:05 ],0,213
246,2014-05-01,[ 04:06 ],0,210
247,2014-05-01,[ 04:07 ],0,208
248,2014-05-01,[ 04:08 ],0,207
249,2014-05-01,[ 04:09 ],0,207
250,2014-05-01,[ 04:10 ],0,208
251,2014-05-01,[ 04:11 ],0,205
252,2014-05-01,[ 04:12 ],0,205
253,2014-05-01,[ 04:13 ],0,155
254,2014-05-01,[ 04:14 ],0,154
255,2014-05-01,[ 04:15 ],0,155
256,2014-05-01,[ 04:16 ],0,155
257,2014-05-01,[ 04:17 ],0,154
258,2014-05-01,[ 04:18 ],0,156
259,2014-05-01,[ 04:19 ],0,156
260,2014-05-01,[ 04:20 ],0,155
261,2014-05-01,[ 04:21 ],0,156
262,2014-05-01,[ 04:22 ],0,155
263,2014-05-01,[ 04:23 ],0,156
264,2014-05-01,[ 04:24 ],0,156
265,2014-05-01,[ 04:25 ],0,156
266,2014-05-01,[ 04:26 ],0,156
267,2014-05-01,[ 04:27 ],0,227
268,2014-05-01,[ 04:28 ],0,211
269,2014-05-01,[ 04:29 ],0,206
270,2014-05-01,[ 04:30 ],0,207
271,2014-05-01,[ 04:31 ],0,210
272,2014-05-01,[ 04:32 ],0,211
273,2014-05-01,[ 04:33 ],0,212
274,2014-05-01,[ 04:34 ],0,212
275,2014-05-01,[ 04:35 ],0,213
276,2014-05-01,[ 04:36 ],0,210
277,2014-05-01,[ 04:37 ],0,210
278,2014-05-01,[ 04:38 ],0,208
279,2014-05-01,[ 04:39 ],0,210
280,2014-05-01,[ 04:40 ],0,210
281,2014-05-01,[ 04:41 ],0,210
282,2014-05-01,[ 04:42 ],0,208
283,2014-05-01,[ 04:43 ],0,208
284,2014-05-01,[ 04:44 ],0,208
285,2014-05-01,[ 04:45 ],0,208
286,2014-05-01,[ 04:46 ],0,208
287,2014-05-01,[ 04:47 ],0,210
288,2014-05-01,[ 04:48 ],0,211
289,2014-05-01,[ 04:49 ],0,208
290,2014-05-01,[ 04:50 ],0,210
291,2014-05-01,[ 04:51 ],0,207
292,2014-05-01,[ 04:52 ],0,208
293,2014-05-01,[ 04:53 ],0,215
294,2014-05-01,[ 04:54 ],0,215
295,2014-05-01,[ 04:55 ],0,214
296,2014-05-01,[ 04:56 ],0,211
297,2014-05-01,[ 04:57 ],0,211
298,2014-05-01,[ 04:58 ],0,208
299,2014-05-01,[ 04:59 ],0,215
300,2014-05-01,[ 05:00 ],0,215
301,2014-05-01,[ 05:01 ],0,210
302,2014-05-01,[ 05:02 ],0,206
303,2014-05-01,[ 05:03 ],0,156
304,2014-05-01,[ 05:04 ],0,156
305,2014-05-01,[ 05:05 ],0,159
306,2014-05-01,[ 05:06 ],0,155
307,2014-05-01,[ 05:07 ],0,153
308,2014-05-01,[ 05:08 ],0,154
309,2014-05-01,[ 05:09 ],0,157
310,2014-05-01,[ 05:10 ],0,157
311,2014-05-01,[ 05:11 ],0,154
312,2014-05-01,[ 05:12 ],0,155
313,2014-05-01,[ 05:13 ],0,156
314,2014-05-01,[ 05:14 ],0,155
315,2014-05-01,[ 05:15 ],0,156
316,2014-05-01,[ 05:16 ],0,157
317,2014-05-01,[ 05:17 ],0,156
318,2014-05-01,[ 05:18 ],0,155
319,2014-05-01,[ 05:19 ],0,155
320,2014-05-01,[ 05:20 ],0,156
321,2014-05-01,[ 05:21 ],0,155
322,2014-05-01,[ 05:22 ],0,156
323,2014-05-01,[ 05:23 ],0,155
324,2014-05-01,[ 05:24 ],0,155
325,2014-05-01,[ 05:25 ],0,154
326,2014-05-01,[ 05:26 ],0,156
327,2014-05-01,[ 05:27 ],0,157
328,2014-05-01,[ 05:28 ],0,157
329,2014-05-01,[ 05:29 ],0,156
330,2014-05-01,[ 05:30 ],0,158
331,2014-05-01,[ 05:31 ],0,158
332,2014-05-01,[ 05:32 ],0,158
333,2014-05-01,[ 05:33 ],0,158
334,2014-05-01,[ 05:34 ],0,156
335,2014-05-01,[ 05:35 ],0,157
336,2014-05-01,[ 05:36 ],0,157
337,2014-05-01,[ 05:37 ],0,155
338,2014-05-01,[ 05:38 ],0,157
339,2014-05-01,[ 05:39 ],0,157
340,2014-05-01,[ 05:40 ],0,156
341,2014-05-01,[ 05:41 ],0,155
342,2014-05-01,[ 05:42 ],0,155
343,2014-05-01,[ 05:43 ],0,219
344,2014-05-01,[ 05:44 ],0,215
345,2014-05-01,[ 05:45 ],0,235
346,2014-05-01,[ 05:46 ],0,235
347,2014-05-01,[ 05:47 ],0,235
348,2014-05-01,[ 05:48 ],0,235
349,2014-05-01,[ 05:49 ],0,231
350,2014-05-01,[ 05:50 ],0,232
351,2014-05-01,[ 05:51 ],0,232
352,2014-05-01,[ 05:52 ],0,229
353,2014-05-01,[ 05:53 ],0,231
354,2014-05-01,[ 05:54 ],0,227
355,2014-05-01,[ 05:55 ],0,171
356,2014-05-01,[ 05:56 ],0,171
357,2014-05-01,[ 05:57 ],0,168
358,2014-05-01,[ 05:58 ],0,170
359,2014-05-01,[ 05:59 ],0,170
360,2014-05-01,[ 06:00 ],0,160
361,2014-05-01,[ 06:01 ],0,171
362,2014-05-01,[ 06:02 ],0,257
363,2014-05-01,[ 06:03 ],0,2650
364,2014-05-01,[ 06:04 ],0,2585
365,2014-05-01,[ 06:05 ],0,2660
366,2014-05-01,[ 06:06 ],0,287
367,2014-05-01,[ 06:07 ],0,318
368,2014-05-01,[ 06:08 ],0,318
369,2014-05-01,[ 06:09 ],0,299
370,2014-05-01,[ 06:10 ],0,301
371,2014-05-01,[ 06:11 ],0,292
372,2014-05-01,[ 06:12 ],0,274
373,2014-05-01,[ 06:13 ],0,273
374,2014-05-01,[ 06:14 ],0,321
375,2014-05-01,[ 06:15 ],0,364
376,2014-05-01,[ 06:16 ],0,364
377,2014-05-01,[ 06:17 ],0,346
378,2014-05-01,[ 06:18 ],0,343
379,2014-05-01,[ 06:19 ],0,354
380,2014-05-01,[ 06:20 ],0,430
381,2014-05-01,[ 06:21 ],0,411
382,2014-05-01,[ 06:22 ],0,411
383,2014-05-01,[ 06:23 ],0,407
384,2014-05-01,[ 06:24 ],0,410
385,2014-05-01,[ 06:25 ],0,410
386,2014-05-01,[ 06:26 ],0,411
387,2014-05-01,[ 06:27 ],0,427
388,2014-05-01,[ 06:28 ],0,437
389,2014-05-01,[ 06:29 ],0,439
390,2014-05-01,[ 06:30 ],0,423
391,2014-05-01,[ 06:31 ],0,405
392,2014-05-01,[ 06:32 ],0,441
393,2014-05-01,[ 06:33 ],0,422
394,2014-05-01,[ 06:34 ],0,413
395,2014-05-01,[ 06:35 ],0,407
396,2014-05-01,[ 06:36 ],0,430
397,2014-05-01,[ 06:37 ],0,436
398,2014-05-01,[ 06:38 ],0,415
399,2014-05-01,[ 06:39 ],0,435
400,2014-05-01,[ 06:40 ],0,423
401,2014-05-01,[ 06:41 ],0,369
402,2014-05-01,[ 06:42 ],0,359
403,2014-05-01,[ 06:43 ],0,353
404,2014-05-01,[ 06:44 ],0,372
405,2014-05-01,[ 06:45 ],0,366
406,2014-05-01,[ 06:46 ],0,359
407,2014-05-01,[ 06:47 ],0,357
408,2014-05-01,[ 06:48 ],0,381
409,2014-05-01,[ 06:49 ],0,380
410,2014-05-01,[ 06:50 ],0,359
411,2014-05-01,[ 06:51 ],0,401
412,2014-05-01,[ 06:52 ],0,417
413,2014-05-01,[ 06:53 ],0,418
414,2014-05-01,[ 06:54 ],0,418
415,2014-05-01,[ 06:55 ],0,336
416,2014-05-01,[ 06:56 ],0,351
417,2014-05-01,[ 06:57 ],0,354
418,2014-05-01,[ 06:58 ],0,343
419,2014-05-01,[ 06:59 ],0,344
420,2014-05-01,[ 07:00 ],0,375
421,2014-05-01,[ 07:01 ],0,375
422,2014-05-01,[ 07:02 ],0,359
423,2014-05-01,[ 07:03 ],0,367
424,2014-05-01,[ 07:04 ],0,356
425,2014-05-01,[ 07:05 ],0,344
426,2014-05-01,[ 07:06 ],0,337
427,2014-05-01,[ 07:07 ],0,365
428,2014-05-01,[ 07:08 ],0,365
429,2014-05-01,[ 07:09 ],0,353
430,2014-05-01,[ 07:10 ],0,352
431,2014-05-01,[ 07:11 ],0,363
432,2014-05-01,[ 07:12 ],0,361
433,2014-05-01,[ 07:13 ],0,341
434,2014-05-01,[ 07:14 ],0,341
435,2014-05-01,[ 07:15 ],0,364
436,2014-05-01,[ 07:16 ],0,356
437,2014-05-01,[ 07:17 ],0,355
438,2014-05-01,[ 07:18 ],0,355
439,2014-05-01,[ 07:19 ],0,343
440,2014-05-01,[ 07:20 ],0,331
441,2014-05-01,[ 07:21 ],0,333
442,2014-05-01,[ 07:22 ],0,348
443,2014-05-01,[ 07:23 ],0,348
444,2014-05-01,[ 07:24 ],0,345
445,2014-05-01,[ 07:25 ],0,356
446,2014-05-01,[ 07:26 ],0,359
447,2014-05-01,[ 07:27 ],0,326
448,2014-05-01,[ 07:28 ],0,331
449,2014-05-01,[ 07:29 ],0,323
450,2014-05-01,[ 07:30 ],0,307
451,2014-05-01,[ 07:31 ],0,299
452,2014-05-01,[ 07:32 ],0,283
453,2014-05-01,[ 07:33 ],0,285
454,2014-05-01,[ 07:34 ],0,292
455,2014-05-01,[ 07:35 ],0,299
456,2014-05-01,[ 07:36 ],0,412
457,2014-05-01,[ 07:37 ],0,473
458,2014-05-01,[ 07:38 ],0,400
459,2014-05-01,[ 07:39 ],0,413
460,2014-05-01,[ 07:40 ],0,422
461,2014-05-01,[ 07:41 ],0,410
462,2014-05-01,[ 07:42 ],0,415
463,2014-05-01,[ 07:43 ],0,399
464,2014-05-01,[ 07:44 ],0,364
465,2014-05-01,[ 07:45 ],0,353
466,2014-05-01,[ 07:46 ],0,355
467,2014-05-01,[ 07:47 ],0,402
468,2014-05-01,[ 07:48 ],0,359
469,2014-05-01,[ 07:49 ],0,340
470,2014-05-01,[ 07:50 ],0,350
471,2014-05-01,[ 07:51 ],0,340
472,2014-05-01,[ 07:52 ],0,348
473,2014-05-01,[ 07:53 ],0,343
474,2014-05-01,[ 07:54 ],0,352
475,2014-05-01,[ 07:55 ],0,346
476,2014-05-01,[ 07:56 ],0,352
477,2014-05-01,[ 07:57 ],0,347
478,2014-05-01,[ 07:58 ],0,351
479,2014-05-01,[ 07:59 ],0,361
480,2014-05-01,[ 08:00 ],0,347
481,2014-05-01,[ 08:01 ],0,343
482,2014-05-01,[ 08:02 ],0,347
483,2014-05-01,[ 08:03 ],0,374
484,2014-05-01,[ 08:04 ],0,357
485,2014-05-01,[ 08:05 ],0,479
486,2014-05-01,[ 08:06 ],0,444
487,2014-05-01,[ 08:07 ],0,444
488,2014-05-01,[ 08:08 ],0,440
489,2014-05-01,[ 08:09 ],0,459
490,2014-05-01,[ 08:10 ],0,456
491,2014-05-01,[ 08:11 ],0,468
492,2014-05-01,[ 08:12 ],0,455
493,2014-05-01,[ 08:13 ],0,458
494,2014-05-01,[ 08:14 ],0,459
495,2014-05-01,[ 08:15 ],0,458
496,2014-05-01,[ 08:16 ],0,455
497,2014-05-01,[ 08:17 ],0,459
498,2014-05-01,[ 08:18 ],0,464
499,2014-05-01,[ 08:19 ],0,464
500,2014-05-01,[ 08:20 ],0,460
501,2014-05-01,[ 08:21 ],0,453
502,2014-05-01,[ 08:22 ],0,453
503,2014-05-01,[ 08:23 ],0,437
504,2014-05-01,[ 08:24 ],0,411
505,2014-05-01,[ 08:25 ],0,417
506,2014-05-01,[ 08:26 ],0,404
507,2014-05-01,[ 08:27 ],0,399
508,2014-05-01,[ 08:28 ],0,394
509,2014-05-01,[ 08:29 ],0,400
510,2014-05-01,[ 08:30 ],0,401
511,2014-05-01,[ 08:31 ],0,403
512,2014-05-01,[ 08:32 ],0,2057
513,2014-05-01,[ 08:33 ],0,4698
514,2014-05-01,[ 08:34 ],0,4739
515,2014-05-01,[ 08:35 ],0,2943
516,2014-05-01,[ 08:36 ],0,460
517,2014-05-01,[ 08:37 ],0,455
518,2014-05-01,[ 08:38 ],0,2942
519,2014-05-01,[ 08:39 ],0,1997
520,2014-05-01,[ 08:40 ],0,1996
521,2014-05-01,[ 08:41 ],0,1984
522,2014-05-01,[ 08:42 ],0,1945
523,2014-05-01,[ 08:43 ],0,356
524,2014-05-01,[ 08:44 ],0,356
525,2014-05-01,[ 08:45 ],0,353
526,2014-05-01,[ 08:46 ],0,372
527,2014-05-01,[ 08:47 ],0,356
528,2014-05-01,[ 08:48 ],0,361
529,2014-05-01,[ 08:49 ],0,357
530,2014-05-01,[ 08:50 ],0,367
531,2014-05-01,[ 08:51 ],0,357
532,2014-05-01,[ 08:52 ],0,365
533,2014-05-01,[ 08:53 ],0,361
534,2014-05-01,[ 08:54 ],0,347
535,2014-05-01,[ 08:55 ],0,359
536,2014-05-01,[ 08:56 ],0,367
537,2014-05-01,[ 08:57 ],0,370
538,2014-05-01,[ 08:58 ],0,372
539,2014-05-01,[ 08:59 ],0,2024
540,2014-05-01,[ 09:00 ],0,1959
541,2014-05-01,[ 09:01 ],0,394
542,2014-05-01,[ 09:02 ],0,361
543,2014-05-01,[ 09:03 ],0,377
544,2014-05-01,[ 09:04 ],0,382
545,2014-05-01,[ 09:05 ],0,400
546,2014-05-01,[ 09:06 ],0,369
547,2014-05-01,[ 09:07 ],0,386
548,2014-05-01,[ 09:08 ],0,445
549,2014-05-01,[ 09:09 ],0,321
550,2014-05-01,[ 09:10 ],0,321
551,2014-05-01,[ 09:11 ],0,318
552,2014-05-01,[ 09:12 ],0,332
553,2014-05-01,[ 09:13 ],0,337
554,2014-05-01,[ 09:14 ],0,328
555,2014-05-01,[ 09:15 ],0,315
556,2014-05-01,[ 09:16 ],0,315
557,2014-05-01,[ 09:17 ],0,326
558,2014-05-01,[ 09:18 ],0,311
559,2014-05-01,[ 09:19 ],0,311
560,2014-05-01,[ 09:20 ],0,311
561,2014-05-01,[ 09:21 ],0,385
562,2014-05-01,[ 09:22 ],0,386
563,2014-05-01,[ 09:23 ],0,382
564,2014-05-01,[ 09:24 ],0,417
565,2014-05-01,[ 09:25 ],0,425
566,2014-05-01,[ 09:26 ],0,438
567,2014-05-01,[ 09:27 ],0,423
568,2014-05-01,[ 09:28 ],0,379
569,2014-05-01,[ 09:29 ],0,379
570,2014-05-01,[ 09:30 ],0,320
571,2014-05-01,[ 09:31 ],0,320
572,2014-05-01,[ 09:32 ],0,315
573,2014-05-01,[ 09:33 ],0,315
574,2014-05-01,[ 09:34 ],0,319
575,2014-05-01,[ 09:35 ],0,310
576,2014-05-01,[ 09:36 ],0,319
577,2014-05-01,[ 09:37 ],0,312
578,2014-05-01,[ 09:38 ],0,312
579,2014-05-01,[ 09:39 ],0,312
580,2014-05-01,[ 09:40 ],0,321
581,2014-05-01,[ 09:41 ],0,322
582,2014-05-01,[ 09:42 ],0,323
583,2014-05-01,[ 09:43 ],0,382
584,2014-05-01,[ 09:44 ],0,371
585,2014-05-01,[ 09:45 ],0,379
586,2014-05-01,[ 09:46 ],0,378
587,2014-05-01,[ 09:47 ],0,372
588,2014-05-01,[ 09:48 ],0,381
589,2014-05-01,[ 09:49 ],0,389
590,2014-05-01,[ 09:50 ],0,426
591,2014-05-01,[ 09:51 ],0,432
592,2014-05-01,[ 09:52 ],0,426
593,2014-05-01,[ 09:53 ],0,420
594,2014-05-01,[ 09:54 ],0,382
595,2014-05-01,[ 09:55 ],0,374
596,2014-05-01,[ 09:56 ],0,387
597,2014-05-01,[ 09:57 ],0,391
598,2014-05-01,[ 09:58 ],0,2714
599,2014-05-01,[ 09:59 ],0,2499
600,2014-05-01,[ 10:00 ],0,2452
601,2014-05-01,[ 10:01 ],0,2483
602,2014-05-01,[ 10:02 ],0,2453
603,2014-05-01,[ 10:03 ],0,2419
604,2014-05-01,[ 10:04 ],0,390
605,2014-05-01,[ 10:05 ],0,392
606,2014-05-01,[ 10:06 ],0,387
607,2014-05-01,[ 10:07 ],0,383
608,2014-05-01,[ 10:08 ],0,383
609,2014-05-01,[ 10:09 ],0,380
610,2014-05-01,[ 10:10 ],0,382
611,2014-05-01,[ 10:11 ],0,385
612,2014-05-01,[ 10:12 ],0,372
613,2014-05-01,[ 10:13 ],0,380
614,2014-05-01,[ 10:14 ],0,369
615,2014-05-01,[ 10:15 ],0,323
616,2014-05-01,[ 10:16 ],0,313
617,2014-05-01,[ 10:17 ],0,319
618,2014-05-01,[ 10:18 ],0,319
619,2014-05-01,[ 10:19 ],0,313
620,2014-05-01,[ 10:20 ],0,318
621,2014-05-01,[ 10:21 ],0,324
622,2014-05-01,[ 10:22 ],0,322
623,2014-05-01,[ 10:23 ],0,331
624,2014-05-01,[ 10:24 ],0,322
625,2014-05-01,[ 10:25 ],0,310
626,2014-05-01,[ 10:26 ],0,313
627,2014-05-01,[ 10:27 ],0,319
628,2014-05-01,[ 10:28 ],0,313
629,2014-05-01,[ 10:29 ],0,2339
630,2014-05-01,[ 10:30 ],0,2386
631,2014-05-01,[ 10:31 ],0,2304
632,2014-05-01,[ 10:32 ],0,2442
633,2014-05-01,[ 10:33 ],0,2500
634,2014-05-01,[ 10:34 ],0,348
635,2014-05-01,[ 10:35 ],0,344
636,2014-05-01,[ 10:36 ],0,313
637,2014-05-01,[ 10:37 ],0,315
638,2014-05-01,[ 10:38 ],0,313
639,2014-05-01,[ 10:39 ],0,313
640,2014-05-01,[ 10:40 ],0,316
641,2014-05-01,[ 10:41 ],0,310
642,2014-05-01,[ 10:42 ],0,292
643,2014-05-01,[ 10:43 ],0,317
644,2014-05-01,[ 10:44 ],0,321
645,2014-05-01,[ 10:45 ],0,2502
646,2014-05-01,[ 10:46 ],0,2544
647,2014-05-01,[ 10:47 ],0,2532
648,2014-05-01,[ 10:48 ],0,2536
649,2014-05-01,[ 10:49 ],0,2515
650,2014-05-01,[ 10:50 ],0,414
651,2014-05-01,[ 10:51 ],0,404
652,2014-05-01,[ 10:52 ],0,406
653,2014-05-01,[ 10:53 ],0,404
654,2014-05-01,[ 10:54 ],0,406
655,2014-05-01,[ 10:55 ],0,482
656,2014-05-01,[ 10:56 ],0,479
657,2014-05-01,[ 10:57 ],0,475
658,2014-05-01,[ 10:58 ],0,475
659,2014-05-01,[ 10:59 ],0,481
660,2014-05-01,[ 11:00 ],0,481
661,2014-05-01,[ 11:01 ],0,482
662,2014-05-01,[ 11:02 ],0,472
663,2014-05-01,[ 11:03 ],0,475
664,2014-05-01,[ 11:04 ],0,481
665,2014-05-01,[ 11:05 ],0,470
666,2014-05-01,[ 11:06 ],0,474
667,2014-05-01,[ 11:07 ],0,404
668,2014-05-01,[ 11:08 ],0,405
669,2014-05-01,[ 11:09 ],0,404
670,2014-05-01,[ 11:10 ],0,412
671,2014-05-01,[ 11:11 ],0,404
672,2014-05-01,[ 11:12 ],0,404
673,2014-05-01,[ 11:13 ],0,406
674,2014-05-01,[ 11:14 ],0,404
675,2014-05-01,[ 11:15 ],0,413
676,2014-05-01,[ 11:16 ],0,403
677,2014-05-01,[ 11:17 ],0,401
678,2014-05-01,[ 11:18 ],0,403
679,2014-05-01,[ 11:19 ],0,406
680,2014-05-01,[ 11:20 ],0,402
681,2014-05-01,[ 11:21 ],0,404
682,2014-05-01,[ 11:22 ],0,404
683,2014-05-01,[ 11:23 ],0,404
684,2014-05-01,[ 11:24 ],0,405
685,2014-05-01,[ 11:25 ],0,412
686,2014-05-01,[ 11:26 ],0,490
687,2014-05-01,[ 11:27 ],0,480
688,2014-05-01,[ 11:28 ],0,479
689,2014-05-01,[ 11:29 ],0,471
690,2014-05-01,[ 11:30 ],0,460
691,2014-05-01,[ 11:31 ],0,471
692,2014-05-01,[ 11:32 ],0,475
693,2014-05-01,[ 11:33 ],0,478
694,2014-05-01,[ 11:34 ],0,474
695,2014-05-01,[ 11:35 ],0,481
696,2014-05-01,[ 11:36 ],0,471
697,2014-05-01,[ 11:37 ],0,483
698,2014-05-01,[ 11:38 ],0,470
699,2014-05-01,[ 11:39 ],0,478
700,2014-05-01,[ 11:40 ],0,479
701,2014-05-01,[ 11:41 ],0,472
702,2014-05-01,[ 11:42 ],0,509
703,2014-05-01,[ 11:43 ],0,518
704,2014-05-01,[ 11:44 ],0,519
705,2014-05-01,[ 11:45 ],0,507
706,2014-05-01,[ 11:46 ],0,478
707,2014-05-01,[ 11:47 ],0,474
708,2014-05-01,[ 11:48 ],0,481
709,2014-05-01,[ 11:49 ],0,2570
710,2014-05-01,[ 11:50 ],0,2653
711,2014-05-01,[ 11:51 ],0,2628
712,2014-05-01,[ 11:52 ],0,2551
713,2014-05-01,[ 11:53 ],0,507
714,2014-05-01,[ 11:54 ],0,478
715,2014-05-01,[ 11:55 ],0,473
716,2014-05-01,[ 11:56 ],0,479
717,2014-05-01,[ 11:57 ],0,470
718,2014-05-01,[ 11:58 ],0,470
719,2014-05-01,[ 11:59 ],0,344
720,2014-05-01,[ 12:00 ],0,342
721,2014-05-01,[ 12:01 ],0,342
722,2014-05-01,[ 12:02 ],0,351
723,2014-05-01,[ 12:03 ],0,351
724,2014-05-01,[ 12:04 ],0,452
725,2014-05-01,[ 12:05 ],0,438
726,2014-05-01,[ 12:06 ],0,452
727,2014-05-01,[ 12:07 ],0,424
728,2014-05-01,[ 12:08 ],0,393
729,2014-05-01,[ 12:09 ],0,328
730,2014-05-01,[ 12:10 ],0,318
731,2014-05-01,[ 12:11 ],0,317
732,2014-05-01,[ 12:12 ],0,331
733,2014-05-01,[ 12:13 ],0,327
734,2014-05-01,[ 12:14 ],0,332
735,2014-05-01,[ 12:15 ],0,319
736,2014-05-01,[ 12:16 ],0,328
737,2014-05-01,[ 12:17 ],0,315
738,2014-05-01,[ 12:18 ],0,326
739,2014-05-01,[ 12:19 ],0,327
740,2014-05-01,[ 12:20 ],0,347
741,2014-05-01,[ 12:21 ],0,359
742,2014-05-01,[ 12:22 ],0,458
743,2014-05-01,[ 12:23 ],0,458
744,2014-05-01,[ 12:24 ],0,370
745,2014-05-01,[ 12:25 ],0,375
746,2014-05-01,[ 12:26 ],0,366
747,2014-05-01,[ 12:27 ],0,369
748,2014-05-01,[ 12:28 ],0,355
749,2014-05-01,[ 12:29 ],0,2788
750,2014-05-01,[ 12:30 ],0,2776
751,2014-05-01,[ 12:31 ],0,2788
752,2014-05-01,[ 12:32 ],0,361
753,2014-05-01,[ 12:33 ],0,363
754,2014-05-01,[ 12:34 ],0,406
755,2014-05-01,[ 12:35 ],0,402
756,2014-05-01,[ 12:36 ],0,291
757,2014-05-01,[ 12:37 ],0,359
758,2014-05-01,[ 12:38 ],0,429
759,2014-05-01,[ 12:39 ],0,426
760,2014-05-01,[ 12:40 ],0,530
761,2014-05-01,[ 12:41 ],0,556
762,2014-05-01,[ 12:42 ],0,492
763,2014-05-01,[ 12:43 ],0,514
764,2014-05-01,[ 12:44 ],0,531
765,2014-05-01,[ 12:45 ],0,565
766,2014-05-01,[ 12:46 ],0,508
767,2014-05-01,[ 12:47 ],0,515
768,2014-05-01,[ 12:48 ],0,492
769,2014-05-01,[ 12:49 ],0,515
770,2014-05-01,[ 12:50 ],0,511
771,2014-05-01,[ 12:51 ],0,506
772,2014-05-01,[ 12:52 ],0,502
773,2014-05-01,[ 12:53 ],0,554
774,2014-05-01,[ 12:54 ],0,476
775,2014-05-01,[ 12:55 ],0,525
776,2014-05-01,[ 12:56 ],0,509
777,2014-05-01,[ 12:57 ],0,561
778,2014-05-01,[ 12:58 ],0,561
779,2014-05-01,[ 12:59 ],0,2085
780,2014-05-01,[ 13:00 ],0,2085
781,2014-05-01,[ 13:01 ],0,3870
782,2014-05-01,[ 13:02 ],0,2046
783,2014-05-01,[ 13:03 ],0,2027
784,2014-05-01,[ 13:04 ],0,487
785,2014-05-01,[ 13:05 ],0,486
786,2014-05-01,[ 13:06 ],0,504
787,2014-05-01,[ 13:07 ],0,525
788,2014-05-01,[ 13:08 ],0,573
789,2014-05-01,[ 13:09 ],0,502
790,2014-05-01,[ 13:10 ],0,517
791,2014-05-01,[ 13:11 ],0,510
792,2014-05-01,[ 13:12 ],0,496
793,2014-05-01,[ 13:13 ],0,443
794,2014-05-01,[ 13:14 ],0,370
795,2014-05-01,[ 13:15 ],0,374
796,2014-05-01,[ 13:16 ],0,370
797,2014-05-01,[ 13:17 ],0,376
798,2014-05-01,[ 13:18 ],0,386
799,2014-05-01,[ 13:19 ],0,382
800,2014-05-01,[ 13:20 ],0,381
801,2014-05-01,[ 13:21 ],0,377
802,2014-05-01,[ 13:22 ],0,387
803,2014-05-01,[ 13:23 ],0,389
804,2014-05-01,[ 13:24 ],0,397
805,2014-05-01,[ 13:25 ],0,354
806,2014-05-01,[ 13:26 ],0,434
807,2014-05-01,[ 13:27 ],0,405
808,2014-05-01,[ 13:28 ],0,405
809,2014-05-01,[ 13:29 ],0,336
810,2014-05-01,[ 13:30 ],0,341
811,2014-05-01,[ 13:31 ],0,308
812,2014-05-01,[ 13:32 ],0,320
813,2014-05-01,[ 13:33 ],0,321
814,2014-05-01,[ 13:34 ],0,322
815,2014-05-01,[ 13:35 ],0,322
816,2014-05-01,[ 13:36 ],0,319
817,2014-05-01,[ 13:37 ],0,319
818,2014-05-01,[ 13:38 ],0,320
819,2014-05-01,[ 13:39 ],0,317
820,2014-05-01,[ 13:40 ],0,309
821,2014-05-01,[ 13:41 ],0,306
822,2014-05-01,[ 13:42 ],0,318
823,2014-05-01,[ 13:43 ],0,322
824,2014-05-01,[ 13:44 ],0,310
825,2014-05-01,[ 13:45 ],0,312
826,2014-05-01,[ 13:46 ],0,298
827,2014-05-01,[ 13:47 ],0,315
828,2014-05-01,[ 13:48 ],0,315
829,2014-05-01,[ 13:49 ],0,308
830,2014-05-01,[ 13:50 ],0,298
831,2014-05-01,[ 13:51 ],0,308
832,2014-05-01,[ 13:52 ],0,300
833,2014-05-01,[ 13:53 ],0,312
834,2014-05-01,[ 13:54 ],0,310
835,2014-05-01,[ 13:55 ],0,301
836,2014-05-01,[ 13:56 ],0,426
837,2014-05-01,[ 13:57 ],0,409
838,2014-05-01,[ 13:58 ],0,410
839,2014-05-01,[ 13:59 ],0,409
840,2014-05-01,[ 14:00 ],0,380
841,2014-05-01,[ 14:01 ],0,381
842,2014-05-01,[ 14:02 ],0,386
843,2014-05-01,[ 14:03 ],0,370
844,2014-05-01,[ 14:04 ],0,374
845,2014-05-01,[ 14:05 ],0,377
846,2014-05-01,[ 14:06 ],0,383
847,2014-05-01,[ 14:07 ],0,377
848,2014-05-01,[ 14:08 ],0,378
849,2014-05-01,[ 14:09 ],0,378
850,2014-05-01,[ 14:10 ],0,394
851,2014-05-01,[ 14:11 ],0,371
852,2014-05-01,[ 14:12 ],0,380
853,2014-05-01,[ 14:13 ],0,364
854,2014-05-01,[ 14:14 ],0,371
855,2014-05-01,[ 14:15 ],0,380
856,2014-05-01,[ 14:16 ],0,371
857,2014-05-01,[ 14:17 ],0,406
858,2014-05-01,[ 14:18 ],0,3106
859,2014-05-01,[ 14:19 ],0,3104
860,2014-05-01,[ 14:20 ],0,580
861,2014-05-01,[ 14:21 ],0,546
862,2014-05-01,[ 14:22 ],0,619
863,2014-05-01,[ 14:23 ],0,621
864,2014-05-01,[ 14:24 ],0,634
865,2014-05-01,[ 14:25 ],0,530
866,2014-05-01,[ 14:26 ],0,546
867,2014-05-01,[ 14:27 ],0,540
868,2014-05-01,[ 14:28 ],0,415
869,2014-05-01,[ 14:29 ],0,400
870,2014-05-01,[ 14:30 ],0,425
871,2014-05-01,[ 14:31 ],0,429
872,2014-05-01,[ 14:32 ],0,433
873,2014-05-01,[ 14:33 ],0,427
874,2014-05-01,[ 14:34 ],0,438
875,2014-05-01,[ 14:35 ],0,438
876,2014-05-01,[ 14:36 ],0,437
877,2014-05-01,[ 14:37 ],0,425
878,2014-05-01,[ 14:38 ],0,437
879,2014-05-01,[ 14:39 ],0,432
880,2014-05-01,[ 14:40 ],0,427
881,2014-05-01,[ 14:41 ],0,433
882,2014-05-01,[ 14:42 ],0,400
883,2014-05-01,[ 14:43 ],0,394
884,2014-05-01,[ 14:44 ],0,394
885,2014-05-01,[ 14:45 ],0,393
886,2014-05-01,[ 14:46 ],0,388
887,2014-05-01,[ 14:47 ],0,404
888,2014-05-01,[ 14:48 ],0,409
889,2014-05-01,[ 14:49 ],0,409
890,2014-05-01,[ 14:50 ],0,421
891,2014-05-01,[ 14:51 ],0,425
892,2014-05-01,[ 14:52 ],0,406
893,2014-05-01,[ 14:53 ],0,403
894,2014-05-01,[ 14:54 ],0,394
895,2014-05-01,[ 14:55 ],0,420
896,2014-05-01,[ 14:56 ],0,440
897,2014-05-01,[ 14:57 ],0,441
898,2014-05-01,[ 14:58 ],0,441
899,2014-05-01,[ 14:59 ],0,438
900,2014-05-01,[ 15:00 ],0,340
901,2014-05-01,[ 15:01 ],0,335
902,2014-05-01,[ 15:02 ],0,339
903,2014-05-01,[ 15:03 ],0,347
904,2014-05-01,[ 15:04 ],0,353
905,2014-05-01,[ 15:05 ],0,341
906,2014-05-01,[ 15:06 ],0,348
907,2014-05-01,[ 15:07 ],0,356
908,2014-05-01,[ 15:08 ],0,422
909,2014-05-01,[ 15:09 ],0,421
910,2014-05-01,[ 15:10 ],0,410
911,2014-05-01,[ 15:11 ],0,429
912,2014-05-01,[ 15:12 ],0,425
913,2014-05-01,[ 15:13 ],0,418
914,2014-05-01,[ 15:14 ],0,409
915,2014-05-01,[ 15:15 ],0,412
916,2014-05-01,[ 15:16 ],0,412
917,2014-05-01,[ 15:17 ],0,411
918,2014-05-01,[ 15:18 ],0,412
919,2014-05-01,[ 15:19 ],0,375
920,2014-05-01,[ 15:20 ],0,378
921,2014-05-01,[ 15:21 ],0,304
922,2014-05-01,[ 15:22 ],0,321
923,2014-05-01,[ 15:23 ],0,317
924,2014-05-01,[ 15:24 ],0,313
925,2014-05-01,[ 15:25 ],0,316
926,2014-05-01,[ 15:26 ],0,320
927,2014-05-01,[ 15:27 ],0,328
928,2014-05-01,[ 15:28 ],0,328
929,2014-05-01,[ 15:29 ],0,301
930,2014-05-01,[ 15:30 ],0,371
931,2014-05-01,[ 15:31 ],0,378
932,2014-05-01,[ 15:32 ],0,420
933,2014-05-01,[ 15:33 ],0,423
934,2014-05-01,[ 15:34 ],0,409
935,2014-05-01,[ 15:35 ],0,410
936,2014-05-01,[ 15:36 ],0,410
937,2014-05-01,[ 15:37 ],0,388
938,2014-05-01,[ 15:38 ],0,377
939,2014-05-01,[ 15:39 ],0,372
940,2014-05-01,[ 15:40 ],0,367
941,2014-05-01,[ 15:41 ],0,370
942,2014-05-01,[ 15:42 ],0,369
943,2014-05-01,[ 15:43 ],0,368
944,2014-05-01,[ 15:44 ],0,369
945,2014-05-01,[ 15:45 ],0,405
946,2014-05-01,[ 15:46 ],0,410
947,2014-05-01,[ 15:47 ],0,409
948,2014-05-01,[ 15:48 ],0,410
949,2014-05-01,[ 15:49 ],0,410
950,2014-05-01,[ 15:50 ],0,424
951,2014-05-01,[ 15:51 ],0,415
952,2014-05-01,[ 15:52 ],0,423
953,2014-05-01,[ 15:53 ],0,406
954,2014-05-01,[ 15:54 ],0,416
955,2014-05-01,[ 15:55 ],0,403
956,2014-05-01,[ 15:56 ],0,406
957,2014-05-01,[ 15:57 ],0,415
958,2014-05-01,[ 15:58 ],0,335
959,2014-05-01,[ 15:59 ],0,335
960,2014-05-01,[ 16:00 ],0,332
961,2014-05-01,[ 16:01 ],0,286
962,2014-05-01,[ 16:02 ],0,285
963,2014-05-01,[ 16:03 ],0,256
964,2014-05-01,[ 16:04 ],0,252
965,2014-05-01,[ 16:05 ],0,252
966,2014-05-01,[ 16:06 ],0,251
967,2014-05-01,[ 16:07 ],0,254
968,2014-05-01,[ 16:08 ],0,252
969,2014-05-01,[ 16:09 ],0,253
970,2014-05-01,[ 16:10 ],0,252
971,2014-05-01,[ 16:11 ],0,252
972,2014-05-01,[ 16:12 ],0,385
973,2014-05-01,[ 16:13 ],0,2807
974,2014-05-01,[ 16:14 ],0,2845
975,2014-05-01,[ 16:15 ],0,2845
976,2014-05-01,[ 16:16 ],0,351
977,2014-05-01,[ 16:17 ],0,359
978,2014-05-01,[ 16:18 ],0,2829
979,2014-05-01,[ 16:19 ],0,2752
980,2014-05-01,[ 16:20 ],0,371
981,2014-05-01,[ 16:21 ],0,378
982,2014-05-01,[ 16:22 ],0,378
983,2014-05-01,[ 16:23 ],0,372
984,2014-05-01,[ 16:24 ],0,356
985,2014-05-01,[ 16:25 ],0,354
986,2014-05-01,[ 16:26 ],0,366
987,2014-05-01,[ 16:27 ],0,342
988,2014-05-01,[ 16:28 ],0,346
989,2014-05-01,[ 16:29 ],0,359
990,2014-05-01,[ 16:30 ],0,366
991,2014-05-01,[ 16:31 ],0,366
992,2014-05-01,[ 16:32 ],0,350
993,2014-05-01,[ 16:33 ],0,464
994,2014-05-01,[ 16:34 ],0,3195
995,2014-05-01,[ 16:35 ],0,3170
996,2014-05-01,[ 16:36 ],0,3054
997,2014-05-01,[ 16:37 ],0,563
998,2014-05-01,[ 16:38 ],0,520
999,2014-05-01,[ 16:39 ],0,518
1000,2014-05-01,[ 16:40 ],0,522
1001,2014-05-01,[ 16:41 ],0,519
1002,2014-05-01,[ 16:42 ],0,526
1003,2014-05-01,[ 16:43 ],0,521
1004,2014-05-01,[ 16:44 ],0,525
1005,2014-05-01,[ 16:45 ],0,525
1006,2014-05-01,[ 16:46 ],0,308
1007,2014-05-01,[ 16:47 ],0,302
1008,2014-05-01,[ 16:48 ],0,309
1009,2014-05-01,[ 16:49 ],0,302
1010,2014-05-01,[ 16:50 ],0,302
1011,2014-05-01,[ 16:51 ],0,310
1012,2014-05-01,[ 16:52 ],0,302
1013,2014-05-01,[ 16:53 ],0,307
1014,2014-05-01,[ 16:54 ],0,304
1015,2014-05-01,[ 16:55 ],0,317
1016,2014-05-01,[ 16:56 ],0,308
1017,2014-05-01,[ 16:57 ],0,316
1018,2014-05-01,[ 16:58 ],0,435
1019,2014-05-01,[ 16:59 ],0,367
1020,2014-05-01,[ 17:00 ],0,365
1021,2014-05-01,[ 17:01 ],0,370
1022,2014-05-01,[ 17:02 ],0,372
1023,2014-05-01,[ 17:03 ],0,371
1024,2014-05-01,[ 17:04 ],0,356
1025,2014-05-01,[ 17:05 ],0,334
1026,2014-05-01,[ 17:06 ],0,355
1027,2014-05-01,[ 17:07 ],0,355
1028,2014-05-01,[ 17:08 ],0,339
1029,2014-05-01,[ 17:09 ],0,451
1030,2014-05-01,[ 17:10 ],0,429
1031,2014-05-01,[ 17:11 ],0,439
1032,2014-05-01,[ 17:12 ],0,450
1033,2014-05-01,[ 17:13 ],0,413
1034,2014-05-01,[ 17:14 ],0,423
1035,2014-05-01,[ 17:15 ],0,404
1036,2014-05-01,[ 17:16 ],0,378
1037,2014-05-01,[ 17:17 ],0,478
1038,2014-05-01,[ 17:18 ],0,423
1039,2014-05-01,[ 17:19 ],0,404
1040,2014-05-01,[ 17:20 ],0,369
1041,2014-05-01,[ 17:21 ],0,374
1042,2014-05-01,[ 17:22 ],0,368
1043,2014-05-01,[ 17:23 ],0,331
1044,2014-05-01,[ 17:24 ],0,324
1045,2014-05-01,[ 17:25 ],0,322
1046,2014-05-01,[ 17:26 ],0,322
1047,2014-05-01,[ 17:27 ],0,327
1048,2014-05-01,[ 17:28 ],0,335
1049,2014-05-01,[ 17:29 ],0,346
1050,2014-05-01,[ 17:30 ],0,364
1051,2014-05-01,[ 17:31 ],0,344
1052,2014-05-01,[ 17:32 ],0,346
1053,2014-05-01,[ 17:33 ],0,337
1054,2014-05-01,[ 17:34 ],0,335
1055,2014-05-01,[ 17:35 ],0,332
1056,2014-05-01,[ 17:36 ],0,320
1057,2014-05-01,[ 17:37 ],0,339
1058,2014-05-01,[ 17:38 ],0,345
1059,2014-05-01,[ 17:39 ],0,1977
1060,2014-05-01,[ 17:40 ],0,1951
1061,2014-05-01,[ 17:41 ],0,1918
1062,2014-05-01,[ 17:42 ],0,1948
1063,2014-05-01,[ 17:43 ],0,327
1064,2014-05-01,[ 17:44 ],0,332
1065,2014-05-01,[ 17:45 ],0,332
1066,2014-05-01,[ 17:46 ],0,323
1067,2014-05-01,[ 17:47 ],0,323
1068,2014-05-01,[ 17:48 ],0,335
1069,2014-05-01,[ 17:49 ],0,320
1070,2014-05-01,[ 17:50 ],0,371
1071,2014-05-01,[ 17:51 ],0,317
1072,2014-05-01,[ 17:52 ],0,344
1073,2014-05-01,[ 17:53 ],0,336
1074,2014-05-01,[ 17:54 ],0,1968
1075,2014-05-01,[ 17:55 ],0,2023
1076,2014-05-01,[ 17:56 ],0,331
1077,2014-05-01,[ 17:57 ],0,339
1078,2014-05-01,[ 17:58 ],0,336
1079,2014-05-01,[ 17:59 ],0,348
1080,2014-05-01,[ 18:00 ],0,342
1081,2014-05-01,[ 18:01 ],0,341
1082,2014-05-01,[ 18:02 ],0,343
1083,2014-05-01,[ 18:03 ],0,346
1084,2014-05-01,[ 18:04 ],0,346
1085,2014-05-01,[ 18:05 ],0,339
1086,2014-05-01,[ 18:06 ],0,341
1087,2014-05-01,[ 18:07 ],0,341
1088,2014-05-01,[ 18:08 ],0,240
1089,2014-05-01,[ 18:09 ],0,240
1090,2014-05-01,[ 18:10 ],0,241
1091,2014-05-01,[ 18:11 ],0,240
1092,2014-05-01,[ 18:12 ],0,238
1093,2014-05-01,[ 18:13 ],0,240
1094,2014-05-01,[ 18:14 ],0,240
1095,2014-05-01,[ 18:15 ],0,241
1096,2014-05-01,[ 18:16 ],0,242
1097,2014-05-01,[ 18:17 ],0,237
1098,2014-05-01,[ 18:18 ],0,236
1099,2014-05-01,[ 18:19 ],0,234
1100,2014-05-01,[ 18:20 ],0,235
1101,2014-05-01,[ 18:21 ],0,277
1102,2014-05-01,[ 18:22 ],0,278
1103,2014-05-01,[ 18:23 ],0,277
1104,2014-05-01,[ 18:24 ],0,232
1105,2014-05-01,[ 18:25 ],0,231
1106,2014-05-01,[ 18:26 ],0,234
1107,2014-05-01,[ 18:27 ],0,232
1108,2014-05-01,[ 18:28 ],0,229
1109,2014-05-01,[ 18:29 ],0,276
1110,2014-05-01,[ 18:30 ],0,292
1111,2014-05-01,[ 18:31 ],0,376
1112,2014-05-01,[ 18:32 ],0,369
1113,2014-05-01,[ 18:33 ],0,357
1114,2014-05-01,[ 18:34 ],0,425
1115,2014-05-01,[ 18:35 ],0,436
1116,2014-05-01,[ 18:36 ],0,448
1117,2014-05-01,[ 18:37 ],0,377
1118,2014-05-01,[ 18:38 ],0,361
1119,2014-05-01,[ 18:39 ],0,383
1120,2014-05-01,[ 18:40 ],0,343
1121,2014-05-01,[ 18:41 ],0,345
1122,2014-05-01,[ 18:42 ],0,350
1123,2014-05-01,[ 18:43 ],0,344
1124,2014-05-01,[ 18:44 ],0,333
1125,2014-05-01,[ 18:45 ],0,348
1126,2014-05-01,[ 18:46 ],0,337
1127,2014-05-01,[ 18:47 ],0,346
1128,2014-05-01,[ 18:48 ],0,340
1129,2014-05-01,[ 18:49 ],0,339
1130,2014-05-01,[ 18:50 ],0,341
1131,2014-05-01,[ 18:51 ],0,340
1132,2014-05-01,[ 18:52 ],0,335
1133,2014-05-01,[ 18:53 ],0,410
1134,2014-05-01,[ 18:54 ],0,422
1135,2014-05-01,[ 18:55 ],0,393
1136,2014-05-01,[ 18:56 ],0,413
1137,2014-05-01,[ 18:57 ],0,402
1138,2014-05-01,[ 18:58 ],0,436
1139,2014-05-01,[ 18:59 ],0,598
1140,2014-05-01,[ 19:00 ],0,589
1141,2014-05-01,[ 19:01 ],0,638
1142,2014-05-01,[ 19:02 ],0,732
1143,2014-05-01,[ 19:03 ],0,710
1144,2014-05-01,[ 19:04 ],0,716
1145,2014-05-01,[ 19:05 ],0,688
1146,2014-05-01,[ 19:06 ],0,679
1147,2014-05-01,[ 19:07 ],0,702
1148,2014-05-01,[ 19:08 ],0,705
1149,2014-05-01,[ 19:09 ],0,695
1150,2014-05-01,[ 19:10 ],0,690
1151,2014-05-01,[ 19:11 ],0,691
1152,2014-05-01,[ 19:12 ],0,716
1153,2014-05-01,[ 19:13 ],0,712
1154,2014-05-01,[ 19:14 ],0,705
1155,2014-05-01,[ 19:15 ],0,756
1156,2014-05-01,[ 19:16 ],0,754
1157,2014-05-01,[ 19:17 ],0,797
1158,2014-05-01,[ 19:18 ],0,772
1159,2014-05-01,[ 19:19 ],0,735
1160,2014-05-01,[ 19:20 ],0,739
1161,2014-05-01,[ 19:21 ],0,732
1162,2014-05-01,[ 19:22 ],0,752
1163,2014-05-01,[ 19:23 ],0,748
1164,2014-05-01,[ 19:24 ],0,727
1165,2014-05-01,[ 19:25 ],0,700
1166,2014-05-01,[ 19:26 ],0,717
1167,2014-05-01,[ 19:27 ],0,715
1168,2014-05-01,[ 19:28 ],0,715
1169,2014-05-01,[ 19:29 ],0,729
1170,2014-05-01,[ 19:30 ],0,701
1171,2014-05-01,[ 19:31 ],0,695
1172,2014-05-01,[ 19:32 ],0,698
1173,2014-05-01,[ 19:33 ],0,710
1174,2014-05-01,[ 19:34 ],0,719
1175,2014-05-01,[ 19:35 ],0,675
1176,2014-05-01,[ 19:36 ],0,666
1177,2014-05-01,[ 19:37 ],0,682
1178,2014-05-01,[ 19:38 ],0,683
1179,2014-05-01,[ 19:39 ],0,695
1180,2014-05-01,[ 19:40 ],0,694
1181,2014-05-01,[ 19:41 ],0,697
1182,2014-05-01,[ 19:42 ],0,696
1183,2014-05-01,[ 19:43 ],0,696
1184,2014-05-01,[ 19:44 ],0,690
1185,2014-05-01,[ 19:45 ],0,683
1186,2014-05-01,[ 19:46 ],0,690
1187,2014-05-01,[ 19:47 ],0,682
1188,2014-05-01,[ 19:48 ],0,683
1189,2014-05-01,[ 19:49 ],0,682
1190,2014-05-01,[ 19:50 ],0,689
1191,2014-05-01,[ 19:51 ],0,716
1192,2014-05-01,[ 19:52 ],0,728
1193,2014-05-01,[ 19:53 ],0,709
1194,2014-05-01,[ 19:54 ],0,662
1195,2014-05-01,[ 19:55 ],0,689
1196,2014-05-01,[ 19:56 ],0,679
1197,2014-05-01,[ 19:57 ],0,665
1198,2014-05-01,[ 19:58 ],0,719
1199,2014-05-01,[ 19:59 ],0,736
1200,2014-05-01,[ 20:00 ],0,738
1201,2014-05-01,[ 20:01 ],0,738
1202,2014-05-01,[ 20:02 ],0,727
1203,2014-05-01,[ 20:03 ],0,732
1204,2014-05-01,[ 20:04 ],0,736
1205,2014-05-01,[ 20:05 ],0,727
1206,2014-05-01,[ 20:06 ],0,731
1207,2014-05-01,[ 20:07 ],0,657
1208,2014-05-01,[ 20:08 ],0,603
1209,2014-05-01,[ 20:09 ],0,568
1210,2014-05-01,[ 20:10 ],0,548
1211,2014-05-01,[ 20:11 ],0,504
1212,2014-05-01,[ 20:12 ],0,504
1213,2014-05-01,[ 20:13 ],0,452
1214,2014-05-01,[ 20:14 ],0,449
1215,2014-05-01,[ 20:15 ],0,446
1216,2014-05-01,[ 20:16 ],0,449
1217,2014-05-01,[ 20:17 ],0,445
1218,2014-05-01,[ 20:18 ],0,445
1219,2014-05-01,[ 20:19 ],0,447
1220,2014-05-01,[ 20:20 ],0,450
1221,2014-05-01,[ 20:21 ],0,455
1222,2014-05-01,[ 20:22 ],0,456
1223,2014-05-01,[ 20:23 ],0,451
1224,2014-05-01,[ 20:24 ],0,443
1225,2014-05-01,[ 20:25 ],0,451
1226,2014-05-01,[ 20:26 ],0,437
1227,2014-05-01,[ 20:27 ],0,451
1228,2014-05-01,[ 20:28 ],0,453
1229,2014-05-01,[ 20:29 ],0,457
1230,2014-05-01,[ 20:30 ],0,455
1231,2014-05-01,[ 20:31 ],0,446
1232,2014-05-01,[ 20:32 ],0,446
1233,2014-05-01,[ 20:33 ],0,453
1234,2014-05-01,[ 20:34 ],0,444
1235,2014-05-01,[ 20:35 ],0,444
1236,2014-05-01,[ 20:36 ],0,430
1237,2014-05-01,[ 20:37 ],0,429
1238,2014-05-01,[ 20:38 ],0,417
1239,2014-05-01,[ 20:39 ],0,416
1240,2014-05-01,[ 20:40 ],0,412
1241,2014-05-01,[ 20:41 ],0,421
1242,2014-05-01,[ 20:42 ],0,420
1243,2014-05-01,[ 20:43 ],0,510
1244,2014-05-01,[ 20:44 ],0,500
1245,2014-05-01,[ 20:45 ],0,502
1246,2014-05-01,[ 20:46 ],0,523
1247,2014-05-01,[ 20:47 ],0,614
1248,2014-05-01,[ 20:48 ],0,570
1249,2014-05-01,[ 20:49 ],0,516
1250,2014-05-01,[ 20:50 ],0,518
1251,2014-05-01,[ 20:51 ],0,548
1252,2014-05-01,[ 20:52 ],0,548
1253,2014-05-01,[ 20:53 ],0,543
1254,2014-05-01,[ 20:54 ],0,540
1255,2014-05-01,[ 20:55 ],0,507
1256,2014-05-01,[ 20:56 ],0,533
1257,2014-05-01,[ 20:57 ],0,532
1258,2014-05-01,[ 20:58 ],0,542
1259,2014-05-01,[ 20:59 ],0,543
1260,2014-05-01,[ 21:00 ],0,514
1261,2014-05-01,[ 21:01 ],0,508
1262,2014-05-01,[ 21:02 ],0,521
1263,2014-05-01,[ 21:03 ],0,508
1264,2014-05-01,[ 21:04 ],0,507
1265,2014-05-01,[ 21:05 ],0,492
1266,2014-05-01,[ 21:06 ],0,514
1267,2014-05-01,[ 21:07 ],0,510
1268,2014-05-01,[ 21:08 ],0,509
1269,2014-05-01,[ 21:09 ],0,511
1270,2014-05-01,[ 21:10 ],0,517
1271,2014-05-01,[ 21:11 ],0,549
1272,2014-05-01,[ 21:12 ],0,601
1273,2014-05-01,[ 21:13 ],0,624
1274,2014-05-01,[ 21:14 ],0,622
1275,2014-05-01,[ 21:15 ],0,698
1276,2014-05-01,[ 21:16 ],0,698
1277,2014-05-01,[ 21:17 ],0,645
1278,2014-05-01,[ 21:18 ],0,611
1279,2014-05-01,[ 21:19 ],0,600
1280,2014-05-01,[ 21:20 ],0,523
1281,2014-05-01,[ 21:21 ],0,523
1282,2014-05-01,[ 21:22 ],0,522
1283,2014-05-01,[ 21:23 ],0,612
1284,2014-05-01,[ 21:24 ],0,689
1285,2014-05-01,[ 21:25 ],0,682
1286,2014-05-01,[ 21:26 ],0,570
1287,2014-05-01,[ 21:27 ],0,557
1288,2014-05-01,[ 21:28 ],0,576
1289,2014-05-01,[ 21:29 ],0,586
1290,2014-05-01,[ 21:30 ],0,579
1291,2014-05-01,[ 21:31 ],0,566
1292,2014-05-01,[ 21:32 ],0,557
1293,2014-05-01,[ 21:33 ],0,564
1294,2014-05-01,[ 21:34 ],0,551
1295,2014-05-01,[ 21:35 ],0,468
1296,2014-05-01,[ 21:36 ],0,462
1297,2014-05-01,[ 21:37 ],0,462
1298,2014-05-01,[ 21:38 ],0,450
1299,2014-05-01,[ 21:39 ],0,246
1300,2014-05-01,[ 21:40 ],0,276
1301,2014-05-01,[ 21:41 ],0,282
1302,2014-05-01,[ 21:42 ],0,282
1303,2014-05-01,[ 21:43 ],0,257
1304,2014-05-01,[ 21:44 ],0,284
1305,2014-05-01,[ 21:45 ],0,297
1306,2014-05-01,[ 21:46 ],0,238
1307,2014-05-01,[ 21:47 ],0,242
1308,2014-05-01,[ 21:48 ],0,242
1309,2014-05-01,[ 21:49 ],0,240
1310,2014-05-01,[ 21:50 ],0,243
1311,2014-05-01,[ 21:51 ],0,243
1312,2014-05-01,[ 21:52 ],0,243
1313,2014-05-01,[ 21:53 ],0,243
1314,2014-05-01,[ 21:54 ],0,240
1315,2014-05-01,[ 21:55 ],0,191
1316,2014-05-01,[ 21:56 ],0,193
1317,2014-05-01,[ 21:57 ],0,195
1318,2014-05-01,[ 21:58 ],0,202
1319,2014-05-01,[ 21:59 ],0,284
1320,2014-05-01,[ 22:00 ],0,266
1321,2014-05-01,[ 22:01 ],0,262
1322,2014-05-01,[ 22:02 ],0,262
1323,2014-05-01,[ 22:03 ],0,261
1324,2014-05-01,[ 22:04 ],0,258
1325,2014-05-01,[ 22:05 ],0,260
1326,2014-05-01,[ 22:06 ],0,256
1327,2014-05-01,[ 22:07 ],0,257
1328,2014-05-01,[ 22:08 ],0,256
1329,2014-05-01,[ 22:09 ],0,256
1330,2014-05-01,[ 22:10 ],0,256
1331,2014-05-01,[ 22:11 ],0,192
1332,2014-05-01,[ 22:12 ],0,193
1333,2014-05-01,[ 22:13 ],0,191
1334,2014-05-01,[ 22:14 ],0,191
1335,2014-05-01,[ 22:15 ],0,192
1336,2014-05-01,[ 22:16 ],0,194
1337,2014-05-01,[ 22:17 ],0,194
1338,2014-05-01,[ 22:18 ],0,193
1339,2014-05-01,[ 22:19 ],0,195
1340,2014-05-01,[ 22:20 ],0,195
1341,2014-05-01,[ 22:21 ],0,195
1342,2014-05-01,[ 22:22 ],0,187
1343,2014-05-01,[ 22:23 ],0,185
1344,2014-05-01,[ 22:24 ],0,185
1345,2014-05-01,[ 22:25 ],0,247
1346,2014-05-01,[ 22:26 ],0,245
1347,2014-05-01,[ 22:27 ],0,247
1348,2014-05-01,[ 22:28 ],0,247
1349,2014-05-01,[ 22:29 ],0,250
1350,2014-05-01,[ 22:30 ],0,250
1351,2014-05-01,[ 22:31 ],0,250
1352,2014-05-01,[ 22:32 ],0,245
1353,2014-05-01,[ 22:33 ],0,248
1354,2014-05-01,[ 22:34 ],0,246
1355,2014-05-01,[ 22:35 ],0,245
1356,2014-05-01,[ 22:36 ],0,243
1357,2014-05-01,[ 22:37 ],0,245
1358,2014-05-01,[ 22:38 ],0,246
1359,2014-05-01,[ 22:39 ],0,241
1360,2014-05-01,[ 22:40 ],0,242
1361,2014-05-01,[ 22:41 ],0,241
1362,2014-05-01,[ 22:42 ],0,245
1363,2014-05-01,[ 22:43 ],0,245
1364,2014-05-01,[ 22:44 ],0,245
1365,2014-05-01,[ 22:45 ],0,247
1366,2014-05-01,[ 22:46 ],0,246
1367,2014-05-01,[ 22:47 ],0,245
1368,2014-05-01,[ 22:48 ],0,243
1369,2014-05-01,[ 22:49 ],0,240
1370,2014-05-01,[ 22:50 ],0,239
1371,2014-05-01,[ 22:51 ],0,238
1372,2014-05-01,[ 22:52 ],0,235
1373,2014-05-01,[ 22:53 ],0,232
1374,2014-05-01,[ 22:54 ],0,176
1375,2014-05-01,[ 22:55 ],0,178
1376,2014-05-01,[ 22:56 ],0,178
1377,2014-05-01,[ 22:57 ],0,177
1378,2014-05-01,[ 22:58 ],0,175
1379,2014-05-01,[ 22:59 ],0,175
1380,2014-05-01,[ 23:00 ],0,178
1381,2014-05-01,[ 23:01 ],0,178
1382,2014-05-01,[ 23:02 ],0,178
1383,2014-05-01,[ 23:03 ],0,178
1384,2014-05-01,[ 23:04 ],0,178
1385,2014-05-01,[ 23:05 ],0,178
1386,2014-05-01,[ 23:06 ],0,177
1387,2014-05-01,[ 23:07 ],0,175
1388,2014-05-01,[ 23:08 ],0,174
1389,2014-05-01,[ 23:09 ],0,175
1390,2014-05-01,[ 23:10 ],0,174
1391,2014-05-01,[ 23:11 ],0,173
1392,2014-05-01,[ 23:12 ],0,175
1393,2014-05-01,[ 23:13 ],0,173
1394,2014-05-01,[ 23:14 ],0,176
1395,2014-05-01,[ 23:15 ],0,173
1396,2014-05-01,[ 23:16 ],0,173
1397,2014-05-01,[ 23:17 ],0,174
1398,2014-05-01,[ 23:18 ],0,174
1399,2014-05-01,[ 23:19 ],0,174
1400,2014-05-01,[ 23:20 ],0,174
1401,2014-05-01,[ 23:21 ],0,173
1402,2014-05-01,[ 23:22 ],0,171
1403,2014-05-01,[ 23:23 ],0,171
1404,2014-05-01,[ 23:24 ],0,171
1405,2014-05-01,[ 23:25 ],0,171
1406,2014-05-01,[ 23:26 ],0,171
1407,2014-05-01,[ 23:27 ],0,172
1408,2014-05-01,[ 23:28 ],0,172
1409,2014-05-01,[ 23:29 ],0,170
1410,2014-05-01,[ 23:30 ],0,171
1411,2014-05-01,[ 23:31 ],0,173
1412,2014-05-01,[ 23:32 ],0,171
1413,2014-05-01,[ 23:33 ],0,176
1414,2014-05-01,[ 23:34 ],0,206
1415,2014-05-01,[ 23:35 ],0,286
1416,2014-05-01,[ 23:36 ],0,283
1417,2014-05-01,[ 23:37 ],0,280
1418,2014-05-01,[ 23:38 ],0,280
1419,2014-05-01,[ 23:39 ],0,281
1420,2014-05-01,[ 23:40 ],0,276
1421,2014-05-01,[ 23:41 ],0,275
1422,2014-05-01,[ 23:42 ],0,275
1423,2014-05-01,[ 23:43 ],0,273
1424,2014-05-01,[ 23:44 ],0,274
1425,2014-05-01,[ 23:45 ],0,274
1426,2014-05-01,[ 23:46 ],0,270
1427,2014-05-01,[ 23:47 ],0,265
1428,2014-05-01,[ 23:48 ],0,207
1429,2014-05-01,[ 23:49 ],0,207
1430,2014-05-01,[ 23:50 ],0,205
1431,2014-05-01,[ 23:51 ],0,207
1432,2014-05-01,[ 23:52 ],0,206
1433,2014-05-01,[ 23:53 ],0,204
1434,2014-05-01,[ 23:54 ],0,170
1435,2014-05-01,[ 23:55 ],0,171
1436,2014-05-01,[ 23:56 ],0,171
1437,2014-05-01,[ 23:57 ],0,170
1438,2014-05-01,[ 23:58 ],0,171
1439,2014-05-01,[ 23:59 ],0,169
1440,2014-05-02,[ 00:00 ],0,171
1441,2014-05-02,[ 00:01 ],0,171
1442,2014-05-02,[ 00:02 ],0,171
1443,2014-05-02,[ 00:03 ],0,170
1444,2014-05-02,[ 00:04 ],0,172
1445,2014-05-02,[ 00:05 ],0,231
1446,2014-05-02,[ 00:06 ],0,234
1447,2014-05-02,[ 00:07 ],0,228
1448,2014-05-02,[ 00:08 ],0,232
1449,2014-05-02,[ 00:09 ],0,232
1450,2014-05-02,[ 00:10 ],0,234
1451,2014-05-02,[ 00:11 ],0,234
1452,2014-05-02,[ 00:12 ],0,235
1453,2014-05-02,[ 00:13 ],0,228
1454,2014-05-02,[ 00:14 ],0,231
1455,2014-05-02,[ 00:15 ],0,232
1456,2014-05-02,[ 00:16 ],0,228
1457,2014-05-02,[ 00:17 ],0,228
1458,2014-05-02,[ 00:18 ],0,232
1459,2014-05-02,[ 00:19 ],0,228
1460,2014-05-02,[ 00:20 ],0,231
1461,2014-05-02,[ 00:21 ],0,231
1462,2014-05-02,[ 00:22 ],0,231
1463,2014-05-02,[ 00:23 ],0,231
1464,2014-05-02,[ 00:24 ],0,231
1465,2014-05-02,[ 00:25 ],0,232
1466,2014-05-02,[ 00:26 ],0,235
1467,2014-05-02,[ 00:27 ],0,234
1468,2014-05-02,[ 00:28 ],0,228
1469,2014-05-02,[ 00:29 ],0,231
1470,2014-05-02,[ 00:30 ],0,228
1471,2014-05-02,[ 00:31 ],0,227
1472,2014-05-02,[ 00:32 ],0,227
1473,2014-05-02,[ 00:33 ],0,227
1474,2014-05-02,[ 00:34 ],0,171
1475,2014-05-02,[ 00:35 ],0,171
1476,2014-05-02,[ 00:36 ],0,170
1477,2014-05-02,[ 00:37 ],0,169
1478,2014-05-02,[ 00:38 ],0,170
1479,2014-05-02,[ 00:39 ],0,171
1480,2014-05-02,[ 00:40 ],0,169
1481,2014-05-02,[ 00:41 ],0,168
1482,2014-05-02,[ 00:42 ],0,169
1483,2014-05-02,[ 00:43 ],0,171
1484,2014-05-02,[ 00:44 ],0,171
1485,2014-05-02,[ 00:45 ],0,171
1486,2014-05-02,[ 00:46 ],0,171
1487,2014-05-02,[ 00:47 ],0,171
1488,2014-05-02,[ 00:48 ],0,171
1489,2014-05-02,[ 00:49 ],0,171
1490,2014-05-02,[ 00:50 ],0,171
1491,2014-05-02,[ 00:51 ],0,170
1492,2014-05-02,[ 00:52 ],0,171
1493,2014-05-02,[ 00:53 ],0,171
1494,2014-05-02,[ 00:54 ],0,171
1495,2014-05-02,[ 00:55 ],0,171
1496,2014-05-02,[ 00:56 ],0,171
1497,2014-05-02,[ 00:57 ],0,170
1498,2014-05-02,[ 00:58 ],0,171
1499,2014-05-02,[ 00:59 ],0,171
1500,2014-05-02,[ 01:00 ],0,171
1501,2014-05-02,[ 01:01 ],0,171
1502,2014-05-02,[ 01:02 ],0,172
1503,2014-05-02,[ 01:03 ],0,172
1504,2014-05-02,[ 01:04 ],0,172
1505,2014-05-02,[ 01:05 ],0,172
1506,2014-05-02,[ 01:06 ],0,171
1507,2014-05-02,[ 01:07 ],0,171
1508,2014-05-02,[ 01:08 ],0,171
1509,2014-05-02,[ 01:09 ],0,171
1510,2014-05-02,[ 01:10 ],0,169
1511,2014-05-02,[ 01:11 ],0,171
1512,2014-05-02,[ 01:12 ],0,171
1513,2014-05-02,[ 01:13 ],0,171
1514,2014-05-02,[ 01:14 ],0,171
1515,2014-05-02,[ 01:15 ],0,171
1516,2014-05-02,[ 01:16 ],0,171
1517,2014-05-02,[ 01:17 ],0,241
1518,2014-05-02,[ 01:18 ],0,235
1519,2014-05-02,[ 01:19 ],0,232
1520,2014-05-02,[ 01:20 ],0,232
1521,2014-05-02,[ 01:21 ],0,234
1522,2014-05-02,[ 01:22 ],0,231
1523,2014-05-02,[ 01:23 ],0,229
1524,2014-05-02,[ 01:24 ],0,231
1525,2014-05-02,[ 01:25 ],0,227
1526,2014-05-02,[ 01:26 ],0,225
1527,2014-05-02,[ 01:27 ],0,229
1528,2014-05-02,[ 01:28 ],0,228
1529,2014-05-02,[ 01:29 ],0,171
1530,2014-05-02,[ 01:30 ],0,171
1531,2014-05-02,[ 01:31 ],0,171
1532,2014-05-02,[ 01:32 ],0,169
1533,2014-05-02,[ 01:33 ],0,169
1534,2014-05-02,[ 01:34 ],0,171
1535,2014-05-02,[ 01:35 ],0,171
1536,2014-05-02,[ 01:36 ],0,171
1537,2014-05-02,[ 01:37 ],0,170
1538,2014-05-02,[ 01:38 ],0,171
1539,2014-05-02,[ 01:39 ],0,171
1540,2014-05-02,[ 01:40 ],0,170
1541,2014-05-02,[ 01:41 ],0,171
1542,2014-05-02,[ 01:42 ],0,171
1543,2014-05-02,[ 01:43 ],0,171
1544,2014-05-02,[ 01:44 ],0,171
1545,2014-05-02,[ 01:45 ],0,171
1546,2014-05-02,[ 01:46 ],0,173
1547,2014-05-02,[ 01:47 ],0,171
1548,2014-05-02,[ 01:48 ],0,170
1549,2014-05-02,[ 01:49 ],0,237
1550,2014-05-02,[ 01:50 ],0,237
1551,2014-05-02,[ 01:51 ],0,228
1552,2014-05-02,[ 01:52 ],0,232
1553,2014-05-02,[ 01:53 ],0,232
1554,2014-05-02,[ 01:54 ],0,238
1555,2014-05-02,[ 01:55 ],0,238
1556,2014-05-02,[ 01:56 ],0,232
1557,2014-05-02,[ 01:57 ],0,234
1558,2014-05-02,[ 01:58 ],0,232
1559,2014-05-02,[ 01:59 ],0,234
1560,2014-05-02,[ 02:00 ],0,234
1561,2014-05-02,[ 02:01 ],0,234
1562,2014-05-02,[ 02:02 ],0,235
1563,2014-05-02,[ 02:03 ],0,235
1564,2014-05-02,[ 02:04 ],0,235
1565,2014-05-02,[ 02:05 ],0,235
1566,2014-05-02,[ 02:06 ],0,231
1567,2014-05-02,[ 02:07 ],0,228
1568,2014-05-02,[ 02:08 ],0,231
1569,2014-05-02,[ 02:09 ],0,235
1570,2014-05-02,[ 02:10 ],0,234
1571,2014-05-02,[ 02:11 ],0,232
1572,2014-05-02,[ 02:12 ],0,229
1573,2014-05-02,[ 02:13 ],0,229
1574,2014-05-02,[ 02:14 ],0,226
1575,2014-05-02,[ 02:15 ],0,227
1576,2014-05-02,[ 02:16 ],0,226
1577,2014-05-02,[ 02:17 ],0,228
1578,2014-05-02,[ 02:18 ],0,171
1579,2014-05-02,[ 02:19 ],0,170
1580,2014-05-02,[ 02:20 ],0,170
1581,2014-05-02,[ 02:21 ],0,171
1582,2014-05-02,[ 02:22 ],0,171
1583,2014-05-02,[ 02:23 ],0,171
1584,2014-05-02,[ 02:24 ],0,171
1585,2014-05-02,[ 02:25 ],0,171
1586,2014-05-02,[ 02:26 ],0,171
1587,2014-05-02,[ 02:27 ],0,171
1588,2014-05-02,[ 02:28 ],0,170
1589,2014-05-02,[ 02:29 ],0,171
1590,2014-05-02,[ 02:30 ],0,171
1591,2014-05-02,[ 02:31 ],0,169
1592,2014-05-02,[ 02:32 ],0,171
1593,2014-05-02,[ 02:33 ],0,171
1594,2014-05-02,[ 02:34 ],0,171
1595,2014-05-02,[ 02:35 ],0,171
1596,2014-05-02,[ 02:36 ],0,170
1597,2014-05-02,[ 02:37 ],0,170
1598,2014-05-02,[ 02:38 ],0,171
1599,2014-05-02,[ 02:39 ],0,174
1600,2014-05-02,[ 02:40 ],0,177
1601,2014-05-02,[ 02:41 ],0,176
1602,2014-05-02,[ 02:42 ],0,174
1603,2014-05-02,[ 02:43 ],0,175
1604,2014-05-02,[ 02:44 ],0,174
1605,2014-05-02,[ 02:45 ],0,175
1606,2014-05-02,[ 02:46 ],0,174
1607,2014-05-02,[ 02:47 ],0,175
1608,2014-05-02,[ 02:48 ],0,175
1609,2014-05-02,[ 02:49 ],0,174
1610,2014-05-02,[ 02:50 ],0,204
1611,2014-05-02,[ 02:51 ],0,206
1612,2014-05-02,[ 02:52 ],0,205
1613,2014-05-02,[ 02:53 ],0,208
1614,2014-05-02,[ 02:54 ],0,208
1615,2014-05-02,[ 02:55 ],0,205
1616,2014-05-02,[ 02:56 ],0,206
1617,2014-05-02,[ 02:57 ],0,207
1618,2014-05-02,[ 02:58 ],0,207
1619,2014-05-02,[ 02:59 ],0,206
1620,2014-05-02,[ 03:00 ],0,207
1621,2014-05-02,[ 03:01 ],0,211
1622,2014-05-02,[ 03:02 ],0,292
1623,2014-05-02,[ 03:03 ],0,283
1624,2014-05-02,[ 03:04 ],0,281
1625,2014-05-02,[ 03:05 ],0,280
1626,2014-05-02,[ 03:06 ],0,276
1627,2014-05-02,[ 03:07 ],0,275
1628,2014-05-02,[ 03:08 ],0,293
1629,2014-05-02,[ 03:09 ],0,287
1630,2014-05-02,[ 03:10 ],0,287
1631,2014-05-02,[ 03:11 ],0,286
1632,2014-05-02,[ 03:12 ],0,288
1633,2014-05-02,[ 03:13 ],0,287
1634,2014-05-02,[ 03:14 ],0,202
1635,2014-05-02,[ 03:15 ],0,202
1636,2014-05-02,[ 03:16 ],0,203
1637,2014-05-02,[ 03:17 ],0,205
1638,2014-05-02,[ 03:18 ],0,203
1639,2014-05-02,[ 03:19 ],0,207
1640,2014-05-02,[ 03:20 ],0,201
1641,2014-05-02,[ 03:21 ],0,203
1642,2014-05-02,[ 03:22 ],0,205
1643,2014-05-02,[ 03:23 ],0,208
1644,2014-05-02,[ 03:24 ],0,208
1645,2014-05-02,[ 03:25 ],0,205
1646,2014-05-02,[ 03:26 ],0,203
1647,2014-05-02,[ 03:27 ],0,206
1648,2014-05-02,[ 03:28 ],0,171
1649,2014-05-02,[ 03:29 ],0,171
1650,2014-05-02,[ 03:30 ],0,170
1651,2014-05-02,[ 03:31 ],0,169
1652,2014-05-02,[ 03:32 ],0,170
1653,2014-05-02,[ 03:33 ],0,172
1654,2014-05-02,[ 03:34 ],0,171
1655,2014-05-02,[ 03:35 ],0,171
1656,2014-05-02,[ 03:36 ],0,171
1657,2014-05-02,[ 03:37 ],0,238
1658,2014-05-02,[ 03:38 ],0,234
1659,2014-05-02,[ 03:39 ],0,226
1660,2014-05-02,[ 03:40 ],0,231
1661,2014-05-02,[ 03:41 ],0,231
1662,2014-05-02,[ 03:42 ],0,234
1663,2014-05-02,[ 03:43 ],0,232
1664,2014-05-02,[ 03:44 ],0,234
1665,2014-05-02,[ 03:45 ],0,232
1666,2014-05-02,[ 03:46 ],0,229
1667,2014-05-02,[ 03:47 ],0,229
1668,2014-05-02,[ 03:48 ],0,227
1669,2014-05-02,[ 03:49 ],0,229
1670,2014-05-02,[ 03:50 ],0,228
1671,2014-05-02,[ 03:51 ],0,228
1672,2014-05-02,[ 03:52 ],0,227
1673,2014-05-02,[ 03:53 ],0,227
1674,2014-05-02,[ 03:54 ],0,228
1675,2014-05-02,[ 03:55 ],0,229
1676,2014-05-02,[ 03:56 ],0,232
1677,2014-05-02,[ 03:57 ],0,235
1678,2014-05-02,[ 03:58 ],0,229
1679,2014-05-02,[ 03:59 ],0,229
1680,2014-05-02,[ 04:00 ],0,227
1681,2014-05-02,[ 04:01 ],0,227
1682,2014-05-02,[ 04:02 ],0,227
1683,2014-05-02,[ 04:03 ],0,229
1684,2014-05-02,[ 04:04 ],0,226
1685,2014-05-02,[ 04:05 ],0,226
1686,2014-05-02,[ 04:06 ],0,169
1687,2014-05-02,[ 04:07 ],0,170
1688,2014-05-02,[ 04:08 ],0,171
1689,2014-05-02,[ 04:09 ],0,170
1690,2014-05-02,[ 04:10 ],0,171
1691,2014-05-02,[ 04:11 ],0,171
1692,2014-05-02,[ 04:12 ],0,169
1693,2014-05-02,[ 04:13 ],0,169
1694,2014-05-02,[ 04:14 ],0,169
1695,2014-05-02,[ 04:15 ],0,170
1696,2014-05-02,[ 04:16 ],0,169
1697,2014-05-02,[ 04:17 ],0,170
1698,2014-05-02,[ 04:18 ],0,169
1699,2014-05-02,[ 04:19 ],0,168
1700,2014-05-02,[ 04:20 ],0,170
1701,2014-05-02,[ 04:21 ],0,168
1702,2014-05-02,[ 04:22 ],0,170
1703,2014-05-02,[ 04:23 ],0,170
1704,2014-05-02,[ 04:24 ],0,169
1705,2014-05-02,[ 04:25 ],0,168
1706,2014-05-02,[ 04:26 ],0,168
1707,2014-05-02,[ 04:27 ],0,168
1708,2014-05-02,[ 04:28 ],0,168
1709,2014-05-02,[ 04:29 ],0,170
1710,2014-05-02,[ 04:30 ],0,169
1711,2014-05-02,[ 04:31 ],0,170
1712,2014-05-02,[ 04:32 ],0,169
1713,2014-05-02,[ 04:33 ],0,168
1714,2014-05-02,[ 04:34 ],0,171
1715,2014-05-02,[ 04:35 ],0,171
1716,2014-05-02,[ 04:36 ],0,167
1717,2014-05-02,[ 04:37 ],0,167
1718,2014-05-02,[ 04:38 ],0,169
1719,2014-05-02,[ 04:39 ],0,168
1720,2014-05-02,[ 04:40 ],0,168
1721,2014-05-02,[ 04:41 ],0,169
1722,2014-05-02,[ 04:42 ],0,170
1723,2014-05-02,[ 04:43 ],0,169
1724,2014-05-02,[ 04:44 ],0,169
1725,2014-05-02,[ 04:45 ],0,171
1726,2014-05-02,[ 04:46 ],0,170
1727,2014-05-02,[ 04:47 ],0,170
1728,2014-05-02,[ 04:48 ],0,170
1729,2014-05-02,[ 04:49 ],0,168
1730,2014-05-02,[ 04:50 ],0,170
1731,2014-05-02,[ 04:51 ],0,248
1732,2014-05-02,[ 04:52 ],0,234
1733,2014-05-02,[ 04:53 ],0,226
1734,2014-05-02,[ 04:54 ],0,231
1735,2014-05-02,[ 04:55 ],0,227
1736,2014-05-02,[ 04:56 ],0,226
1737,2014-05-02,[ 04:57 ],0,228
1738,2014-05-02,[ 04:58 ],0,227
1739,2014-05-02,[ 04:59 ],0,227
1740,2014-05-02,[ 05:00 ],0,228
1741,2014-05-02,[ 05:01 ],0,228
1742,2014-05-02,[ 05:02 ],0,226
1743,2014-05-02,[ 05:03 ],0,171
1744,2014-05-02,[ 05:04 ],0,171
1745,2014-05-02,[ 05:05 ],0,170
1746,2014-05-02,[ 05:06 ],0,168
1747,2014-05-02,[ 05:07 ],0,169
1748,2014-05-02,[ 05:08 ],0,169
1749,2014-05-02,[ 05:09 ],0,171
1750,2014-05-02,[ 05:10 ],0,171
1751,2014-05-02,[ 05:11 ],0,170
1752,2014-05-02,[ 05:12 ],0,168
1753,2014-05-02,[ 05:13 ],0,169
1754,2014-05-02,[ 05:14 ],0,168
1755,2014-05-02,[ 05:15 ],0,169
1756,2014-05-02,[ 05:16 ],0,168
1757,2014-05-02,[ 05:17 ],0,171
1758,2014-05-02,[ 05:18 ],0,170
1759,2014-05-02,[ 05:19 ],0,170
1760,2014-05-02,[ 05:20 ],0,171
1761,2014-05-02,[ 05:21 ],0,171
1762,2014-05-02,[ 05:22 ],0,169
1763,2014-05-02,[ 05:23 ],0,170
1764,2014-05-02,[ 05:24 ],0,168
1765,2014-05-02,[ 05:25 ],0,170
1766,2014-05-02,[ 05:26 ],0,168
1767,2014-05-02,[ 05:27 ],0,237
1768,2014-05-02,[ 05:28 ],0,234
1769,2014-05-02,[ 05:29 ],0,226
1770,2014-05-02,[ 05:30 ],0,226
1771,2014-05-02,[ 05:31 ],0,232
1772,2014-05-02,[ 05:32 ],0,231
1773,2014-05-02,[ 05:33 ],0,232
1774,2014-05-02,[ 05:34 ],0,232
1775,2014-05-02,[ 05:35 ],0,229
1776,2014-05-02,[ 05:36 ],0,229
1777,2014-05-02,[ 05:37 ],0,229
1778,2014-05-02,[ 05:38 ],0,229
1779,2014-05-02,[ 05:39 ],0,232
1780,2014-05-02,[ 05:40 ],0,228
1781,2014-05-02,[ 05:41 ],0,231
1782,2014-05-02,[ 05:42 ],0,231
1783,2014-05-02,[ 05:43 ],0,231
1784,2014-05-02,[ 05:44 ],0,229
1785,2014-05-02,[ 05:45 ],0,228
1786,2014-05-02,[ 05:46 ],0,231
1787,2014-05-02,[ 05:47 ],0,231
1788,2014-05-02,[ 05:48 ],0,232
1789,2014-05-02,[ 05:49 ],0,231
1790,2014-05-02,[ 05:50 ],0,228
1791,2014-05-02,[ 05:51 ],0,227
1792,2014-05-02,[ 05:52 ],0,227
1793,2014-05-02,[ 05:53 ],0,225
1794,2014-05-02,[ 05:54 ],0,224
1795,2014-05-02,[ 05:55 ],0,226
1796,2014-05-02,[ 05:56 ],0,225
1797,2014-05-02,[ 05:57 ],0,167
1798,2014-05-02,[ 05:58 ],0,172
1799,2014-05-02,[ 05:59 ],0,172
1800,2014-05-02,[ 06:00 ],0,172
1801,2014-05-02,[ 06:01 ],0,170
1802,2014-05-02,[ 06:02 ],0,189
1803,2014-05-02,[ 06:03 ],0,187
1804,2014-05-02,[ 06:04 ],0,187
1805,2014-05-02,[ 06:05 ],0,186
1806,2014-05-02,[ 06:06 ],0,183
1807,2014-05-02,[ 06:07 ],0,186
1808,2014-05-02,[ 06:08 ],0,218
1809,2014-05-02,[ 06:09 ],0,221
1810,2014-05-02,[ 06:10 ],0,214
1811,2014-05-02,[ 06:11 ],0,253
1812,2014-05-02,[ 06:12 ],0,276
1813,2014-05-02,[ 06:13 ],0,270
1814,2014-05-02,[ 06:14 ],0,272
1815,2014-05-02,[ 06:15 ],0,271
1816,2014-05-02,[ 06:16 ],0,278
1817,2014-05-02,[ 06:17 ],0,283
1818,2014-05-02,[ 06:18 ],0,276
1819,2014-05-02,[ 06:19 ],0,245
1820,2014-05-02,[ 06:20 ],0,183
1821,2014-05-02,[ 06:21 ],0,181
1822,2014-05-02,[ 06:22 ],0,181
1823,2014-05-02,[ 06:23 ],0,184
1824,2014-05-02,[ 06:24 ],0,182
1825,2014-05-02,[ 06:25 ],0,185
1826,2014-05-02,[ 06:26 ],0,184
1827,2014-05-02,[ 06:27 ],0,184
1828,2014-05-02,[ 06:28 ],0,183
1829,2014-05-02,[ 06:29 ],0,185
1830,2014-05-02,[ 06:30 ],0,183
1831,2014-05-02,[ 06:31 ],0,182
1832,2014-05-02,[ 06:32 ],0,183
1833,2014-05-02,[ 06:33 ],0,183
1834,2014-05-02,[ 06:34 ],0,183
1835,2014-05-02,[ 06:35 ],0,332
1836,2014-05-02,[ 06:36 ],0,328
1837,2014-05-02,[ 06:37 ],0,308
1838,2014-05-02,[ 06:38 ],0,304
1839,2014-05-02,[ 06:39 ],0,319
1840,2014-05-02,[ 06:40 ],0,306
1841,2014-05-02,[ 06:41 ],0,381
1842,2014-05-02,[ 06:42 ],0,386
1843,2014-05-02,[ 06:43 ],0,365
1844,2014-05-02,[ 06:44 ],0,375
1845,2014-05-02,[ 06:45 ],0,398
1846,2014-05-02,[ 06:46 ],0,391
1847,2014-05-02,[ 06:47 ],0,390
1848,2014-05-02,[ 06:48 ],0,387
1849,2014-05-02,[ 06:49 ],0,387
1850,2014-05-02,[ 06:50 ],0,389
1851,2014-05-02,[ 06:51 ],0,385
1852,2014-05-02,[ 06:52 ],0,376
1853,2014-05-02,[ 06:53 ],0,309
1854,2014-05-02,[ 06:54 ],0,305
1855,2014-05-02,[ 06:55 ],0,305
1856,2014-05-02,[ 06:56 ],0,306
1857,2014-05-02,[ 06:57 ],0,312
1858,2014-05-02,[ 06:58 ],0,308
1859,2014-05-02,[ 06:59 ],0,372
1860,2014-05-02,[ 07:00 ],0,377
1861,2014-05-02,[ 07:01 ],0,374
1862,2014-05-02,[ 07:02 ],0,374
1863,2014-05-02,[ 07:03 ],0,379
1864,2014-05-02,[ 07:04 ],0,374
1865,2014-05-02,[ 07:05 ],0,381
1866,2014-05-02,[ 07:06 ],0,452
1867,2014-05-02,[ 07:07 ],0,433
1868,2014-05-02,[ 07:08 ],0,430
1869,2014-05-02,[ 07:09 ],0,444
1870,2014-05-02,[ 07:10 ],0,437
1871,2014-05-02,[ 07:11 ],0,440
1872,2014-05-02,[ 07:12 ],0,445
1873,2014-05-02,[ 07:13 ],0,435
1874,2014-05-02,[ 07:14 ],0,438
1875,2014-05-02,[ 07:15 ],0,444
1876,2014-05-02,[ 07:16 ],0,432
1877,2014-05-02,[ 07:17 ],0,430
1878,2014-05-02,[ 07:18 ],0,420
1879,2014-05-02,[ 07:19 ],0,420
1880,2014-05-02,[ 07:20 ],0,407
1881,2014-05-02,[ 07:21 ],0,394
1882,2014-05-02,[ 07:22 ],0,402
1883,2014-05-02,[ 07:23 ],0,368
1884,2014-05-02,[ 07:24 ],0,371
1885,2014-05-02,[ 07:25 ],0,369
1886,2014-05-02,[ 07:26 ],0,371
1887,2014-05-02,[ 07:27 ],0,378
1888,2014-05-02,[ 07:28 ],0,371
1889,2014-05-02,[ 07:29 ],0,369
1890,2014-05-02,[ 07:30 ],0,368
1891,2014-05-02,[ 07:31 ],0,364
1892,2014-05-02,[ 07:32 ],0,2781
1893,2014-05-02,[ 07:33 ],0,2781
1894,2014-05-02,[ 07:34 ],0,2680
1895,2014-05-02,[ 07:35 ],0,312
1896,2014-05-02,[ 07:36 ],0,310
1897,2014-05-02,[ 07:37 ],0,310
1898,2014-05-02,[ 07:38 ],0,513
1899,2014-05-02,[ 07:39 ],0,519
1900,2014-05-02,[ 07:40 ],0,522
1901,2014-05-02,[ 07:41 ],0,522
1902,2014-05-02,[ 07:42 ],0,520
1903,2014-05-02,[ 07:43 ],0,526
1904,2014-05-02,[ 07:44 ],0,513
1905,2014-05-02,[ 07:45 ],0,387
1906,2014-05-02,[ 07:46 ],0,386
1907,2014-05-02,[ 07:47 ],0,383
1908,2014-05-02,[ 07:48 ],0,389
1909,2014-05-02,[ 07:49 ],0,389
1910,2014-05-02,[ 07:50 ],0,389
1911,2014-05-02,[ 07:51 ],0,385
1912,2014-05-02,[ 07:52 ],0,472
1913,2014-05-02,[ 07:53 ],0,2756
1914,2014-05-02,[ 07:54 ],0,316
1915,2014-05-02,[ 07:55 ],0,339
1916,2014-05-02,[ 07:56 ],0,326
1917,2014-05-02,[ 07:57 ],0,326
1918,2014-05-02,[ 07:58 ],0,318
1919,2014-05-02,[ 07:59 ],0,317
1920,2014-05-02,[ 08:00 ],0,317
1921,2014-05-02,[ 08:01 ],0,327
1922,2014-05-02,[ 08:02 ],0,320
1923,2014-05-02,[ 08:03 ],0,445
1924,2014-05-02,[ 08:04 ],0,256
1925,2014-05-02,[ 08:05 ],0,261
1926,2014-05-02,[ 08:06 ],0,271
1927,2014-05-02,[ 08:07 ],0,267
1928,2014-05-02,[ 08:08 ],0,270
1929,2014-05-02,[ 08:09 ],0,271
1930,2014-05-02,[ 08:10 ],0,269
1931,2014-05-02,[ 08:11 ],0,265
1932,2014-05-02,[ 08:12 ],0,259
1933,2014-05-02,[ 08:13 ],0,261
1934,2014-05-02,[ 08:14 ],0,258
1935,2014-05-02,[ 08:15 ],0,254
1936,2014-05-02,[ 08:16 ],0,253
1937,2014-05-02,[ 08:17 ],0,253
1938,2014-05-02,[ 08:18 ],0,250
1939,2014-05-02,[ 08:19 ],0,252
1940,2014-05-02,[ 08:20 ],0,250
1941,2014-05-02,[ 08:21 ],0,249
1942,2014-05-02,[ 08:22 ],0,249
1943,2014-05-02,[ 08:23 ],0,250
1944,2014-05-02,[ 08:24 ],0,249
1945,2014-05-02,[ 08:25 ],0,246
1946,2014-05-02,[ 08:26 ],0,248
1947,2014-05-02,[ 08:27 ],0,229
1948,2014-05-02,[ 08:28 ],0,231
1949,2014-05-02,[ 08:29 ],0,267
1950,2014-05-02,[ 08:30 ],0,270
1951,2014-05-02,[ 08:31 ],0,271
1952,2014-05-02,[ 08:32 ],0,271
1953,2014-05-02,[ 08:33 ],0,269
1954,2014-05-02,[ 08:34 ],0,223
1955,2014-05-02,[ 08:35 ],0,171
1956,2014-05-02,[ 08:36 ],0,171
1957,2014-05-02,[ 08:37 ],0,170
1958,2014-05-02,[ 08:38 ],0,170
1959,2014-05-02,[ 08:39 ],0,171
1960,2014-05-02,[ 08:40 ],0,171
1961,2014-05-02,[ 08:41 ],0,171
1962,2014-05-02,[ 08:42 ],0,171
1963,2014-05-02,[ 08:43 ],0,171
1964,2014-05-02,[ 08:44 ],0,171
1965,2014-05-02,[ 08:45 ],0,227
1966,2014-05-02,[ 08:46 ],0,226
1967,2014-05-02,[ 08:47 ],0,227
1968,2014-05-02,[ 08:48 ],0,860
1969,2014-05-02,[ 08:49 ],0,1807
1970,2014-05-02,[ 08:50 ],0,1834
1971,2014-05-02,[ 08:51 ],0,1487
1972,2014-05-02,[ 08:52 ],0,1487
1973,2014-05-02,[ 08:53 ],0,1690
1974,2014-05-02,[ 08:54 ],0,1491
1975,2014-05-02,[ 08:55 ],0,1476
1976,2014-05-02,[ 08:56 ],0,1473
1977,2014-05-02,[ 08:57 ],0,701
1978,2014-05-02,[ 08:58 ],0,275
1979,2014-05-02,[ 08:59 ],0,273
1980,2014-05-02,[ 09:00 ],0,285
1981,2014-05-02,[ 09:01 ],0,285
1982,2014-05-02,[ 09:02 ],0,283
1983,2014-05-02,[ 09:03 ],0,275
1984,2014-05-02,[ 09:04 ],0,289
1985,2014-05-02,[ 09:05 ],0,280
1986,2014-05-02,[ 09:06 ],0,1948
1987,2014-05-02,[ 09:07 ],0,1991
1988,2014-05-02,[ 09:08 ],0,1921
1989,2014-05-02,[ 09:09 ],0,275
1990,2014-05-02,[ 09:10 ],0,206
1991,2014-05-02,[ 09:11 ],0,173
1992,2014-05-02,[ 09:12 ],0,179
1993,2014-05-02,[ 09:13 ],0,183
1994,2014-05-02,[ 09:14 ],0,173
1995,2014-05-02,[ 09:15 ],0,173
1996,2014-05-02,[ 09:16 ],0,175
1997,2014-05-02,[ 09:17 ],0,171
1998,2014-05-02,[ 09:18 ],0,173
1999,2014-05-02,[ 09:19 ],0,175
2000,2014-05-02,[ 09:20 ],0,178
2001,2014-05-02,[ 09:21 ],0,1973
2002,2014-05-02,[ 09:22 ],0,205
2003,2014-05-02,[ 09:23 ],0,207
2004,2014-05-02,[ 09:24 ],0,206
2005,2014-05-02,[ 09:25 ],0,210
2006,2014-05-02,[ 09:26 ],0,212
2007,2014-05-02,[ 09:27 ],0,203
2008,2014-05-02,[ 09:28 ],0,203
2009,2014-05-02,[ 09:29 ],0,202
2010,2014-05-02,[ 09:30 ],0,204
2011,2014-05-02,[ 09:31 ],0,204
2012,2014-05-02,[ 09:32 ],0,203
2013,2014-05-02,[ 09:33 ],0,204
2014,2014-05-02,[ 09:34 ],0,202
2015,2014-05-02,[ 09:35 ],0,201
2016,2014-05-02,[ 09:36 ],0,202
2017,2014-05-02,[ 09:37 ],0,201
2018,2014-05-02,[ 09:38 ],0,201
2019,2014-05-02,[ 09:39 ],0,204
2020,2014-05-02,[ 09:40 ],0,199
2021,2014-05-02,[ 09:41 ],0,200
2022,2014-05-02,[ 09:42 ],0,203
2023,2014-05-02,[ 09:43 ],0,203
2024,2014-05-02,[ 09:44 ],0,204
2025,2014-05-02,[ 09:45 ],0,202
2026,2014-05-02,[ 09:46 ],0,201
2027,2014-05-02,[ 09:47 ],0,201
2028,2014-05-02,[ 09:48 ],0,204
2029,2014-05-02,[ 09:49 ],0,202
2030,2014-05-02,[ 09:50 ],0,280
2031,2014-05-02,[ 09:51 ],0,272
2032,2014-05-02,[ 09:52 ],0,275
2033,2014-05-02,[ 09:53 ],0,275
2034,2014-05-02,[ 09:54 ],0,273
2035,2014-05-02,[ 09:55 ],0,271
2036,2014-05-02,[ 09:56 ],0,274
2037,2014-05-02,[ 09:57 ],0,273
2038,2014-05-02,[ 09:58 ],0,272
2039,2014-05-02,[ 09:59 ],0,271
2040,2014-05-02,[ 10:00 ],0,273
2041,2014-05-02,[ 10:01 ],0,266
2042,2014-05-02,[ 10:02 ],0,206
2043,2014-05-02,[ 10:03 ],0,210
2044,2014-05-02,[ 10:04 ],0,207
2045,2014-05-02,[ 10:05 ],0,204
2046,2014-05-02,[ 10:06 ],0,205
2047,2014-05-02,[ 10:07 ],0,202
2048,2014-05-02,[ 10:08 ],0,203
2049,2014-05-02,[ 10:09 ],0,203
2050,2014-05-02,[ 10:10 ],0,203
2051,2014-05-02,[ 10:11 ],0,292
2052,2014-05-02,[ 10:12 ],0,272
2053,2014-05-02,[ 10:13 ],0,271
2054,2014-05-02,[ 10:14 ],0,271
2055,2014-05-02,[ 10:15 ],0,277
2056,2014-05-02,[ 10:16 ],0,274
2057,2014-05-02,[ 10:17 ],0,280
2058,2014-05-02,[ 10:18 ],0,278
2059,2014-05-02,[ 10:19 ],0,273
2060,2014-05-02,[ 10:20 ],0,235
2061,2014-05-02,[ 10:21 ],0,234
2062,2014-05-02,[ 10:22 ],0,235
2063,2014-05-02,[ 10:23 ],0,232
2064,2014-05-02,[ 10:24 ],0,231
2065,2014-05-02,[ 10:25 ],0,234
2066,2014-05-02,[ 10:26 ],0,234
2067,2014-05-02,[ 10:27 ],0,234
2068,2014-05-02,[ 10:28 ],0,274
2069,2014-05-02,[ 10:29 ],0,274
2070,2014-05-02,[ 10:30 ],0,272
2071,2014-05-02,[ 10:31 ],0,276
2072,2014-05-02,[ 10:32 ],0,277
2073,2014-05-02,[ 10:33 ],0,275
2074,2014-05-02,[ 10:34 ],0,272
2075,2014-05-02,[ 10:35 ],0,271
2076,2014-05-02,[ 10:36 ],0,271
2077,2014-05-02,[ 10:37 ],0,271
2078,2014-05-02,[ 10:38 ],0,201
2079,2014-05-02,[ 10:39 ],0,201
2080,2014-05-02,[ 10:40 ],0,202
2081,2014-05-02,[ 10:41 ],0,203
2082,2014-05-02,[ 10:42 ],0,171
2083,2014-05-02,[ 10:43 ],0,173
2084,2014-05-02,[ 10:44 ],0,173
2085,2014-05-02,[ 10:45 ],0,171
2086,2014-05-02,[ 10:46 ],0,171
2087,2014-05-02,[ 10:47 ],0,171
2088,2014-05-02,[ 10:48 ],0,171
2089,2014-05-02,[ 10:49 ],0,158
2090,2014-05-02,[ 10:50 ],0,159
2091,2014-05-02,[ 10:51 ],0,159
2092,2014-05-02,[ 10:52 ],0,159
2093,2014-05-02,[ 10:53 ],0,158
2094,2014-05-02,[ 10:54 ],0,160
2095,2014-05-02,[ 10:55 ],0,158
2096,2014-05-02,[ 10:56 ],0,159
2097,2014-05-02,[ 10:57 ],0,187
2098,2014-05-02,[ 10:58 ],0,186
2099,2014-05-02,[ 10:59 ],0,185
2100,2014-05-02,[ 11:00 ],0,188
2101,2014-05-02,[ 11:01 ],0,161
2102,2014-05-02,[ 11:02 ],0,161
2103,2014-05-02,[ 11:03 ],0,161
2104,2014-05-02,[ 11:04 ],0,162
2105,2014-05-02,[ 11:05 ],0,159
2106,2014-05-02,[ 11:06 ],0,158
2107,2014-05-02,[ 11:07 ],0,158
2108,2014-05-02,[ 11:08 ],0,157
2109,2014-05-02,[ 11:09 ],0,159
2110,2014-05-02,[ 11:10 ],0,158
2111,2014-05-02,[ 11:11 ],0,184
2112,2014-05-02,[ 11:12 ],0,185
2113,2014-05-02,[ 11:13 ],0,185
2114,2014-05-02,[ 11:14 ],0,186
2115,2014-05-02,[ 11:15 ],0,186
2116,2014-05-02,[ 11:16 ],0,186
2117,2014-05-02,[ 11:17 ],0,185
2118,2014-05-02,[ 11:18 ],0,187
2119,2014-05-02,[ 11:19 ],0,185
2120,2014-05-02,[ 11:20 ],0,185
2121,2014-05-02,[ 11:21 ],0,185
2122,2014-05-02,[ 11:22 ],0,267
2123,2014-05-02,[ 11:23 ],0,254
2124,2014-05-02,[ 11:24 ],0,256
2125,2014-05-02,[ 11:25 ],0,253
2126,2014-05-02,[ 11:26 ],0,252
2127,2014-05-02,[ 11:27 ],0,252
2128,2014-05-02,[ 11:28 ],0,253
2129,2014-05-02,[ 11:29 ],0,251
2130,2014-05-02,[ 11:30 ],0,250
2131,2014-05-02,[ 11:31 ],0,253
2132,2014-05-02,[ 11:32 ],0,253
2133,2014-05-02,[ 11:33 ],0,186
2134,2014-05-02,[ 11:34 ],0,185
2135,2014-05-02,[ 11:35 ],0,187
2136,2014-05-02,[ 11:36 ],0,185
2137,2014-05-02,[ 11:37 ],0,185
2138,2014-05-02,[ 11:38 ],0,185
2139,2014-05-02,[ 11:39 ],0,186
2140,2014-05-02,[ 11:40 ],0,185
2141,2014-05-02,[ 11:41 ],0,185
2142,2014-05-02,[ 11:42 ],0,186
2143,2014-05-02,[ 11:43 ],0,186
2144,2014-05-02,[ 11:44 ],0,185
2145,2014-05-02,[ 11:45 ],0,186
2146,2014-05-02,[ 11:46 ],0,187
2147,2014-05-02,[ 11:47 ],0,187
2148,2014-05-02,[ 11:48 ],0,185
2149,2014-05-02,[ 11:49 ],0,253
2150,2014-05-02,[ 11:50 ],0,214
2151,2014-05-02,[ 11:51 ],0,210
2152,2014-05-02,[ 11:52 ],0,215
2153,2014-05-02,[ 11:53 ],0,217
2154,2014-05-02,[ 11:54 ],0,219
2155,2014-05-02,[ 11:55 ],0,217
2156,2014-05-02,[ 11:56 ],0,215
2157,2014-05-02,[ 11:57 ],0,216
2158,2014-05-02,[ 11:58 ],0,214
2159,2014-05-02,[ 11:59 ],0,213
2160,2014-05-02,[ 12:00 ],0,221
2161,2014-05-02,[ 12:01 ],0,216
2162,2014-05-02,[ 12:02 ],0,217
2163,2014-05-02,[ 12:03 ],0,215
2164,2014-05-02,[ 12:04 ],0,216
2165,2014-05-02,[ 12:05 ],0,216
2166,2014-05-02,[ 12:06 ],0,214
2167,2014-05-02,[ 12:07 ],0,214
2168,2014-05-02,[ 12:08 ],0,213
2169,2014-05-02,[ 12:09 ],0,217
2170,2014-05-02,[ 12:10 ],0,213
2171,2014-05-02,[ 12:11 ],0,212
2172,2014-05-02,[ 12:12 ],0,210
2173,2014-05-02,[ 12:13 ],0,213
2174,2014-05-02,[ 12:14 ],0,210
2175,2014-05-02,[ 12:15 ],0,208
2176,2014-05-02,[ 12:16 ],0,206
2177,2014-05-02,[ 12:17 ],0,158
2178,2014-05-02,[ 12:18 ],0,184
2179,2014-05-02,[ 12:19 ],0,185
2180,2014-05-02,[ 12:20 ],0,185
2181,2014-05-02,[ 12:21 ],0,184
2182,2014-05-02,[ 12:22 ],0,185
2183,2014-05-02,[ 12:23 ],0,187
2184,2014-05-02,[ 12:24 ],0,185
2185,2014-05-02,[ 12:25 ],0,184
2186,2014-05-02,[ 12:26 ],0,185
2187,2014-05-02,[ 12:27 ],0,285
2188,2014-05-02,[ 12:28 ],0,2740
2189,2014-05-02,[ 12:29 ],0,2629
2190,2014-05-02,[ 12:30 ],0,2630
2191,2014-05-02,[ 12:31 ],0,2607
2192,2014-05-02,[ 12:32 ],0,2583
2193,2014-05-02,[ 12:33 ],0,289
2194,2014-05-02,[ 12:34 ],0,294
2195,2014-05-02,[ 12:35 ],0,284
2196,2014-05-02,[ 12:36 ],0,299
2197,2014-05-02,[ 12:37 ],0,295
2198,2014-05-02,[ 12:38 ],0,282
2199,2014-05-02,[ 12:39 ],0,295
2200,2014-05-02,[ 12:40 ],0,285
2201,2014-05-02,[ 12:41 ],0,286
2202,2014-05-02,[ 12:42 ],0,288
2203,2014-05-02,[ 12:43 ],0,304
2204,2014-05-02,[ 12:44 ],0,295
2205,2014-05-02,[ 12:45 ],0,288
2206,2014-05-02,[ 12:46 ],0,288
2207,2014-05-02,[ 12:47 ],0,284
2208,2014-05-02,[ 12:48 ],0,307
2209,2014-05-02,[ 12:49 ],0,298
2210,2014-05-02,[ 12:50 ],0,285
2211,2014-05-02,[ 12:51 ],0,284
2212,2014-05-02,[ 12:52 ],0,293
2213,2014-05-02,[ 12:53 ],0,293
2214,2014-05-02,[ 12:54 ],0,294
2215,2014-05-02,[ 12:55 ],0,294
2216,2014-05-02,[ 12:56 ],0,292
2217,2014-05-02,[ 12:57 ],0,288
2218,2014-05-02,[ 12:58 ],0,278
2219,2014-05-02,[ 12:59 ],0,301
2220,2014-05-02,[ 13:00 ],0,168
2221,2014-05-02,[ 13:01 ],0,238
2222,2014-05-02,[ 13:02 ],0,231
2223,2014-05-02,[ 13:03 ],0,261
2224,2014-05-02,[ 13:04 ],0,266
2225,2014-05-02,[ 13:05 ],0,266
2226,2014-05-02,[ 13:06 ],0,264
2227,2014-05-02,[ 13:07 ],0,216
2228,2014-05-02,[ 13:08 ],0,212
2229,2014-05-02,[ 13:09 ],0,211
2230,2014-05-02,[ 13:10 ],0,210
2231,2014-05-02,[ 13:11 ],0,214
2232,2014-05-02,[ 13:12 ],0,214
2233,2014-05-02,[ 13:13 ],0,213
2234,2014-05-02,[ 13:14 ],0,214
2235,2014-05-02,[ 13:15 ],0,217
2236,2014-05-02,[ 13:16 ],0,221
2237,2014-05-02,[ 13:17 ],0,216
2238,2014-05-02,[ 13:18 ],0,215
2239,2014-05-02,[ 13:19 ],0,253
2240,2014-05-02,[ 13:20 ],0,253
2241,2014-05-02,[ 13:21 ],0,251
2242,2014-05-02,[ 13:22 ],0,249
2243,2014-05-02,[ 13:23 ],0,212
2244,2014-05-02,[ 13:24 ],0,212
2245,2014-05-02,[ 13:25 ],0,213
2246,2014-05-02,[ 13:26 ],0,214
2247,2014-05-02,[ 13:27 ],0,215
2248,2014-05-02,[ 13:28 ],0,214
2249,2014-05-02,[ 13:29 ],0,216
2250,2014-05-02,[ 13:30 ],0,216
2251,2014-05-02,[ 13:31 ],0,215
2252,2014-05-02,[ 13:32 ],0,211
2253,2014-05-02,[ 13:33 ],0,211
2254,2014-05-02,[ 13:34 ],0,184
2255,2014-05-02,[ 13:35 ],0,186
2256,2014-05-02,[ 13:36 ],0,185
2257,2014-05-02,[ 13:37 ],0,185
2258,2014-05-02,[ 13:38 ],0,184
2259,2014-05-02,[ 13:39 ],0,185
2260,2014-05-02,[ 13:40 ],0,184
2261,2014-05-02,[ 13:41 ],0,185
2262,2014-05-02,[ 13:42 ],0,183
2263,2014-05-02,[ 13:43 ],0,183
2264,2014-05-02,[ 13:44 ],0,158
2265,2014-05-02,[ 13:45 ],0,159
2266,2014-05-02,[ 13:46 ],0,157
2267,2014-05-02,[ 13:47 ],0,156
2268,2014-05-02,[ 13:48 ],0,159
2269,2014-05-02,[ 13:49 ],0,158
2270,2014-05-02,[ 13:50 ],0,252
2271,2014-05-02,[ 13:51 ],0,2823
2272,2014-05-02,[ 13:52 ],0,2686
2273,2014-05-02,[ 13:53 ],0,300
2274,2014-05-02,[ 13:54 ],0,285
2275,2014-05-02,[ 13:55 ],0,283
2276,2014-05-02,[ 13:56 ],0,285
2277,2014-05-02,[ 13:57 ],0,267
2278,2014-05-02,[ 13:58 ],0,253
2279,2014-05-02,[ 13:59 ],0,264
2280,2014-05-02,[ 14:00 ],0,256
2281,2014-05-02,[ 14:01 ],0,252
2282,2014-05-02,[ 14:02 ],0,483
2283,2014-05-02,[ 14:03 ],0,926
2284,2014-05-02,[ 14:04 ],0,1228
2285,2014-05-02,[ 14:05 ],0,2591
2286,2014-05-02,[ 14:06 ],0,2684
2287,2014-05-02,[ 14:07 ],0,2882
2288,2014-05-02,[ 14:08 ],0,2742
2289,2014-05-02,[ 14:09 ],0,2777
2290,2014-05-02,[ 14:10 ],0,2758
2291,2014-05-02,[ 14:11 ],0,2845
2292,2014-05-02,[ 14:12 ],0,2747
2293,2014-05-02,[ 14:13 ],0,2781
2294,2014-05-02,[ 14:14 ],0,2768
2295,2014-05-02,[ 14:15 ],0,2782
2296,2014-05-02,[ 14:16 ],0,2946
2297,2014-05-02,[ 14:17 ],0,2894
2298,2014-05-02,[ 14:18 ],0,2893
2299,2014-05-02,[ 14:19 ],0,2893
2300,2014-05-02,[ 14:20 ],0,2813
2301,2014-05-02,[ 14:21 ],0,2930
2302,2014-05-02,[ 14:22 ],0,2555
2303,2014-05-02,[ 14:23 ],0,1483
2304,2014-05-02,[ 14:24 ],0,1208
2305,2014-05-02,[ 14:25 ],0,1248
2306,2014-05-02,[ 14:26 ],0,1100
2307,2014-05-02,[ 14:27 ],0,2579
2308,2014-05-02,[ 14:28 ],0,2739
2309,2014-05-02,[ 14:29 ],0,2622
2310,2014-05-02,[ 14:30 ],0,1343
2311,2014-05-02,[ 14:31 ],0,1101
2312,2014-05-02,[ 14:32 ],0,1271
2313,2014-05-02,[ 14:33 ],0,1475
2314,2014-05-02,[ 14:34 ],0,2655
2315,2014-05-02,[ 14:35 ],0,2655
2316,2014-05-02,[ 14:36 ],0,1264
2317,2014-05-02,[ 14:37 ],0,1251
2318,2014-05-02,[ 14:38 ],0,1413
2319,2014-05-02,[ 14:39 ],0,1432
2320,2014-05-02,[ 14:40 ],0,1370
2321,2014-05-02,[ 14:41 ],0,2801
2322,2014-05-02,[ 14:42 ],0,2321
2323,2014-05-02,[ 14:43 ],0,1556
2324,2014-05-02,[ 14:44 ],0,1392
2325,2014-05-02,[ 14:45 ],0,1277
2326,2014-05-02,[ 14:46 ],0,1349
2327,2014-05-02,[ 14:47 ],0,1295
2328,2014-05-02,[ 14:48 ],0,1274
2329,2014-05-02,[ 14:49 ],0,1268
2330,2014-05-02,[ 14:50 ],0,1113
2331,2014-05-02,[ 14:51 ],0,1235
2332,2014-05-02,[ 14:52 ],0,1378
2333,2014-05-02,[ 14:53 ],0,1238
2334,2014-05-02,[ 14:54 ],0,1533
2335,2014-05-02,[ 14:55 ],0,1267
2336,2014-05-02,[ 14:56 ],0,1384
2337,2014-05-02,[ 14:57 ],0,1258
2338,2014-05-02,[ 14:58 ],0,1143
2339,2014-05-02,[ 14:59 ],0,1299
2340,2014-05-02,[ 15:00 ],0,612
2341,2014-05-02,[ 15:01 ],0,657
2342,2014-05-02,[ 15:02 ],0,612
2343,2014-05-02,[ 15:03 ],0,825
2344,2014-05-02,[ 15:04 ],0,671
2345,2014-05-02,[ 15:05 ],0,818
2346,2014-05-02,[ 15:06 ],0,784
2347,2014-05-02,[ 15:07 ],0,701
2348,2014-05-02,[ 15:08 ],0,552
2349,2014-05-02,[ 15:09 ],0,835
2350,2014-05-02,[ 15:10 ],0,940
2351,2014-05-02,[ 15:11 ],0,1069
2352,2014-05-02,[ 15:12 ],0,1193
2353,2014-05-02,[ 15:13 ],0,1793
2354,2014-05-02,[ 15:14 ],0,1673
2355,2014-05-02,[ 15:15 ],0,1871
2356,2014-05-02,[ 15:16 ],0,1081
2357,2014-05-02,[ 15:17 ],0,1136
2358,2014-05-02,[ 15:18 ],0,673
2359,2014-05-02,[ 15:19 ],0,697
2360,2014-05-02,[ 15:20 ],0,623
2361,2014-05-02,[ 15:21 ],0,872
2362,2014-05-02,[ 15:22 ],0,966
2363,2014-05-02,[ 15:23 ],0,966
2364,2014-05-02,[ 15:24 ],0,1000
2365,2014-05-02,[ 15:25 ],0,1869
2366,2014-05-02,[ 15:26 ],0,1825
2367,2014-05-02,[ 15:27 ],0,1638
2368,2014-05-02,[ 15:28 ],0,937
2369,2014-05-02,[ 15:29 ],0,840
2370,2014-05-02,[ 15:30 ],0,470
2371,2014-05-02,[ 15:31 ],0,974
2372,2014-05-02,[ 15:32 ],0,790
2373,2014-05-02,[ 15:33 ],0,667
2374,2014-05-02,[ 15:34 ],0,671
2375,2014-05-02,[ 15:35 ],0,654
2376,2014-05-02,[ 15:36 ],0,765
2377,2014-05-02,[ 15:37 ],0,881
2378,2014-05-02,[ 15:38 ],0,818
2379,2014-05-02,[ 15:39 ],0,818
2380,2014-05-02,[ 15:40 ],0,720
2381,2014-05-02,[ 15:41 ],0,335
2382,2014-05-02,[ 15:42 ],0,502
2383,2014-05-02,[ 15:43 ],0,319
2384,2014-05-02,[ 15:44 ],0,399
2385,2014-05-02,[ 15:45 ],0,304
2386,2014-05-02,[ 15:46 ],0,307
2387,2014-05-02,[ 15:47 ],0,307
2388,2014-05-02,[ 15:48 ],0,330
2389,2014-05-02,[ 15:49 ],0,320
2390,2014-05-02,[ 15:50 ],0,312
2391,2014-05-02,[ 15:51 ],0,305
2392,2014-05-02,[ 15:52 ],0,377
2393,2014-05-02,[ 15:53 ],0,381
2394,2014-05-02,[ 15:54 ],0,374
2395,2014-05-02,[ 15:55 ],0,402
2396,2014-05-02,[ 15:56 ],0,390
2397,2014-05-02,[ 15:57 ],0,385
2398,2014-05-02,[ 15:58 ],0,376
2399,2014-05-02,[ 15:59 ],0,375
2400,2014-05-02,[ 16:00 ],0,375
2401,2014-05-02,[ 16:01 ],0,374
2402,2014-05-02,[ 16:02 ],0,400
2403,2014-05-02,[ 16:03 ],0,389
2404,2014-05-02,[ 16:04 ],0,318
2405,2014-05-02,[ 16:05 ],0,307
2406,2014-05-02,[ 16:06 ],0,301
2407,2014-05-02,[ 16:07 ],0,302
2408,2014-05-02,[ 16:08 ],0,306
2409,2014-05-02,[ 16:09 ],0,323
2410,2014-05-02,[ 16:10 ],0,323
2411,2014-05-02,[ 16:11 ],0,318
2412,2014-05-02,[ 16:12 ],0,306
2413,2014-05-02,[ 16:13 ],0,305
2414,2014-05-02,[ 16:14 ],0,316
2415,2014-05-02,[ 16:15 ],0,304
2416,2014-05-02,[ 16:16 ],0,301
2417,2014-05-02,[ 16:17 ],0,369
2418,2014-05-02,[ 16:18 ],0,370
2419,2014-05-02,[ 16:19 ],0,365
2420,2014-05-02,[ 16:20 ],0,331
2421,2014-05-02,[ 16:21 ],0,330
2422,2014-05-02,[ 16:22 ],0,332
2423,2014-05-02,[ 16:23 ],0,333
2424,2014-05-02,[ 16:24 ],0,334
2425,2014-05-02,[ 16:25 ],0,335
2426,2014-05-02,[ 16:26 ],0,332
2427,2014-05-02,[ 16:27 ],0,330
2428,2014-05-02,[ 16:28 ],0,332
2429,2014-05-02,[ 16:29 ],0,330
2430,2014-05-02,[ 16:30 ],0,328
2431,2014-05-02,[ 16:31 ],0,327
2432,2014-05-02,[ 16:32 ],0,332
2433,2014-05-02,[ 16:33 ],0,334
2434,2014-05-02,[ 16:34 ],0,332
2435,2014-05-02,[ 16:35 ],0,333
2436,2014-05-02,[ 16:36 ],0,333
2437,2014-05-02,[ 16:37 ],0,334
2438,2014-05-02,[ 16:38 ],0,334
2439,2014-05-02,[ 16:39 ],0,334
2440,2014-05-02,[ 16:40 ],0,333
2441,2014-05-02,[ 16:41 ],0,330
2442,2014-05-02,[ 16:42 ],0,331
2443,2014-05-02,[ 16:43 ],0,328
2444,2014-05-02,[ 16:44 ],0,328
2445,2014-05-02,[ 16:45 ],0,266
2446,2014-05-02,[ 16:46 ],0,260
2447,2014-05-02,[ 16:47 ],0,264
2448,2014-05-02,[ 16:48 ],0,260
2449,2014-05-02,[ 16:49 ],0,262
2450,2014-05-02,[ 16:50 ],0,2636
2451,2014-05-02,[ 16:51 ],0,2617
2452,2014-05-02,[ 16:52 ],0,2617
2453,2014-05-02,[ 16:53 ],0,274
2454,2014-05-02,[ 16:54 ],0,260
2455,2014-05-02,[ 16:55 ],0,265
2456,2014-05-02,[ 16:56 ],0,264
2457,2014-05-02,[ 16:57 ],0,319
2458,2014-05-02,[ 16:58 ],0,335
2459,2014-05-02,[ 16:59 ],0,328
2460,2014-05-02,[ 17:00 ],0,2017
2461,2014-05-02,[ 17:01 ],0,1996
2462,2014-05-02,[ 17:02 ],0,1957
2463,2014-05-02,[ 17:03 ],0,1885
2464,2014-05-02,[ 17:04 ],0,1862
2465,2014-05-02,[ 17:05 ],0,1976
2466,2014-05-02,[ 17:06 ],0,1959
2467,2014-05-02,[ 17:07 ],0,1970
2468,2014-05-02,[ 17:08 ],0,1936
2469,2014-05-02,[ 17:09 ],0,1987
2470,2014-05-02,[ 17:10 ],0,4552
2471,2014-05-02,[ 17:11 ],0,2947
2472,2014-05-02,[ 17:12 ],0,2425
2473,2014-05-02,[ 17:13 ],0,1988
2474,2014-05-02,[ 17:14 ],0,1992
2475,2014-05-02,[ 17:15 ],0,1978
2476,2014-05-02,[ 17:16 ],0,1970
2477,2014-05-02,[ 17:17 ],0,1901
2478,2014-05-02,[ 17:18 ],0,1984
2479,2014-05-02,[ 17:19 ],0,1984
2480,2014-05-02,[ 17:20 ],0,538
2481,2014-05-02,[ 17:21 ],0,521
2482,2014-05-02,[ 17:22 ],0,390
2483,2014-05-02,[ 17:23 ],0,357
2484,2014-05-02,[ 17:24 ],0,359
2485,2014-05-02,[ 17:25 ],0,355
2486,2014-05-02,[ 17:26 ],0,357
2487,2014-05-02,[ 17:27 ],0,1948
2488,2014-05-02,[ 17:28 ],0,1948
2489,2014-05-02,[ 17:29 ],0,411
2490,2014-05-02,[ 17:30 ],0,427
2491,2014-05-02,[ 17:31 ],0,398
2492,2014-05-02,[ 17:32 ],0,398
2493,2014-05-02,[ 17:33 ],0,394
2494,2014-05-02,[ 17:34 ],0,401
2495,2014-05-02,[ 17:35 ],0,400
2496,2014-05-02,[ 17:36 ],0,400
2497,2014-05-02,[ 17:37 ],0,398
2498,2014-05-02,[ 17:38 ],0,404
2499,2014-05-02,[ 17:39 ],0,417
2500,2014-05-02,[ 17:40 ],0,411
2501,2014-05-02,[ 17:41 ],0,1996
2502,2014-05-02,[ 17:42 ],0,1996
2503,2014-05-02,[ 17:43 ],0,407
2504,2014-05-02,[ 17:44 ],0,406
2505,2014-05-02,[ 17:45 ],0,401
2506,2014-05-02,[ 17:46 ],0,404
2507,2014-05-02,[ 17:47 ],0,407
2508,2014-05-02,[ 17:48 ],0,400
2509,2014-05-02,[ 17:49 ],0,413
2510,2014-05-02,[ 17:50 ],0,429
2511,2014-05-02,[ 17:51 ],0,416
2512,2014-05-02,[ 17:52 ],0,424
2513,2014-05-02,[ 17:53 ],0,422
2514,2014-05-02,[ 17:54 ],0,422
2515,2014-05-02,[ 17:55 ],0,1895
2516,2014-05-02,[ 17:56 ],0,1914
2517,2014-05-02,[ 17:57 ],0,1960
2518,2014-05-02,[ 17:58 ],0,1985
2519,2014-05-02,[ 17:59 ],0,1950
2520,2014-05-02,[ 18:00 ],0,3583
2521,2014-05-02,[ 18:01 ],0,1887
2522,2014-05-02,[ 18:02 ],0,1959
2523,2014-05-02,[ 18:03 ],0,4342
2524,2014-05-02,[ 18:04 ],0,4415
2525,2014-05-02,[ 18:05 ],0,4325
2526,2014-05-02,[ 18:06 ],0,1825
2527,2014-05-02,[ 18:07 ],0,1782
2528,2014-05-02,[ 18:08 ],0,425
2529,2014-05-02,[ 18:09 ],0,470
2530,2014-05-02,[ 18:10 ],0,479
2531,2014-05-02,[ 18:11 ],0,472
2532,2014-05-02,[ 18:12 ],0,478
2533,2014-05-02,[ 18:13 ],0,459
2534,2014-05-02,[ 18:14 ],0,456
2535,2014-05-02,[ 18:15 ],0,450
2536,2014-05-02,[ 18:16 ],0,523
2537,2014-05-02,[ 18:17 ],0,554
2538,2014-05-02,[ 18:18 ],0,543
2539,2014-05-02,[ 18:19 ],0,554
2540,2014-05-02,[ 18:20 ],0,555
2541,2014-05-02,[ 18:21 ],0,552
2542,2014-05-02,[ 18:22 ],0,573
2543,2014-05-02,[ 18:23 ],0,573
2544,2014-05-02,[ 18:24 ],0,565
2545,2014-05-02,[ 18:25 ],0,554
2546,2014-05-02,[ 18:26 ],0,565
2547,2014-05-02,[ 18:27 ],0,557
2548,2014-05-02,[ 18:28 ],0,567
2549,2014-05-02,[ 18:29 ],0,568
2550,2014-05-02,[ 18:30 ],0,570
2551,2014-05-02,[ 18:31 ],0,577
2552,2014-05-02,[ 18:32 ],0,607
2553,2014-05-02,[ 18:33 ],0,605
2554,2014-05-02,[ 18:34 ],0,587
2555,2014-05-02,[ 18:35 ],0,546
2556,2014-05-02,[ 18:36 ],0,548
2557,2014-05-02,[ 18:37 ],0,545
2558,2014-05-02,[ 18:38 ],0,548
2559,2014-05-02,[ 18:39 ],0,534
2560,2014-05-02,[ 18:40 ],0,539
2561,2014-05-02,[ 18:41 ],0,539
2562,2014-05-02,[ 18:42 ],0,539
2563,2014-05-02,[ 18:43 ],0,546
2564,2014-05-02,[ 18:44 ],0,539
2565,2014-05-02,[ 18:45 ],0,535
2566,2014-05-02,[ 18:46 ],0,532
2567,2014-05-02,[ 18:47 ],0,473
2568,2014-05-02,[ 18:48 ],0,464
2569,2014-05-02,[ 18:49 ],0,462
2570,2014-05-02,[ 18:50 ],0,468
2571,2014-05-02,[ 18:51 ],0,471
2572,2014-05-02,[ 18:52 ],0,471
2573,2014-05-02,[ 18:53 ],0,463
2574,2014-05-02,[ 18:54 ],0,463
2575,2014-05-02,[ 18:55 ],0,467
2576,2014-05-02,[ 18:56 ],0,469
2577,2014-05-02,[ 18:57 ],0,453
2578,2014-05-02,[ 18:58 ],0,470
2579,2014-05-02,[ 18:59 ],0,470
2580,2014-05-02,[ 19:00 ],0,459
2581,2014-05-02,[ 19:01 ],0,465
2582,2014-05-02,[ 19:02 ],0,465
2583,2014-05-02,[ 19:03 ],0,464
2584,2014-05-02,[ 19:04 ],0,437
2585,2014-05-02,[ 19:05 ],0,445
2586,2014-05-02,[ 19:06 ],0,455
2587,2014-05-02,[ 19:07 ],0,459
2588,2014-05-02,[ 19:08 ],0,444
2589,2014-05-02,[ 19:09 ],0,472
2590,2014-05-02,[ 19:10 ],0,472
2591,2014-05-02,[ 19:11 ],0,470
2592,2014-05-02,[ 19:12 ],0,462
2593,2014-05-02,[ 19:13 ],0,484
2594,2014-05-02,[ 19:14 ],0,449
2595,2014-05-02,[ 19:15 ],0,455
2596,2014-05-02,[ 19:16 ],0,453
2597,2014-05-02,[ 19:17 ],0,465
2598,2014-05-02,[ 19:18 ],0,504
2599,2014-05-02,[ 19:19 ],0,577
2600,2014-05-02,[ 19:20 ],0,572
2601,2014-05-02,[ 19:21 ],0,576
2602,2014-05-02,[ 19:22 ],0,576
2603,2014-05-02,[ 19:23 ],0,576
2604,2014-05-02,[ 19:24 ],0,586
2605,2014-05-02,[ 19:25 ],0,583
2606,2014-05-02,[ 19:26 ],0,583
2607,2014-05-02,[ 19:27 ],0,657
2608,2014-05-02,[ 19:28 ],0,653
2609,2014-05-02,[ 19:29 ],0,646
2610,2014-05-02,[ 19:30 ],0,653
2611,2014-05-02,[ 19:31 ],0,663
2612,2014-05-02,[ 19:32 ],0,689
2613,2014-05-02,[ 19:33 ],0,669
2614,2014-05-02,[ 19:34 ],0,685
2615,2014-05-02,[ 19:35 ],0,665
2616,2014-05-02,[ 19:36 ],0,669
2617,2014-05-02,[ 19:37 ],0,671
2618,2014-05-02,[ 19:38 ],0,670
2619,2014-05-02,[ 19:39 ],0,669
2620,2014-05-02,[ 19:40 ],0,674
2621,2014-05-02,[ 19:41 ],0,678
2622,2014-05-02,[ 19:42 ],0,680
2623,2014-05-02,[ 19:43 ],0,668
2624,2014-05-02,[ 19:44 ],0,671
2625,2014-05-02,[ 19:45 ],0,654
2626,2014-05-02,[ 19:46 ],0,667
2627,2014-05-02,[ 19:47 ],0,669
2628,2014-05-02,[ 19:48 ],0,669
2629,2014-05-02,[ 19:49 ],0,677
2630,2014-05-02,[ 19:50 ],0,662
2631,2014-05-02,[ 19:51 ],0,665
2632,2014-05-02,[ 19:52 ],0,663
2633,2014-05-02,[ 19:53 ],0,666
2634,2014-05-02,[ 19:54 ],0,662
2635,2014-05-02,[ 19:55 ],0,669
2636,2014-05-02,[ 19:56 ],0,673
2637,2014-05-02,[ 19:57 ],0,669
2638,2014-05-02,[ 19:58 ],0,669
2639,2014-05-02,[ 19:59 ],0,660
2640,2014-05-02,[ 20:00 ],0,583
2641,2014-05-02,[ 20:01 ],0,598
2642,2014-05-02,[ 20:02 ],0,587
2643,2014-05-02,[ 20:03 ],0,591
2644,2014-05-02,[ 20:04 ],0,588
2645,2014-05-02,[ 20:05 ],0,584
2646,2014-05-02,[ 20:06 ],0,584
2647,2014-05-02,[ 20:07 ],0,587
2648,2014-05-02,[ 20:08 ],0,577
2649,2014-05-02,[ 20:09 ],0,576
2650,2014-05-02,[ 20:10 ],0,562
2651,2014-05-02,[ 20:11 ],0,569
2652,2014-05-02,[ 20:12 ],0,573
2653,2014-05-02,[ 20:13 ],0,568
2654,2014-05-02,[ 20:14 ],0,459
2655,2014-05-02,[ 20:15 ],0,462
2656,2014-05-02,[ 20:16 ],0,518
2657,2014-05-02,[ 20:17 ],0,505
2658,2014-05-02,[ 20:18 ],0,518
2659,2014-05-02,[ 20:19 ],0,469
2660,2014-05-02,[ 20:20 ],0,474
2661,2014-05-02,[ 20:21 ],0,487
2662,2014-05-02,[ 20:22 ],0,451
2663,2014-05-02,[ 20:23 ],0,462
2664,2014-05-02,[ 20:24 ],0,470
2665,2014-05-02,[ 20:25 ],0,452
2666,2014-05-02,[ 20:26 ],0,458
2667,2014-05-02,[ 20:27 ],0,462
2668,2014-05-02,[ 20:28 ],0,463
2669,2014-05-02,[ 20:29 ],0,467
2670,2014-05-02,[ 20:30 ],0,470
2671,2014-05-02,[ 20:31 ],0,471
2672,2014-05-02,[ 20:32 ],0,2139
2673,2014-05-02,[ 20:33 ],0,2139
2674,2014-05-02,[ 20:34 ],0,2055
2675,2014-05-02,[ 20:35 ],0,2074
2676,2014-05-02,[ 20:36 ],0,479
2677,2014-05-02,[ 20:37 ],0,453
2678,2014-05-02,[ 20:38 ],0,455
2679,2014-05-02,[ 20:39 ],0,455
2680,2014-05-02,[ 20:40 ],0,481
2681,2014-05-02,[ 20:41 ],0,441
2682,2014-05-02,[ 20:42 ],0,447
2683,2014-05-02,[ 20:43 ],0,463
2684,2014-05-02,[ 20:44 ],0,542
2685,2014-05-02,[ 20:45 ],0,529
2686,2014-05-02,[ 20:46 ],0,537
2687,2014-05-02,[ 20:47 ],0,537
2688,2014-05-02,[ 20:48 ],0,525
2689,2014-05-02,[ 20:49 ],0,521
2690,2014-05-02,[ 20:50 ],0,519
2691,2014-05-02,[ 20:51 ],0,516
2692,2014-05-02,[ 20:52 ],0,517
2693,2014-05-02,[ 20:53 ],0,519
2694,2014-05-02,[ 20:54 ],0,544
2695,2014-05-02,[ 20:55 ],0,518
2696,2014-05-02,[ 20:56 ],0,513
2697,2014-05-02,[ 20:57 ],0,517
2698,2014-05-02,[ 20:58 ],0,513
2699,2014-05-02,[ 20:59 ],0,525
2700,2014-05-02,[ 21:00 ],0,525
2701,2014-05-02,[ 21:01 ],0,517
2702,2014-05-02,[ 21:02 ],0,516
2703,2014-05-02,[ 21:03 ],0,515
2704,2014-05-02,[ 21:04 ],0,518
2705,2014-05-02,[ 21:05 ],0,542
2706,2014-05-02,[ 21:06 ],0,545
2707,2014-05-02,[ 21:07 ],0,535
2708,2014-05-02,[ 21:08 ],0,540
2709,2014-05-02,[ 21:09 ],0,535
2710,2014-05-02,[ 21:10 ],0,526
2711,2014-05-02,[ 21:11 ],0,521
2712,2014-05-02,[ 21:12 ],0,517
2713,2014-05-02,[ 21:13 ],0,521
2714,2014-05-02,[ 21:14 ],0,519
2715,2014-05-02,[ 21:15 ],0,535
2716,2014-05-02,[ 21:16 ],0,545
2717,2014-05-02,[ 21:17 ],0,472
2718,2014-05-02,[ 21:18 ],0,472
2719,2014-05-02,[ 21:19 ],0,472
2720,2014-05-02,[ 21:20 ],0,474
2721,2014-05-02,[ 21:21 ],0,462
2722,2014-05-02,[ 21:22 ],0,353
2723,2014-05-02,[ 21:23 ],0,301
2724,2014-05-02,[ 21:24 ],0,343
2725,2014-05-02,[ 21:25 ],0,339
2726,2014-05-02,[ 21:26 ],0,366
2727,2014-05-02,[ 21:27 ],0,358
2728,2014-05-02,[ 21:28 ],0,359
2729,2014-05-02,[ 21:29 ],0,350
2730,2014-05-02,[ 21:30 ],0,341
2731,2014-05-02,[ 21:31 ],0,350
2732,2014-05-02,[ 21:32 ],0,406
2733,2014-05-02,[ 21:33 ],0,352
2734,2014-05-02,[ 21:34 ],0,382
2735,2014-05-02,[ 21:35 ],0,440
2736,2014-05-02,[ 21:36 ],0,407
2737,2014-05-02,[ 21:37 ],0,430
2738,2014-05-02,[ 21:38 ],0,439
2739,2014-05-02,[ 21:39 ],0,418
2740,2014-05-02,[ 21:40 ],0,406
2741,2014-05-02,[ 21:41 ],0,370
2742,2014-05-02,[ 21:42 ],0,341
2743,2014-05-02,[ 21:43 ],0,350
2744,2014-05-02,[ 21:44 ],0,345
2745,2014-05-02,[ 21:45 ],0,350
2746,2014-05-02,[ 21:46 ],0,352
2747,2014-05-02,[ 21:47 ],0,352
2748,2014-05-02,[ 21:48 ],0,340
2749,2014-05-02,[ 21:49 ],0,351
2750,2014-05-02,[ 21:50 ],0,351
2751,2014-05-02,[ 21:51 ],0,379
2752,2014-05-02,[ 21:52 ],0,266
2753,2014-05-02,[ 21:53 ],0,363
2754,2014-05-02,[ 21:54 ],0,2609
2755,2014-05-02,[ 21:55 ],0,2608
2756,2014-05-02,[ 21:56 ],0,2614
2757,2014-05-02,[ 21:57 ],0,2588
2758,2014-05-02,[ 21:58 ],0,2608
2759,2014-05-02,[ 21:59 ],0,2609
2760,2014-05-02,[ 22:00 ],0,2611
2761,2014-05-02,[ 22:01 ],0,2718
2762,2014-05-02,[ 22:02 ],0,2721
2763,2014-05-02,[ 22:03 ],0,2727
2764,2014-05-02,[ 22:04 ],0,2656
2765,2014-05-02,[ 22:05 ],0,421
2766,2014-05-02,[ 22:06 ],0,421
2767,2014-05-02,[ 22:07 ],0,423
2768,2014-05-02,[ 22:08 ],0,423
2769,2014-05-02,[ 22:09 ],0,418
2770,2014-05-02,[ 22:10 ],0,423
2771,2014-05-02,[ 22:11 ],0,422
2772,2014-05-02,[ 22:12 ],0,417
2773,2014-05-02,[ 22:13 ],0,436
2774,2014-05-02,[ 22:14 ],0,418
2775,2014-05-02,[ 22:15 ],0,417
2776,2014-05-02,[ 22:16 ],0,413
2777,2014-05-02,[ 22:17 ],0,413
2778,2014-05-02,[ 22:18 ],0,412
2779,2014-05-02,[ 22:19 ],0,414
2780,2014-05-02,[ 22:20 ],0,413
2781,2014-05-02,[ 22:21 ],0,413
2782,2014-05-02,[ 22:22 ],0,420
2783,2014-05-02,[ 22:23 ],0,429
2784,2014-05-02,[ 22:24 ],0,415
2785,2014-05-02,[ 22:25 ],0,415
2786,2014-05-02,[ 22:26 ],0,411
2787,2014-05-02,[ 22:27 ],0,405
2788,2014-05-02,[ 22:28 ],0,403
2789,2014-05-02,[ 22:29 ],0,439
2790,2014-05-02,[ 22:30 ],0,445
2791,2014-05-02,[ 22:31 ],0,445
2792,2014-05-02,[ 22:32 ],0,439
2793,2014-05-02,[ 22:33 ],0,441
2794,2014-05-02,[ 22:34 ],0,367
2795,2014-05-02,[ 22:35 ],0,367
2796,2014-05-02,[ 22:36 ],0,368
2797,2014-05-02,[ 22:37 ],0,368
2798,2014-05-02,[ 22:38 ],0,604
2799,2014-05-02,[ 22:39 ],0,604
2800,2014-05-02,[ 22:40 ],0,603
2801,2014-05-02,[ 22:41 ],0,607
2802,2014-05-02,[ 22:42 ],0,608
2803,2014-05-02,[ 22:43 ],0,603
2804,2014-05-02,[ 22:44 ],0,625
2805,2014-05-02,[ 22:45 ],0,514
2806,2014-05-02,[ 22:46 ],0,610
2807,2014-05-02,[ 22:47 ],0,608
2808,2014-05-02,[ 22:48 ],0,609
2809,2014-05-02,[ 22:49 ],0,603
2810,2014-05-02,[ 22:50 ],0,555
2811,2014-05-02,[ 22:51 ],0,556
2812,2014-05-02,[ 22:52 ],0,546
2813,2014-05-02,[ 22:53 ],0,320
2814,2014-05-02,[ 22:54 ],0,319
2815,2014-05-02,[ 22:55 ],0,319
2816,2014-05-02,[ 22:56 ],0,343
2817,2014-05-02,[ 22:57 ],0,2627
2818,2014-05-02,[ 22:58 ],0,2620
2819,2014-05-02,[ 22:59 ],0,2596
2820,2014-05-02,[ 23:00 ],0,2605
2821,2014-05-02,[ 23:01 ],0,2615
2822,2014-05-02,[ 23:02 ],0,2607
2823,2014-05-02,[ 23:03 ],0,2608
2824,2014-05-02,[ 23:04 ],0,4492
2825,2014-05-02,[ 23:05 ],0,2701
2826,2014-05-02,[ 23:06 ],0,2686
2827,2014-05-02,[ 23:07 ],0,2709
2828,2014-05-02,[ 23:08 ],0,2675
2829,2014-05-02,[ 23:09 ],0,2712
2830,2014-05-02,[ 23:10 ],0,2708
2831,2014-05-02,[ 23:11 ],0,2703
2832,2014-05-02,[ 23:12 ],0,2670
2833,2014-05-02,[ 23:13 ],0,2608
2834,2014-05-02,[ 23:14 ],0,402
2835,2014-05-02,[ 23:15 ],0,293
2836,2014-05-02,[ 23:16 ],0,288
2837,2014-05-02,[ 23:17 ],0,289
2838,2014-05-02,[ 23:18 ],0,284
2839,2014-05-02,[ 23:19 ],0,292
2840,2014-05-02,[ 23:20 ],0,284
2841,2014-05-02,[ 23:21 ],0,284
2842,2014-05-02,[ 23:22 ],0,283
2843,2014-05-02,[ 23:23 ],0,283
2844,2014-05-02,[ 23:24 ],0,281
2845,2014-05-02,[ 23:25 ],0,281
2846,2014-05-02,[ 23:26 ],0,278
2847,2014-05-02,[ 23:27 ],0,280
2848,2014-05-02,[ 23:28 ],0,278
2849,2014-05-02,[ 23:29 ],0,277
2850,2014-05-02,[ 23:30 ],0,277
2851,2014-05-02,[ 23:31 ],0,276
2852,2014-05-02,[ 23:32 ],0,277
2853,2014-05-02,[ 23:33 ],0,277
2854,2014-05-02,[ 23:34 ],0,276
2855,2014-05-02,[ 23:35 ],0,276
2856,2014-05-02,[ 23:36 ],0,210
2857,2014-05-02,[ 23:37 ],0,212
2858,2014-05-02,[ 23:38 ],0,211
2859,2014-05-02,[ 23:39 ],0,211
2860,2014-05-02,[ 23:40 ],0,214
2861,2014-05-02,[ 23:41 ],0,213
2862,2014-05-02,[ 23:42 ],0,213
2863,2014-05-02,[ 23:43 ],0,229
2864,2014-05-02,[ 23:44 ],0,227
2865,2014-05-02,[ 23:45 ],0,225
2866,2014-05-02,[ 23:46 ],0,214
2867,2014-05-02,[ 23:47 ],0,215
2868,2014-05-02,[ 23:48 ],0,216
2869,2014-05-02,[ 23:49 ],0,218
2870,2014-05-02,[ 23:50 ],0,219
2871,2014-05-02,[ 23:51 ],0,221
2872,2014-05-02,[ 23:52 ],0,222
2873,2014-05-02,[ 23:53 ],0,219
2874,2014-05-02,[ 23:54 ],0,219
2875,2014-05-02,[ 23:55 ],0,218
2876,2014-05-02,[ 23:56 ],0,217
2877,2014-05-02,[ 23:57 ],0,218
2878,2014-05-02,[ 23:58 ],0,215
2879,2014-05-02,[ 23:59 ],0,218
2880,2014-05-03,[ 00:00 ],1,219
2881,2014-05-03,[ 00:01 ],1,216
2882,2014-05-03,[ 00:02 ],1,218
2883,2014-05-03,[ 00:03 ],1,217
2884,2014-05-03,[ 00:04 ],1,219
2885,2014-05-03,[ 00:05 ],1,215
2886,2014-05-03,[ 00:06 ],1,217
2887,2014-05-03,[ 00:07 ],1,217
2888,2014-05-03,[ 00:08 ],1,160
2889,2014-05-03,[ 00:09 ],1,161
2890,2014-05-03,[ 00:10 ],1,161
2891,2014-05-03,[ 00:11 ],1,160
2892,2014-05-03,[ 00:12 ],1,160
2893,2014-05-03,[ 00:13 ],1,158
2894,2014-05-03,[ 00:14 ],1,159
2895,2014-05-03,[ 00:15 ],1,158
2896,2014-05-03,[ 00:16 ],1,160
2897,2014-05-03,[ 00:17 ],1,159
2898,2014-05-03,[ 00:18 ],1,160
2899,2014-05-03,[ 00:19 ],1,160
2900,2014-05-03,[ 00:20 ],1,160
2901,2014-05-03,[ 00:21 ],1,159
2902,2014-05-03,[ 00:22 ],1,162
2903,2014-05-03,[ 00:23 ],1,161
2904,2014-05-03,[ 00:24 ],1,161
2905,2014-05-03,[ 00:25 ],1,161
2906,2014-05-03,[ 00:26 ],1,161
2907,2014-05-03,[ 00:27 ],1,161
2908,2014-05-03,[ 00:28 ],1,161
2909,2014-05-03,[ 00:29 ],1,159
2910,2014-05-03,[ 00:30 ],1,160
2911,2014-05-03,[ 00:31 ],1,162
2912,2014-05-03,[ 00:32 ],1,160
2913,2014-05-03,[ 00:33 ],1,160
2914,2014-05-03,[ 00:34 ],1,161
2915,2014-05-03,[ 00:35 ],1,161
2916,2014-05-03,[ 00:36 ],1,159
2917,2014-05-03,[ 00:37 ],1,161
2918,2014-05-03,[ 00:38 ],1,161
2919,2014-05-03,[ 00:39 ],1,160
2920,2014-05-03,[ 00:40 ],1,227
2921,2014-05-03,[ 00:41 ],1,219
2922,2014-05-03,[ 00:42 ],1,215
2923,2014-05-03,[ 00:43 ],1,218
2924,2014-05-03,[ 00:44 ],1,215
2925,2014-05-03,[ 00:45 ],1,214
2926,2014-05-03,[ 00:46 ],1,213
2927,2014-05-03,[ 00:47 ],1,213
2928,2014-05-03,[ 00:48 ],1,211
2929,2014-05-03,[ 00:49 ],1,211
2930,2014-05-03,[ 00:50 ],1,208
2931,2014-05-03,[ 00:51 ],1,208
2932,2014-05-03,[ 00:52 ],1,159
2933,2014-05-03,[ 00:53 ],1,159
2934,2014-05-03,[ 00:54 ],1,157
2935,2014-05-03,[ 00:55 ],1,158
2936,2014-05-03,[ 00:56 ],1,158
2937,2014-05-03,[ 00:57 ],1,160
2938,2014-05-03,[ 00:58 ],1,159
2939,2014-05-03,[ 00:59 ],1,158
2940,2014-05-03,[ 01:00 ],1,161
2941,2014-05-03,[ 01:01 ],1,160
2942,2014-05-03,[ 01:02 ],1,162
2943,2014-05-03,[ 01:03 ],1,162
2944,2014-05-03,[ 01:04 ],1,178
2945,2014-05-03,[ 01:05 ],1,176
2946,2014-05-03,[ 01:06 ],1,160
2947,2014-05-03,[ 01:07 ],1,161
2948,2014-05-03,[ 01:08 ],1,160
2949,2014-05-03,[ 01:09 ],1,160
2950,2014-05-03,[ 01:10 ],1,160
2951,2014-05-03,[ 01:11 ],1,160
2952,2014-05-03,[ 01:12 ],1,161
2953,2014-05-03,[ 01:13 ],1,160
2954,2014-05-03,[ 01:14 ],1,160
2955,2014-05-03,[ 01:15 ],1,160
2956,2014-05-03,[ 01:16 ],1,160
2957,2014-05-03,[ 01:17 ],1,161
2958,2014-05-03,[ 01:18 ],1,161
2959,2014-05-03,[ 01:19 ],1,160
2960,2014-05-03,[ 01:20 ],1,159
2961,2014-05-03,[ 01:21 ],1,160
2962,2014-05-03,[ 01:22 ],1,194
2963,2014-05-03,[ 01:23 ],1,266
2964,2014-05-03,[ 01:24 ],1,264
2965,2014-05-03,[ 01:25 ],1,256
2966,2014-05-03,[ 01:26 ],1,261
2967,2014-05-03,[ 01:27 ],1,262
2968,2014-05-03,[ 01:28 ],1,264
2969,2014-05-03,[ 01:29 ],1,259
2970,2014-05-03,[ 01:30 ],1,259
2971,2014-05-03,[ 01:31 ],1,265
2972,2014-05-03,[ 01:32 ],1,261
2973,2014-05-03,[ 01:33 ],1,258
2974,2014-05-03,[ 01:34 ],1,261
2975,2014-05-03,[ 01:35 ],1,258
2976,2014-05-03,[ 01:36 ],1,259
2977,2014-05-03,[ 01:37 ],1,259
2978,2014-05-03,[ 01:38 ],1,261
2979,2014-05-03,[ 01:39 ],1,260
2980,2014-05-03,[ 01:40 ],1,259
2981,2014-05-03,[ 01:41 ],1,258
2982,2014-05-03,[ 01:42 ],1,259
2983,2014-05-03,[ 01:43 ],1,266
2984,2014-05-03,[ 01:44 ],1,265
2985,2014-05-03,[ 01:45 ],1,260
2986,2014-05-03,[ 01:46 ],1,261
2987,2014-05-03,[ 01:47 ],1,259
2988,2014-05-03,[ 01:48 ],1,256
2989,2014-05-03,[ 01:49 ],1,213
2990,2014-05-03,[ 01:50 ],1,211
2991,2014-05-03,[ 01:51 ],1,211
2992,2014-05-03,[ 01:52 ],1,206
2993,2014-05-03,[ 01:53 ],1,158
2994,2014-05-03,[ 01:54 ],1,166
2995,2014-05-03,[ 01:55 ],1,168
2996,2014-05-03,[ 01:56 ],1,168
2997,2014-05-03,[ 01:57 ],1,159
2998,2014-05-03,[ 01:58 ],1,157
2999,2014-05-03,[ 01:59 ],1,157
3000,2014-05-03,[ 02:00 ],1,159
3001,2014-05-03,[ 02:01 ],1,160
3002,2014-05-03,[ 02:02 ],1,160
3003,2014-05-03,[ 02:03 ],1,161
3004,2014-05-03,[ 02:04 ],1,161
3005,2014-05-03,[ 02:05 ],1,157
3006,2014-05-03,[ 02:06 ],1,163
3007,2014-05-03,[ 02:07 ],1,163
3008,2014-05-03,[ 02:08 ],1,165
3009,2014-05-03,[ 02:09 ],1,166
3010,2014-05-03,[ 02:10 ],1,166
3011,2014-05-03,[ 02:11 ],1,166
3012,2014-05-03,[ 02:12 ],1,166
3013,2014-05-03,[ 02:13 ],1,165
3014,2014-05-03,[ 02:14 ],1,158
3015,2014-05-03,[ 02:15 ],1,157
3016,2014-05-03,[ 02:16 ],1,156
3017,2014-05-03,[ 02:17 ],1,159
3018,2014-05-03,[ 02:18 ],1,158
3019,2014-05-03,[ 02:19 ],1,157
3020,2014-05-03,[ 02:20 ],1,158
3021,2014-05-03,[ 02:21 ],1,158
3022,2014-05-03,[ 02:22 ],1,165
3023,2014-05-03,[ 02:23 ],1,165
3024,2014-05-03,[ 02:24 ],1,163
3025,2014-05-03,[ 02:25 ],1,163
3026,2014-05-03,[ 02:26 ],1,163
3027,2014-05-03,[ 02:27 ],1,187
3028,2014-05-03,[ 02:28 ],1,161
3029,2014-05-03,[ 02:29 ],1,158
3030,2014-05-03,[ 02:30 ],1,160
3031,2014-05-03,[ 02:31 ],1,157
3032,2014-05-03,[ 02:32 ],1,157
3033,2014-05-03,[ 02:33 ],1,158
3034,2014-05-03,[ 02:34 ],1,157
3035,2014-05-03,[ 02:35 ],1,157
3036,2014-05-03,[ 02:36 ],1,156
3037,2014-05-03,[ 02:37 ],1,158
3038,2014-05-03,[ 02:38 ],1,223
3039,2014-05-03,[ 02:39 ],1,222
3040,2014-05-03,[ 02:40 ],1,216
3041,2014-05-03,[ 02:41 ],1,215
3042,2014-05-03,[ 02:42 ],1,216
3043,2014-05-03,[ 02:43 ],1,213
3044,2014-05-03,[ 02:44 ],1,214
3045,2014-05-03,[ 02:45 ],1,214
3046,2014-05-03,[ 02:46 ],1,211
3047,2014-05-03,[ 02:47 ],1,211
3048,2014-05-03,[ 02:48 ],1,212
3049,2014-05-03,[ 02:49 ],1,206
3050,2014-05-03,[ 02:50 ],1,158
3051,2014-05-03,[ 02:51 ],1,157
3052,2014-05-03,[ 02:52 ],1,159
3053,2014-05-03,[ 02:53 ],1,156
3054,2014-05-03,[ 02:54 ],1,158
3055,2014-05-03,[ 02:55 ],1,158
3056,2014-05-03,[ 02:56 ],1,159
3057,2014-05-03,[ 02:57 ],1,157
3058,2014-05-03,[ 02:58 ],1,157
3059,2014-05-03,[ 02:59 ],1,157
3060,2014-05-03,[ 03:00 ],1,160
3061,2014-05-03,[ 03:01 ],1,162
3062,2014-05-03,[ 03:02 ],1,161
3063,2014-05-03,[ 03:03 ],1,160
3064,2014-05-03,[ 03:04 ],1,159
3065,2014-05-03,[ 03:05 ],1,159
3066,2014-05-03,[ 03:06 ],1,158
3067,2014-05-03,[ 03:07 ],1,221
3068,2014-05-03,[ 03:08 ],1,215
3069,2014-05-03,[ 03:09 ],1,211
3070,2014-05-03,[ 03:10 ],1,210
3071,2014-05-03,[ 03:11 ],1,212
3072,2014-05-03,[ 03:12 ],1,216
3073,2014-05-03,[ 03:13 ],1,215
3074,2014-05-03,[ 03:14 ],1,215
3075,2014-05-03,[ 03:15 ],1,215
3076,2014-05-03,[ 03:16 ],1,215
3077,2014-05-03,[ 03:17 ],1,211
3078,2014-05-03,[ 03:18 ],1,211
3079,2014-05-03,[ 03:19 ],1,212
3080,2014-05-03,[ 03:20 ],1,212
3081,2014-05-03,[ 03:21 ],1,213
3082,2014-05-03,[ 03:22 ],1,211
3083,2014-05-03,[ 03:23 ],1,211
3084,2014-05-03,[ 03:24 ],1,213
3085,2014-05-03,[ 03:25 ],1,215
3086,2014-05-03,[ 03:26 ],1,216
3087,2014-05-03,[ 03:27 ],1,218
3088,2014-05-03,[ 03:28 ],1,218
3089,2014-05-03,[ 03:29 ],1,214
3090,2014-05-03,[ 03:30 ],1,215
3091,2014-05-03,[ 03:31 ],1,213
3092,2014-05-03,[ 03:32 ],1,213
3093,2014-05-03,[ 03:33 ],1,213
3094,2014-05-03,[ 03:34 ],1,210
3095,2014-05-03,[ 03:35 ],1,158
3096,2014-05-03,[ 03:36 ],1,158
3097,2014-05-03,[ 03:37 ],1,158
3098,2014-05-03,[ 03:38 ],1,157
3099,2014-05-03,[ 03:39 ],1,159
3100,2014-05-03,[ 03:40 ],1,157
3101,2014-05-03,[ 03:41 ],1,156
3102,2014-05-03,[ 03:42 ],1,158
3103,2014-05-03,[ 03:43 ],1,157
3104,2014-05-03,[ 03:44 ],1,156
3105,2014-05-03,[ 03:45 ],1,157
3106,2014-05-03,[ 03:46 ],1,157
3107,2014-05-03,[ 03:47 ],1,158
3108,2014-05-03,[ 03:48 ],1,158
3109,2014-05-03,[ 03:49 ],1,158
3110,2014-05-03,[ 03:50 ],1,158
3111,2014-05-03,[ 03:51 ],1,158
3112,2014-05-03,[ 03:52 ],1,158
3113,2014-05-03,[ 03:53 ],1,157
3114,2014-05-03,[ 03:54 ],1,156
3115,2014-05-03,[ 03:55 ],1,157
3116,2014-05-03,[ 03:56 ],1,157
3117,2014-05-03,[ 03:57 ],1,157
3118,2014-05-03,[ 03:58 ],1,156
3119,2014-05-03,[ 03:59 ],1,156
3120,2014-05-03,[ 04:00 ],1,158
3121,2014-05-03,[ 04:01 ],1,157
3122,2014-05-03,[ 04:02 ],1,158
3123,2014-05-03,[ 04:03 ],1,158
3124,2014-05-03,[ 04:04 ],1,159
3125,2014-05-03,[ 04:05 ],1,158
3126,2014-05-03,[ 04:06 ],1,156
3127,2014-05-03,[ 04:07 ],1,156
3128,2014-05-03,[ 04:08 ],1,157
3129,2014-05-03,[ 04:09 ],1,156
3130,2014-05-03,[ 04:10 ],1,156
3131,2014-05-03,[ 04:11 ],1,156
3132,2014-05-03,[ 04:12 ],1,156
3133,2014-05-03,[ 04:13 ],1,156
3134,2014-05-03,[ 04:14 ],1,156
3135,2014-05-03,[ 04:15 ],1,156
3136,2014-05-03,[ 04:16 ],1,163
3137,2014-05-03,[ 04:17 ],1,163
3138,2014-05-03,[ 04:18 ],1,162
3139,2014-05-03,[ 04:19 ],1,163
3140,2014-05-03,[ 04:20 ],1,163
3141,2014-05-03,[ 04:21 ],1,162
3142,2014-05-03,[ 04:22 ],1,242
3143,2014-05-03,[ 04:23 ],1,225
3144,2014-05-03,[ 04:24 ],1,228
3145,2014-05-03,[ 04:25 ],1,228
3146,2014-05-03,[ 04:26 ],1,228
3147,2014-05-03,[ 04:27 ],1,227
3148,2014-05-03,[ 04:28 ],1,225
3149,2014-05-03,[ 04:29 ],1,225
3150,2014-05-03,[ 04:30 ],1,225
3151,2014-05-03,[ 04:31 ],1,224
3152,2014-05-03,[ 04:32 ],1,222
3153,2014-05-03,[ 04:33 ],1,163
3154,2014-05-03,[ 04:34 ],1,163
3155,2014-05-03,[ 04:35 ],1,163
3156,2014-05-03,[ 04:36 ],1,166
3157,2014-05-03,[ 04:37 ],1,163
3158,2014-05-03,[ 04:38 ],1,157
3159,2014-05-03,[ 04:39 ],1,157
3160,2014-05-03,[ 04:40 ],1,156
3161,2014-05-03,[ 04:41 ],1,157
3162,2014-05-03,[ 04:42 ],1,156
3163,2014-05-03,[ 04:43 ],1,156
3164,2014-05-03,[ 04:44 ],1,157
3165,2014-05-03,[ 04:45 ],1,156
3166,2014-05-03,[ 04:46 ],1,156
3167,2014-05-03,[ 04:47 ],1,156
3168,2014-05-03,[ 04:48 ],1,156
3169,2014-05-03,[ 04:49 ],1,157
3170,2014-05-03,[ 04:50 ],1,156
3171,2014-05-03,[ 04:51 ],1,156
3172,2014-05-03,[ 04:52 ],1,155
3173,2014-05-03,[ 04:53 ],1,157
3174,2014-05-03,[ 04:54 ],1,155
3175,2014-05-03,[ 04:55 ],1,157
3176,2014-05-03,[ 04:56 ],1,155
3177,2014-05-03,[ 04:57 ],1,156
3178,2014-05-03,[ 04:58 ],1,218
3179,2014-05-03,[ 04:59 ],1,215
3180,2014-05-03,[ 05:00 ],1,210
3181,2014-05-03,[ 05:01 ],1,210
3182,2014-05-03,[ 05:02 ],1,214
3183,2014-05-03,[ 05:03 ],1,215
3184,2014-05-03,[ 05:04 ],1,215
3185,2014-05-03,[ 05:05 ],1,213
3186,2014-05-03,[ 05:06 ],1,212
3187,2014-05-03,[ 05:07 ],1,210
3188,2014-05-03,[ 05:08 ],1,213
3189,2014-05-03,[ 05:09 ],1,211
3190,2014-05-03,[ 05:10 ],1,210
3191,2014-05-03,[ 05:11 ],1,210
3192,2014-05-03,[ 05:12 ],1,210
3193,2014-05-03,[ 05:13 ],1,208
3194,2014-05-03,[ 05:14 ],1,211
3195,2014-05-03,[ 05:15 ],1,211
3196,2014-05-03,[ 05:16 ],1,212
3197,2014-05-03,[ 05:17 ],1,215
3198,2014-05-03,[ 05:18 ],1,215
3199,2014-05-03,[ 05:19 ],1,215
3200,2014-05-03,[ 05:20 ],1,213
3201,2014-05-03,[ 05:21 ],1,211
3202,2014-05-03,[ 05:22 ],1,207
3203,2014-05-03,[ 05:23 ],1,210
3204,2014-05-03,[ 05:24 ],1,208
3205,2014-05-03,[ 05:25 ],1,207
3206,2014-05-03,[ 05:26 ],1,203
3207,2014-05-03,[ 05:27 ],1,156
3208,2014-05-03,[ 05:28 ],1,156
3209,2014-05-03,[ 05:29 ],1,157
3210,2014-05-03,[ 05:30 ],1,156
3211,2014-05-03,[ 05:31 ],1,156
3212,2014-05-03,[ 05:32 ],1,156
3213,2014-05-03,[ 05:33 ],1,157
3214,2014-05-03,[ 05:34 ],1,156
3215,2014-05-03,[ 05:35 ],1,156
3216,2014-05-03,[ 05:36 ],1,156
3217,2014-05-03,[ 05:37 ],1,157
3218,2014-05-03,[ 05:38 ],1,157
3219,2014-05-03,[ 05:39 ],1,156
3220,2014-05-03,[ 05:40 ],1,158
3221,2014-05-03,[ 05:41 ],1,156
3222,2014-05-03,[ 05:42 ],1,156
3223,2014-05-03,[ 05:43 ],1,155
3224,2014-05-03,[ 05:44 ],1,155
3225,2014-05-03,[ 05:45 ],1,153
3226,2014-05-03,[ 05:46 ],1,154
3227,2014-05-03,[ 05:47 ],1,156
3228,2014-05-03,[ 05:48 ],1,156
3229,2014-05-03,[ 05:49 ],1,156
3230,2014-05-03,[ 05:50 ],1,156
3231,2014-05-03,[ 05:51 ],1,156
3232,2014-05-03,[ 05:52 ],1,154
3233,2014-05-03,[ 05:53 ],1,156
3234,2014-05-03,[ 05:54 ],1,156
3235,2014-05-03,[ 05:55 ],1,157
3236,2014-05-03,[ 05:56 ],1,155
3237,2014-05-03,[ 05:57 ],1,155
3238,2014-05-03,[ 05:58 ],1,154
3239,2014-05-03,[ 05:59 ],1,156
3240,2014-05-03,[ 06:00 ],1,157
3241,2014-05-03,[ 06:01 ],1,158
3242,2014-05-03,[ 06:02 ],1,158
3243,2014-05-03,[ 06:03 ],1,157
3244,2014-05-03,[ 06:04 ],1,157
3245,2014-05-03,[ 06:05 ],1,155
3246,2014-05-03,[ 06:06 ],1,156
3247,2014-05-03,[ 06:07 ],1,156
3248,2014-05-03,[ 06:08 ],1,156
3249,2014-05-03,[ 06:09 ],1,154
3250,2014-05-03,[ 06:10 ],1,154
3251,2014-05-03,[ 06:11 ],1,156
3252,2014-05-03,[ 06:12 ],1,156
3253,2014-05-03,[ 06:13 ],1,156
3254,2014-05-03,[ 06:14 ],1,222
3255,2014-05-03,[ 06:15 ],1,210
3256,2014-05-03,[ 06:16 ],1,212
3257,2014-05-03,[ 06:17 ],1,210
3258,2014-05-03,[ 06:18 ],1,212
3259,2014-05-03,[ 06:19 ],1,210
3260,2014-05-03,[ 06:20 ],1,207
3261,2014-05-03,[ 06:21 ],1,206
3262,2014-05-03,[ 06:22 ],1,205
3263,2014-05-03,[ 06:23 ],1,206
3264,2014-05-03,[ 06:24 ],1,207
3265,2014-05-03,[ 06:25 ],1,156
3266,2014-05-03,[ 06:26 ],1,156
3267,2014-05-03,[ 06:27 ],1,157
3268,2014-05-03,[ 06:28 ],1,155
3269,2014-05-03,[ 06:29 ],1,156
3270,2014-05-03,[ 06:30 ],1,156
3271,2014-05-03,[ 06:31 ],1,155
3272,2014-05-03,[ 06:32 ],1,156
3273,2014-05-03,[ 06:33 ],1,155
3274,2014-05-03,[ 06:34 ],1,156
3275,2014-05-03,[ 06:35 ],1,155
3276,2014-05-03,[ 06:36 ],1,154
3277,2014-05-03,[ 06:37 ],1,155
3278,2014-05-03,[ 06:38 ],1,156
3279,2014-05-03,[ 06:39 ],1,155
3280,2014-05-03,[ 06:40 ],1,156
3281,2014-05-03,[ 06:41 ],1,156
3282,2014-05-03,[ 06:42 ],1,156
3283,2014-05-03,[ 06:43 ],1,157
3284,2014-05-03,[ 06:44 ],1,157
3285,2014-05-03,[ 06:45 ],1,157
3286,2014-05-03,[ 06:46 ],1,156
3287,2014-05-03,[ 06:47 ],1,159
3288,2014-05-03,[ 06:48 ],1,156
3289,2014-05-03,[ 06:49 ],1,157
3290,2014-05-03,[ 06:50 ],1,155
3291,2014-05-03,[ 06:51 ],1,156
3292,2014-05-03,[ 06:52 ],1,156
3293,2014-05-03,[ 06:53 ],1,158
3294,2014-05-03,[ 06:54 ],1,157
3295,2014-05-03,[ 06:55 ],1,356
3296,2014-05-03,[ 06:56 ],1,213
3297,2014-05-03,[ 06:57 ],1,206
3298,2014-05-03,[ 06:58 ],1,211
3299,2014-05-03,[ 06:59 ],1,292
3300,2014-05-03,[ 07:00 ],1,292
3301,2014-05-03,[ 07:01 ],1,283
3302,2014-05-03,[ 07:02 ],1,293
3303,2014-05-03,[ 07:03 ],1,298
3304,2014-05-03,[ 07:04 ],1,285
3305,2014-05-03,[ 07:05 ],1,277
3306,2014-05-03,[ 07:06 ],1,276
3307,2014-05-03,[ 07:07 ],1,276
3308,2014-05-03,[ 07:08 ],1,274
3309,2014-05-03,[ 07:09 ],1,267
3310,2014-05-03,[ 07:10 ],1,256
3311,2014-05-03,[ 07:11 ],1,282
3312,2014-05-03,[ 07:12 ],1,275
3313,2014-05-03,[ 07:13 ],1,278
3314,2014-05-03,[ 07:14 ],1,275
3315,2014-05-03,[ 07:15 ],1,261
3316,2014-05-03,[ 07:16 ],1,262
3317,2014-05-03,[ 07:17 ],1,284
3318,2014-05-03,[ 07:18 ],1,276
3319,2014-05-03,[ 07:19 ],1,273
3320,2014-05-03,[ 07:20 ],1,248
3321,2014-05-03,[ 07:21 ],1,248
3322,2014-05-03,[ 07:22 ],1,247
3323,2014-05-03,[ 07:23 ],1,204
3324,2014-05-03,[ 07:24 ],1,185
3325,2014-05-03,[ 07:25 ],1,187
3326,2014-05-03,[ 07:26 ],1,185
3327,2014-05-03,[ 07:27 ],1,192
3328,2014-05-03,[ 07:28 ],1,186
3329,2014-05-03,[ 07:29 ],1,185
3330,2014-05-03,[ 07:30 ],1,186
3331,2014-05-03,[ 07:31 ],1,185
3332,2014-05-03,[ 07:32 ],1,186
3333,2014-05-03,[ 07:33 ],1,187
3334,2014-05-03,[ 07:34 ],1,190
3335,2014-05-03,[ 07:35 ],1,185
3336,2014-05-03,[ 07:36 ],1,185
3337,2014-05-03,[ 07:37 ],1,187
3338,2014-05-03,[ 07:38 ],1,187
3339,2014-05-03,[ 07:39 ],1,186
3340,2014-05-03,[ 07:40 ],1,186
3341,2014-05-03,[ 07:41 ],1,185
3342,2014-05-03,[ 07:42 ],1,187
3343,2014-05-03,[ 07:43 ],1,189
3344,2014-05-03,[ 07:44 ],1,2640
3345,2014-05-03,[ 07:45 ],1,2650
3346,2014-05-03,[ 07:46 ],1,2608
3347,2014-05-03,[ 07:47 ],1,1932
3348,2014-05-03,[ 07:48 ],1,1920
3349,2014-05-03,[ 07:49 ],1,4436
3350,2014-05-03,[ 07:50 ],1,1955
3351,2014-05-03,[ 07:51 ],1,1958
3352,2014-05-03,[ 07:52 ],1,3471
3353,2014-05-03,[ 07:53 ],1,3460
3354,2014-05-03,[ 07:54 ],1,3414
3355,2014-05-03,[ 07:55 ],1,3368
3356,2014-05-03,[ 07:56 ],1,1706
3357,2014-05-03,[ 07:57 ],1,264
3358,2014-05-03,[ 07:58 ],1,277
3359,2014-05-03,[ 07:59 ],1,309
3360,2014-05-03,[ 08:00 ],1,265
3361,2014-05-03,[ 08:01 ],1,273
3362,2014-05-03,[ 08:02 ],1,271
3363,2014-05-03,[ 08:03 ],1,262
3364,2014-05-03,[ 08:04 ],1,265
3365,2014-05-03,[ 08:05 ],1,281
3366,2014-05-03,[ 08:06 ],1,280
3367,2014-05-03,[ 08:07 ],1,309
3368,2014-05-03,[ 08:08 ],1,288
3369,2014-05-03,[ 08:09 ],1,305
3370,2014-05-03,[ 08:10 ],1,260
3371,2014-05-03,[ 08:11 ],1,259
3372,2014-05-03,[ 08:12 ],1,371
3373,2014-05-03,[ 08:13 ],1,339
3374,2014-05-03,[ 08:14 ],1,328
3375,2014-05-03,[ 08:15 ],1,334
3376,2014-05-03,[ 08:16 ],1,330
3377,2014-05-03,[ 08:17 ],1,331
3378,2014-05-03,[ 08:18 ],1,342
3379,2014-05-03,[ 08:19 ],1,326
3380,2014-05-03,[ 08:20 ],1,317
3381,2014-05-03,[ 08:21 ],1,334
3382,2014-05-03,[ 08:22 ],1,346
3383,2014-05-03,[ 08:23 ],1,374
3384,2014-05-03,[ 08:24 ],1,358
3385,2014-05-03,[ 08:25 ],1,337
3386,2014-05-03,[ 08:26 ],1,344
3387,2014-05-03,[ 08:27 ],1,363
3388,2014-05-03,[ 08:28 ],1,356
3389,2014-05-03,[ 08:29 ],1,343
3390,2014-05-03,[ 08:30 ],1,337
3391,2014-05-03,[ 08:31 ],1,334
3392,2014-05-03,[ 08:32 ],1,328
3393,2014-05-03,[ 08:33 ],1,334
3394,2014-05-03,[ 08:34 ],1,320
3395,2014-05-03,[ 08:35 ],1,327
3396,2014-05-03,[ 08:36 ],1,324
3397,2014-05-03,[ 08:37 ],1,335
3398,2014-05-03,[ 08:38 ],1,335
3399,2014-05-03,[ 08:39 ],1,322
3400,2014-05-03,[ 08:40 ],1,341
3401,2014-05-03,[ 08:41 ],1,319
3402,2014-05-03,[ 08:42 ],1,339
3403,2014-05-03,[ 08:43 ],1,324
3404,2014-05-03,[ 08:44 ],1,262
3405,2014-05-03,[ 08:45 ],1,256
3406,2014-05-03,[ 08:46 ],1,188
3407,2014-05-03,[ 08:47 ],1,188
3408,2014-05-03,[ 08:48 ],1,190
3409,2014-05-03,[ 08:49 ],1,189
3410,2014-05-03,[ 08:50 ],1,190
3411,2014-05-03,[ 08:51 ],1,190
3412,2014-05-03,[ 08:52 ],1,187
3413,2014-05-03,[ 08:53 ],1,187
3414,2014-05-03,[ 08:54 ],1,188
3415,2014-05-03,[ 08:55 ],1,189
3416,2014-05-03,[ 08:56 ],1,189
3417,2014-05-03,[ 08:57 ],1,187
3418,2014-05-03,[ 08:58 ],1,191
3419,2014-05-03,[ 08:59 ],1,188
3420,2014-05-03,[ 09:00 ],1,191
3421,2014-05-03,[ 09:01 ],1,189
3422,2014-05-03,[ 09:02 ],1,192
3423,2014-05-03,[ 09:03 ],1,192
3424,2014-05-03,[ 09:04 ],1,191
3425,2014-05-03,[ 09:05 ],1,192
3426,2014-05-03,[ 09:06 ],1,189
3427,2014-05-03,[ 09:07 ],1,188
3428,2014-05-03,[ 09:08 ],1,188
3429,2014-05-03,[ 09:09 ],1,189
3430,2014-05-03,[ 09:10 ],1,188
3431,2014-05-03,[ 09:11 ],1,190
3432,2014-05-03,[ 09:12 ],1,190
3433,2014-05-03,[ 09:13 ],1,187
3434,2014-05-03,[ 09:14 ],1,188
3435,2014-05-03,[ 09:15 ],1,190
3436,2014-05-03,[ 09:16 ],1,187
3437,2014-05-03,[ 09:17 ],1,190
3438,2014-05-03,[ 09:18 ],1,189
3439,2014-05-03,[ 09:19 ],1,190
3440,2014-05-03,[ 09:20 ],1,192
3441,2014-05-03,[ 09:21 ],1,190
3442,2014-05-03,[ 09:22 ],1,190
3443,2014-05-03,[ 09:23 ],1,190
3444,2014-05-03,[ 09:24 ],1,189
3445,2014-05-03,[ 09:25 ],1,191
3446,2014-05-03,[ 09:26 ],1,191
3447,2014-05-03,[ 09:27 ],1,277
3448,2014-05-03,[ 09:28 ],1,274
3449,2014-05-03,[ 09:29 ],1,265
3450,2014-05-03,[ 09:30 ],1,265
3451,2014-05-03,[ 09:31 ],1,260
3452,2014-05-03,[ 09:32 ],1,258
3453,2014-05-03,[ 09:33 ],1,260
3454,2014-05-03,[ 09:34 ],1,261
3455,2014-05-03,[ 09:35 ],1,260
3456,2014-05-03,[ 09:36 ],1,259
3457,2014-05-03,[ 09:37 ],1,259
3458,2014-05-03,[ 09:38 ],1,254
3459,2014-05-03,[ 09:39 ],1,190
3460,2014-05-03,[ 09:40 ],1,189
3461,2014-05-03,[ 09:41 ],1,189
3462,2014-05-03,[ 09:42 ],1,190
3463,2014-05-03,[ 09:43 ],1,190
3464,2014-05-03,[ 09:44 ],1,191
3465,2014-05-03,[ 09:45 ],1,191
3466,2014-05-03,[ 09:46 ],1,190
3467,2014-05-03,[ 09:47 ],1,191
3468,2014-05-03,[ 09:48 ],1,191
3469,2014-05-03,[ 09:49 ],1,191
3470,2014-05-03,[ 09:50 ],1,187
3471,2014-05-03,[ 09:51 ],1,190
3472,2014-05-03,[ 09:52 ],1,188
3473,2014-05-03,[ 09:53 ],1,192
3474,2014-05-03,[ 09:54 ],1,189
3475,2014-05-03,[ 09:55 ],1,191
3476,2014-05-03,[ 09:56 ],1,191
3477,2014-05-03,[ 09:57 ],1,188
3478,2014-05-03,[ 09:58 ],1,188
3479,2014-05-03,[ 09:59 ],1,190
3480,2014-05-03,[ 10:00 ],1,193
3481,2014-05-03,[ 10:01 ],1,192
3482,2014-05-03,[ 10:02 ],1,275
3483,2014-05-03,[ 10:03 ],1,270
3484,2014-05-03,[ 10:04 ],1,2673
3485,2014-05-03,[ 10:05 ],1,2673
3486,2014-05-03,[ 10:06 ],1,2645
3487,2014-05-03,[ 10:07 ],1,2568
3488,2014-05-03,[ 10:08 ],1,1738
3489,2014-05-03,[ 10:09 ],1,1738
3490,2014-05-03,[ 10:10 ],1,1502
3491,2014-05-03,[ 10:11 ],1,1546
3492,2014-05-03,[ 10:12 ],1,1543
3493,2014-05-03,[ 10:13 ],1,1490
3494,2014-05-03,[ 10:14 ],1,1510
3495,2014-05-03,[ 10:15 ],1,313
3496,2014-05-03,[ 10:16 ],1,312
3497,2014-05-03,[ 10:17 ],1,305
3498,2014-05-03,[ 10:18 ],1,259
3499,2014-05-03,[ 10:19 ],1,258
3500,2014-05-03,[ 10:20 ],1,256
3501,2014-05-03,[ 10:21 ],1,257
3502,2014-05-03,[ 10:22 ],1,259
3503,2014-05-03,[ 10:23 ],1,256
3504,2014-05-03,[ 10:24 ],1,257
3505,2014-05-03,[ 10:25 ],1,262
3506,2014-05-03,[ 10:26 ],1,264
3507,2014-05-03,[ 10:27 ],1,262
3508,2014-05-03,[ 10:28 ],1,260
3509,2014-05-03,[ 10:29 ],1,260
3510,2014-05-03,[ 10:30 ],1,261
3511,2014-05-03,[ 10:31 ],1,260
3512,2014-05-03,[ 10:32 ],1,254
3513,2014-05-03,[ 10:33 ],1,258
3514,2014-05-03,[ 10:34 ],1,253
3515,2014-05-03,[ 10:35 ],1,254
3516,2014-05-03,[ 10:36 ],1,187
3517,2014-05-03,[ 10:37 ],1,188
3518,2014-05-03,[ 10:38 ],1,189
3519,2014-05-03,[ 10:39 ],1,188
3520,2014-05-03,[ 10:40 ],1,188
3521,2014-05-03,[ 10:41 ],1,187
3522,2014-05-03,[ 10:42 ],1,187
3523,2014-05-03,[ 10:43 ],1,188
3524,2014-05-03,[ 10:44 ],1,188
3525,2014-05-03,[ 10:45 ],1,188
3526,2014-05-03,[ 10:46 ],1,188
3527,2014-05-03,[ 10:47 ],1,188
3528,2014-05-03,[ 10:48 ],1,187
3529,2014-05-03,[ 10:49 ],1,188
3530,2014-05-03,[ 10:50 ],1,186
3531,2014-05-03,[ 10:51 ],1,189
3532,2014-05-03,[ 10:52 ],1,188
3533,2014-05-03,[ 10:53 ],1,188
3534,2014-05-03,[ 10:54 ],1,190
3535,2014-05-03,[ 10:55 ],1,189
3536,2014-05-03,[ 10:56 ],1,188
3537,2014-05-03,[ 10:57 ],1,186
3538,2014-05-03,[ 10:58 ],1,189
3539,2014-05-03,[ 10:59 ],1,201
3540,2014-05-03,[ 11:00 ],1,1971
3541,2014-05-03,[ 11:01 ],1,1954
3542,2014-05-03,[ 11:02 ],1,189
3543,2014-05-03,[ 11:03 ],1,190
3544,2014-05-03,[ 11:04 ],1,190
3545,2014-05-03,[ 11:05 ],1,190
3546,2014-05-03,[ 11:06 ],1,191
3547,2014-05-03,[ 11:07 ],1,188
3548,2014-05-03,[ 11:08 ],1,188
3549,2014-05-03,[ 11:09 ],1,187
3550,2014-05-03,[ 11:10 ],1,189
3551,2014-05-03,[ 11:11 ],1,185
3552,2014-05-03,[ 11:12 ],1,185
3553,2014-05-03,[ 11:13 ],1,186
3554,2014-05-03,[ 11:14 ],1,187
3555,2014-05-03,[ 11:15 ],1,187
3556,2014-05-03,[ 11:16 ],1,187
3557,2014-05-03,[ 11:17 ],1,186
3558,2014-05-03,[ 11:18 ],1,186
3559,2014-05-03,[ 11:19 ],1,187
3560,2014-05-03,[ 11:20 ],1,186
3561,2014-05-03,[ 11:21 ],1,187
3562,2014-05-03,[ 11:22 ],1,187
3563,2014-05-03,[ 11:23 ],1,186
3564,2014-05-03,[ 11:24 ],1,187
3565,2014-05-03,[ 11:25 ],1,187
3566,2014-05-03,[ 11:26 ],1,269
3567,2014-05-03,[ 11:27 ],1,266
3568,2014-05-03,[ 11:28 ],1,258
3569,2014-05-03,[ 11:29 ],1,261
3570,2014-05-03,[ 11:30 ],1,261
3571,2014-05-03,[ 11:31 ],1,260
3572,2014-05-03,[ 11:32 ],1,259
3573,2014-05-03,[ 11:33 ],1,259
3574,2014-05-03,[ 11:34 ],1,261
3575,2014-05-03,[ 11:35 ],1,260
3576,2014-05-03,[ 11:36 ],1,259
3577,2014-05-03,[ 11:37 ],1,254
3578,2014-05-03,[ 11:38 ],1,190
3579,2014-05-03,[ 11:39 ],1,188
3580,2014-05-03,[ 11:40 ],1,186
3581,2014-05-03,[ 11:41 ],1,186
3582,2014-05-03,[ 11:42 ],1,187
3583,2014-05-03,[ 11:43 ],1,190
3584,2014-05-03,[ 11:44 ],1,189
3585,2014-05-03,[ 11:45 ],1,188
3586,2014-05-03,[ 11:46 ],1,187
3587,2014-05-03,[ 11:47 ],1,190
3588,2014-05-03,[ 11:48 ],1,188
3589,2014-05-03,[ 11:49 ],1,189
3590,2014-05-03,[ 11:50 ],1,189
3591,2014-05-03,[ 11:51 ],1,188
3592,2014-05-03,[ 11:52 ],1,188
3593,2014-05-03,[ 11:53 ],1,190
3594,2014-05-03,[ 11:54 ],1,190
3595,2014-05-03,[ 11:55 ],1,188
3596,2014-05-03,[ 11:56 ],1,187
3597,2014-05-03,[ 11:57 ],1,187
3598,2014-05-03,[ 11:58 ],1,189
3599,2014-05-03,[ 11:59 ],1,188
3600,2014-05-03,[ 12:00 ],1,189
3601,2014-05-03,[ 12:01 ],1,189
3602,2014-05-03,[ 12:02 ],1,189
3603,2014-05-03,[ 12:03 ],1,189
3604,2014-05-03,[ 12:04 ],1,189
3605,2014-05-03,[ 12:05 ],1,187
3606,2014-05-03,[ 12:06 ],1,273
3607,2014-05-03,[ 12:07 ],1,273
3608,2014-05-03,[ 12:08 ],1,257
3609,2014-05-03,[ 12:09 ],1,254
3610,2014-05-03,[ 12:10 ],1,258
3611,2014-05-03,[ 12:11 ],1,261
3612,2014-05-03,[ 12:12 ],1,260
3613,2014-05-03,[ 12:13 ],1,261
3614,2014-05-03,[ 12:14 ],1,259
3615,2014-05-03,[ 12:15 ],1,260
3616,2014-05-03,[ 12:16 ],1,261
3617,2014-05-03,[ 12:17 ],1,261
3618,2014-05-03,[ 12:18 ],1,258
3619,2014-05-03,[ 12:19 ],1,257
3620,2014-05-03,[ 12:20 ],1,259
3621,2014-05-03,[ 12:21 ],1,258
3622,2014-05-03,[ 12:22 ],1,259
3623,2014-05-03,[ 12:23 ],1,258
3624,2014-05-03,[ 12:24 ],1,258
3625,2014-05-03,[ 12:25 ],1,264
3626,2014-05-03,[ 12:26 ],1,269
3627,2014-05-03,[ 12:27 ],1,264
3628,2014-05-03,[ 12:28 ],1,262
3629,2014-05-03,[ 12:29 ],1,259
3630,2014-05-03,[ 12:30 ],1,259
3631,2014-05-03,[ 12:31 ],1,258
3632,2014-05-03,[ 12:32 ],1,258
3633,2014-05-03,[ 12:33 ],1,258
3634,2014-05-03,[ 12:34 ],1,254
3635,2014-05-03,[ 12:35 ],1,252
3636,2014-05-03,[ 12:36 ],1,187
3637,2014-05-03,[ 12:37 ],1,186
3638,2014-05-03,[ 12:38 ],1,187
3639,2014-05-03,[ 12:39 ],1,188
3640,2014-05-03,[ 12:40 ],1,188
3641,2014-05-03,[ 12:41 ],1,187
3642,2014-05-03,[ 12:42 ],1,185
3643,2014-05-03,[ 12:43 ],1,191
3644,2014-05-03,[ 12:44 ],1,185
3645,2014-05-03,[ 12:45 ],1,185
3646,2014-05-03,[ 12:46 ],1,187
3647,2014-05-03,[ 12:47 ],1,188
3648,2014-05-03,[ 12:48 ],1,187
3649,2014-05-03,[ 12:49 ],1,186
3650,2014-05-03,[ 12:50 ],1,186
3651,2014-05-03,[ 12:51 ],1,187
3652,2014-05-03,[ 12:52 ],1,186
3653,2014-05-03,[ 12:53 ],1,186
3654,2014-05-03,[ 12:54 ],1,186
3655,2014-05-03,[ 12:55 ],1,185
3656,2014-05-03,[ 12:56 ],1,185
3657,2014-05-03,[ 12:57 ],1,186
3658,2014-05-03,[ 12:58 ],1,187
3659,2014-05-03,[ 12:59 ],1,186
3660,2014-05-03,[ 13:00 ],1,189
3661,2014-05-03,[ 13:01 ],1,189
3662,2014-05-03,[ 13:02 ],1,189
3663,2014-05-03,[ 13:03 ],1,186
3664,2014-05-03,[ 13:04 ],1,188
3665,2014-05-03,[ 13:05 ],1,187
3666,2014-05-03,[ 13:06 ],1,189
3667,2014-05-03,[ 13:07 ],1,186
3668,2014-05-03,[ 13:08 ],1,189
3669,2014-05-03,[ 13:09 ],1,185
3670,2014-05-03,[ 13:10 ],1,185
3671,2014-05-03,[ 13:11 ],1,188
3672,2014-05-03,[ 13:12 ],1,187
3673,2014-05-03,[ 13:13 ],1,187
3674,2014-05-03,[ 13:14 ],1,187
3675,2014-05-03,[ 13:15 ],1,185
3676,2014-05-03,[ 13:16 ],1,417
3677,2014-05-03,[ 13:17 ],1,418
3678,2014-05-03,[ 13:18 ],1,420
3679,2014-05-03,[ 13:19 ],1,417
3680,2014-05-03,[ 13:20 ],1,418
3681,2014-05-03,[ 13:21 ],1,418
3682,2014-05-03,[ 13:22 ],1,415
3683,2014-05-03,[ 13:23 ],1,418
3684,2014-05-03,[ 13:24 ],1,416
3685,2014-05-03,[ 13:25 ],1,414
3686,2014-05-03,[ 13:26 ],1,414
3687,2014-05-03,[ 13:27 ],1,411
3688,2014-05-03,[ 13:28 ],1,184
3689,2014-05-03,[ 13:29 ],1,185
3690,2014-05-03,[ 13:30 ],1,186
3691,2014-05-03,[ 13:31 ],1,185
3692,2014-05-03,[ 13:32 ],1,186
3693,2014-05-03,[ 13:33 ],1,186
3694,2014-05-03,[ 13:34 ],1,185
3695,2014-05-03,[ 13:35 ],1,188
3696,2014-05-03,[ 13:36 ],1,187
3697,2014-05-03,[ 13:37 ],1,189
3698,2014-05-03,[ 13:38 ],1,189
3699,2014-05-03,[ 13:39 ],1,189
3700,2014-05-03,[ 13:40 ],1,188
3701,2014-05-03,[ 13:41 ],1,337
3702,2014-05-03,[ 13:42 ],1,275
3703,2014-05-03,[ 13:43 ],1,270
3704,2014-05-03,[ 13:44 ],1,275
3705,2014-05-03,[ 13:45 ],1,280
3706,2014-05-03,[ 13:46 ],1,278
3707,2014-05-03,[ 13:47 ],1,275
3708,2014-05-03,[ 13:48 ],1,275
3709,2014-05-03,[ 13:49 ],1,276
3710,2014-05-03,[ 13:50 ],1,273
3711,2014-05-03,[ 13:51 ],1,272
3712,2014-05-03,[ 13:52 ],1,272
3713,2014-05-03,[ 13:53 ],1,271
3714,2014-05-03,[ 13:54 ],1,269
3715,2014-05-03,[ 13:55 ],1,267
3716,2014-05-03,[ 13:56 ],1,267
3717,2014-05-03,[ 13:57 ],1,267
3718,2014-05-03,[ 13:58 ],1,264
3719,2014-05-03,[ 13:59 ],1,262
3720,2014-05-03,[ 14:00 ],1,261
3721,2014-05-03,[ 14:01 ],1,262
3722,2014-05-03,[ 14:02 ],1,259
3723,2014-05-03,[ 14:03 ],1,260
3724,2014-05-03,[ 14:04 ],1,261
3725,2014-05-03,[ 14:05 ],1,266
3726,2014-05-03,[ 14:06 ],1,266
3727,2014-05-03,[ 14:07 ],1,266
3728,2014-05-03,[ 14:08 ],1,264
3729,2014-05-03,[ 14:09 ],1,262
3730,2014-05-03,[ 14:10 ],1,264
3731,2014-05-03,[ 14:11 ],1,262
3732,2014-05-03,[ 14:12 ],1,260
3733,2014-05-03,[ 14:13 ],1,259
3734,2014-05-03,[ 14:14 ],1,260
3735,2014-05-03,[ 14:15 ],1,259
3736,2014-05-03,[ 14:16 ],1,259
3737,2014-05-03,[ 14:17 ],1,260
3738,2014-05-03,[ 14:18 ],1,259
3739,2014-05-03,[ 14:19 ],1,260
3740,2014-05-03,[ 14:20 ],1,261
3741,2014-05-03,[ 14:21 ],1,259
3742,2014-05-03,[ 14:22 ],1,260
3743,2014-05-03,[ 14:23 ],1,262
3744,2014-05-03,[ 14:24 ],1,264
3745,2014-05-03,[ 14:25 ],1,260
3746,2014-05-03,[ 14:26 ],1,260
3747,2014-05-03,[ 14:27 ],1,260
3748,2014-05-03,[ 14:28 ],1,256
3749,2014-05-03,[ 14:29 ],1,259
3750,2014-05-03,[ 14:30 ],1,256
3751,2014-05-03,[ 14:31 ],1,254
3752,2014-05-03,[ 14:32 ],1,254
3753,2014-05-03,[ 14:33 ],1,253
3754,2014-05-03,[ 14:34 ],1,254
3755,2014-05-03,[ 14:35 ],1,256
3756,2014-05-03,[ 14:36 ],1,188
3757,2014-05-03,[ 14:37 ],1,186
3758,2014-05-03,[ 14:38 ],1,188
3759,2014-05-03,[ 14:39 ],1,185
3760,2014-05-03,[ 14:40 ],1,185
3761,2014-05-03,[ 14:41 ],1,186
3762,2014-05-03,[ 14:42 ],1,186
3763,2014-05-03,[ 14:43 ],1,185
3764,2014-05-03,[ 14:44 ],1,187
3765,2014-05-03,[ 14:45 ],1,188
3766,2014-05-03,[ 14:46 ],1,188
3767,2014-05-03,[ 14:47 ],1,187
3768,2014-05-03,[ 14:48 ],1,185
3769,2014-05-03,[ 14:49 ],1,187
3770,2014-05-03,[ 14:50 ],1,187
3771,2014-05-03,[ 14:51 ],1,188
3772,2014-05-03,[ 14:52 ],1,186
3773,2014-05-03,[ 14:53 ],1,188
3774,2014-05-03,[ 14:54 ],1,186
3775,2014-05-03,[ 14:55 ],1,188
3776,2014-05-03,[ 14:56 ],1,189
3777,2014-05-03,[ 14:57 ],1,189
3778,2014-05-03,[ 14:58 ],1,189
3779,2014-05-03,[ 14:59 ],1,191
3780,2014-05-03,[ 15:00 ],1,188
3781,2014-05-03,[ 15:01 ],1,189
3782,2014-05-03,[ 15:02 ],1,190
3783,2014-05-03,[ 15:03 ],1,189
3784,2014-05-03,[ 15:04 ],1,190
3785,2014-05-03,[ 15:05 ],1,189
3786,2014-05-03,[ 15:06 ],1,186
3787,2014-05-03,[ 15:07 ],1,185
3788,2014-05-03,[ 15:08 ],1,187
3789,2014-05-03,[ 15:09 ],1,187
3790,2014-05-03,[ 15:10 ],1,188
3791,2014-05-03,[ 15:11 ],1,185
3792,2014-05-03,[ 15:12 ],1,187
3793,2014-05-03,[ 15:13 ],1,188
3794,2014-05-03,[ 15:14 ],1,186
3795,2014-05-03,[ 15:15 ],1,189
3796,2014-05-03,[ 15:16 ],1,187
3797,2014-05-03,[ 15:17 ],1,188
3798,2014-05-03,[ 15:18 ],1,185
3799,2014-05-03,[ 15:19 ],1,186
3800,2014-05-03,[ 15:20 ],1,185
3801,2014-05-03,[ 15:21 ],1,189
3802,2014-05-03,[ 15:22 ],1,189
3803,2014-05-03,[ 15:23 ],1,188
3804,2014-05-03,[ 15:24 ],1,187
3805,2014-05-03,[ 15:25 ],1,187
3806,2014-05-03,[ 15:26 ],1,186
3807,2014-05-03,[ 15:27 ],1,188
3808,2014-05-03,[ 15:28 ],1,185
3809,2014-05-03,[ 15:29 ],1,186
3810,2014-05-03,[ 15:30 ],1,185
3811,2014-05-03,[ 15:31 ],1,276
3812,2014-05-03,[ 15:32 ],1,259
3813,2014-05-03,[ 15:33 ],1,262
3814,2014-05-03,[ 15:34 ],1,264
3815,2014-05-03,[ 15:35 ],1,260
3816,2014-05-03,[ 15:36 ],1,260
3817,2014-05-03,[ 15:37 ],1,259
3818,2014-05-03,[ 15:38 ],1,259
3819,2014-05-03,[ 15:39 ],1,257
3820,2014-05-03,[ 15:40 ],1,259
3821,2014-05-03,[ 15:41 ],1,257
3822,2014-05-03,[ 15:42 ],1,186
3823,2014-05-03,[ 15:43 ],1,186
3824,2014-05-03,[ 15:44 ],1,185
3825,2014-05-03,[ 15:45 ],1,187
3826,2014-05-03,[ 15:46 ],1,184
3827,2014-05-03,[ 15:47 ],1,185
3828,2014-05-03,[ 15:48 ],1,194
3829,2014-05-03,[ 15:49 ],1,196
3830,2014-05-03,[ 15:50 ],1,187
3831,2014-05-03,[ 15:51 ],1,185
3832,2014-05-03,[ 15:52 ],1,185
3833,2014-05-03,[ 15:53 ],1,185
3834,2014-05-03,[ 15:54 ],1,201
3835,2014-05-03,[ 15:55 ],1,907
3836,2014-05-03,[ 15:56 ],1,907
3837,2014-05-03,[ 15:57 ],1,260
3838,2014-05-03,[ 15:58 ],1,258
3839,2014-05-03,[ 15:59 ],1,260
3840,2014-05-03,[ 16:00 ],1,274
3841,2014-05-03,[ 16:01 ],1,1957
3842,2014-05-03,[ 16:02 ],1,1965
3843,2014-05-03,[ 16:03 ],1,1969
3844,2014-05-03,[ 16:04 ],1,278
3845,2014-05-03,[ 16:05 ],1,262
3846,2014-05-03,[ 16:06 ],1,264
3847,2014-05-03,[ 16:07 ],1,262
3848,2014-05-03,[ 16:08 ],1,261
3849,2014-05-03,[ 16:09 ],1,261
3850,2014-05-03,[ 16:10 ],1,276
3851,2014-05-03,[ 16:11 ],1,261
3852,2014-05-03,[ 16:12 ],1,261
3853,2014-05-03,[ 16:13 ],1,258
3854,2014-05-03,[ 16:14 ],1,260
3855,2014-05-03,[ 16:15 ],1,259
3856,2014-05-03,[ 16:16 ],1,2666
3857,2014-05-03,[ 16:17 ],1,2628
3858,2014-05-03,[ 16:18 ],1,2583
3859,2014-05-03,[ 16:19 ],1,253
3860,2014-05-03,[ 16:20 ],1,252
3861,2014-05-03,[ 16:21 ],1,250
3862,2014-05-03,[ 16:22 ],1,250
3863,2014-05-03,[ 16:23 ],1,249
3864,2014-05-03,[ 16:24 ],1,250
3865,2014-05-03,[ 16:25 ],1,247
3866,2014-05-03,[ 16:26 ],1,335
3867,2014-05-03,[ 16:27 ],1,404
3868,2014-05-03,[ 16:28 ],1,414
3869,2014-05-03,[ 16:29 ],1,429
3870,2014-05-03,[ 16:30 ],1,423
3871,2014-05-03,[ 16:31 ],1,421
3872,2014-05-03,[ 16:32 ],1,422
3873,2014-05-03,[ 16:33 ],1,423
3874,2014-05-03,[ 16:34 ],1,418
3875,2014-05-03,[ 16:35 ],1,416
3876,2014-05-03,[ 16:36 ],1,410
3877,2014-05-03,[ 16:37 ],1,433
3878,2014-05-03,[ 16:38 ],1,423
3879,2014-05-03,[ 16:39 ],1,421
3880,2014-05-03,[ 16:40 ],1,417
3881,2014-05-03,[ 16:41 ],1,417
3882,2014-05-03,[ 16:42 ],1,417
3883,2014-05-03,[ 16:43 ],1,414
3884,2014-05-03,[ 16:44 ],1,416
3885,2014-05-03,[ 16:45 ],1,421
3886,2014-05-03,[ 16:46 ],1,422
3887,2014-05-03,[ 16:47 ],1,421
3888,2014-05-03,[ 16:48 ],1,417
3889,2014-05-03,[ 16:49 ],1,407
3890,2014-05-03,[ 16:50 ],1,416
3891,2014-05-03,[ 16:51 ],1,418
3892,2014-05-03,[ 16:52 ],1,417
3893,2014-05-03,[ 16:53 ],1,433
3894,2014-05-03,[ 16:54 ],1,421
3895,2014-05-03,[ 16:55 ],1,413
3896,2014-05-03,[ 16:56 ],1,415
3897,2014-05-03,[ 16:57 ],1,400
3898,2014-05-03,[ 16:58 ],1,412
3899,2014-05-03,[ 16:59 ],1,415
3900,2014-05-03,[ 17:00 ],1,418
3901,2014-05-03,[ 17:01 ],1,418
3902,2014-05-03,[ 17:02 ],1,422
3903,2014-05-03,[ 17:03 ],1,418
3904,2014-05-03,[ 17:04 ],1,418
3905,2014-05-03,[ 17:05 ],1,420
3906,2014-05-03,[ 17:06 ],1,412
3907,2014-05-03,[ 17:07 ],1,411
3908,2014-05-03,[ 17:08 ],1,418
3909,2014-05-03,[ 17:09 ],1,487
3910,2014-05-03,[ 17:10 ],1,491
3911,2014-05-03,[ 17:11 ],1,490
3912,2014-05-03,[ 17:12 ],1,550
3913,2014-05-03,[ 17:13 ],1,544
3914,2014-05-03,[ 17:14 ],1,528
3915,2014-05-03,[ 17:15 ],1,535
3916,2014-05-03,[ 17:16 ],1,546
3917,2014-05-03,[ 17:17 ],1,555
3918,2014-05-03,[ 17:18 ],1,529
3919,2014-05-03,[ 17:19 ],1,532
3920,2014-05-03,[ 17:20 ],1,510
3921,2014-05-03,[ 17:21 ],1,519
3922,2014-05-03,[ 17:22 ],1,2104
3923,2014-05-03,[ 17:23 ],1,2117
3924,2014-05-03,[ 17:24 ],1,393
3925,2014-05-03,[ 17:25 ],1,411
3926,2014-05-03,[ 17:26 ],1,311
3927,2014-05-03,[ 17:27 ],1,304
3928,2014-05-03,[ 17:28 ],1,308
3929,2014-05-03,[ 17:29 ],1,309
3930,2014-05-03,[ 17:30 ],1,307
3931,2014-05-03,[ 17:31 ],1,210
3932,2014-05-03,[ 17:32 ],1,180
3933,2014-05-03,[ 17:33 ],1,273
3934,2014-05-03,[ 17:34 ],1,239
3935,2014-05-03,[ 17:35 ],1,236
3936,2014-05-03,[ 17:36 ],1,273
3937,2014-05-03,[ 17:37 ],1,277
3938,2014-05-03,[ 17:38 ],1,278
3939,2014-05-03,[ 17:39 ],1,239
3940,2014-05-03,[ 17:40 ],1,241
3941,2014-05-03,[ 17:41 ],1,239
3942,2014-05-03,[ 17:42 ],1,238
3943,2014-05-03,[ 17:43 ],1,237
3944,2014-05-03,[ 17:44 ],1,240
3945,2014-05-03,[ 17:45 ],1,236
3946,2014-05-03,[ 17:46 ],1,274
3947,2014-05-03,[ 17:47 ],1,274
3948,2014-05-03,[ 17:48 ],1,280
3949,2014-05-03,[ 17:49 ],1,295
3950,2014-05-03,[ 17:50 ],1,282
3951,2014-05-03,[ 17:51 ],1,280
3952,2014-05-03,[ 17:52 ],1,277
3953,2014-05-03,[ 17:53 ],1,282
3954,2014-05-03,[ 17:54 ],1,299
3955,2014-05-03,[ 17:55 ],1,298
3956,2014-05-03,[ 17:56 ],1,277
3957,2014-05-03,[ 17:57 ],1,277
3958,2014-05-03,[ 17:58 ],1,315
3959,2014-05-03,[ 17:59 ],1,320
3960,2014-05-03,[ 18:00 ],1,274
3961,2014-05-03,[ 18:01 ],1,210
3962,2014-05-03,[ 18:02 ],1,208
3963,2014-05-03,[ 18:03 ],1,210
3964,2014-05-03,[ 18:04 ],1,210
3965,2014-05-03,[ 18:05 ],1,212
3966,2014-05-03,[ 18:06 ],1,210
3967,2014-05-03,[ 18:07 ],1,210
3968,2014-05-03,[ 18:08 ],1,210
3969,2014-05-03,[ 18:09 ],1,210
3970,2014-05-03,[ 18:10 ],1,210
3971,2014-05-03,[ 18:11 ],1,246
3972,2014-05-03,[ 18:12 ],1,247
3973,2014-05-03,[ 18:13 ],1,248
3974,2014-05-03,[ 18:14 ],1,193
3975,2014-05-03,[ 18:15 ],1,193
3976,2014-05-03,[ 18:16 ],1,192
3977,2014-05-03,[ 18:17 ],1,191
3978,2014-05-03,[ 18:18 ],1,190
3979,2014-05-03,[ 18:19 ],1,191
3980,2014-05-03,[ 18:20 ],1,192
3981,2014-05-03,[ 18:21 ],1,193
3982,2014-05-03,[ 18:22 ],1,194
3983,2014-05-03,[ 18:23 ],1,185
3984,2014-05-03,[ 18:24 ],1,184
3985,2014-05-03,[ 18:25 ],1,185
3986,2014-05-03,[ 18:26 ],1,186
3987,2014-05-03,[ 18:27 ],1,187
3988,2014-05-03,[ 18:28 ],1,186
3989,2014-05-03,[ 18:29 ],1,184
3990,2014-05-03,[ 18:30 ],1,177
3991,2014-05-03,[ 18:31 ],1,180
3992,2014-05-03,[ 18:32 ],1,179
3993,2014-05-03,[ 18:33 ],1,179
3994,2014-05-03,[ 18:34 ],1,269
3995,2014-05-03,[ 18:35 ],1,278
3996,2014-05-03,[ 18:36 ],1,270
3997,2014-05-03,[ 18:37 ],1,275
3998,2014-05-03,[ 18:38 ],1,267
3999,2014-05-03,[ 18:39 ],1,266
4000,2014-05-03,[ 18:40 ],1,356
4001,2014-05-03,[ 18:41 ],1,345
4002,2014-05-03,[ 18:42 ],1,355
4003,2014-05-03,[ 18:43 ],1,353
4004,2014-05-03,[ 18:44 ],1,363
4005,2014-05-03,[ 18:45 ],1,359
4006,2014-05-03,[ 18:46 ],1,2125
4007,2014-05-03,[ 18:47 ],1,2125
4008,2014-05-03,[ 18:48 ],1,2063
4009,2014-05-03,[ 18:49 ],1,2070
4010,2014-05-03,[ 18:50 ],1,2022
4011,2014-05-03,[ 18:51 ],1,2022
4012,2014-05-03,[ 18:52 ],1,411
4013,2014-05-03,[ 18:53 ],1,420
4014,2014-05-03,[ 18:54 ],1,412
4015,2014-05-03,[ 18:55 ],1,418
4016,2014-05-03,[ 18:56 ],1,401
4017,2014-05-03,[ 18:57 ],1,2235
4018,2014-05-03,[ 18:58 ],1,2235
4019,2014-05-03,[ 18:59 ],1,654
4020,2014-05-03,[ 19:00 ],1,638
4021,2014-05-03,[ 19:01 ],1,653
4022,2014-05-03,[ 19:02 ],1,544
4023,2014-05-03,[ 19:03 ],1,574
4024,2014-05-03,[ 19:04 ],1,565
4025,2014-05-03,[ 19:05 ],1,531
4026,2014-05-03,[ 19:06 ],1,519
4027,2014-05-03,[ 19:07 ],1,525
4028,2014-05-03,[ 19:08 ],1,540
4029,2014-05-03,[ 19:09 ],1,556
4030,2014-05-03,[ 19:10 ],1,556
4031,2014-05-03,[ 19:11 ],1,523
4032,2014-05-03,[ 19:12 ],1,545
4033,2014-05-03,[ 19:13 ],1,548
4034,2014-05-03,[ 19:14 ],1,534
4035,2014-05-03,[ 19:15 ],1,538
4036,2014-05-03,[ 19:16 ],1,533
4037,2014-05-03,[ 19:17 ],1,539
4038,2014-05-03,[ 19:18 ],1,519
4039,2014-05-03,[ 19:19 ],1,540
4040,2014-05-03,[ 19:20 ],1,550
4041,2014-05-03,[ 19:21 ],1,543
4042,2014-05-03,[ 19:22 ],1,542
4043,2014-05-03,[ 19:23 ],1,434
4044,2014-05-03,[ 19:24 ],1,446
4045,2014-05-03,[ 19:25 ],1,456
4046,2014-05-03,[ 19:26 ],1,465
4047,2014-05-03,[ 19:27 ],1,444
4048,2014-05-03,[ 19:28 ],1,446
4049,2014-05-03,[ 19:29 ],1,452
4050,2014-05-03,[ 19:30 ],1,465
4051,2014-05-03,[ 19:31 ],1,467
4052,2014-05-03,[ 19:32 ],1,472
4053,2014-05-03,[ 19:33 ],1,467
4054,2014-05-03,[ 19:34 ],1,444
4055,2014-05-03,[ 19:35 ],1,444
4056,2014-05-03,[ 19:36 ],1,467
4057,2014-05-03,[ 19:37 ],1,484
4058,2014-05-03,[ 19:38 ],1,463
4059,2014-05-03,[ 19:39 ],1,463
4060,2014-05-03,[ 19:40 ],1,458
4061,2014-05-03,[ 19:41 ],1,456
4062,2014-05-03,[ 19:42 ],1,447
4063,2014-05-03,[ 19:43 ],1,460
4064,2014-05-03,[ 19:44 ],1,455
4065,2014-05-03,[ 19:45 ],1,452
4066,2014-05-03,[ 19:46 ],1,444
4067,2014-05-03,[ 19:47 ],1,430
4068,2014-05-03,[ 19:48 ],1,483
4069,2014-05-03,[ 19:49 ],1,483
4070,2014-05-03,[ 19:50 ],1,467
4071,2014-05-03,[ 19:51 ],1,439
4072,2014-05-03,[ 19:52 ],1,446
4073,2014-05-03,[ 19:53 ],1,445
4074,2014-05-03,[ 19:54 ],1,440
4075,2014-05-03,[ 19:55 ],1,465
4076,2014-05-03,[ 19:56 ],1,450
4077,2014-05-03,[ 19:57 ],1,456
4078,2014-05-03,[ 19:58 ],1,423
4079,2014-05-03,[ 19:59 ],1,416
4080,2014-05-03,[ 20:00 ],1,417
4081,2014-05-03,[ 20:01 ],1,447
4082,2014-05-03,[ 20:02 ],1,567
4083,2014-05-03,[ 20:03 ],1,551
4084,2014-05-03,[ 20:04 ],1,581
4085,2014-05-03,[ 20:05 ],1,597
4086,2014-05-03,[ 20:06 ],1,580
4087,2014-05-03,[ 20:07 ],1,585
4088,2014-05-03,[ 20:08 ],1,675
4089,2014-05-03,[ 20:09 ],1,658
4090,2014-05-03,[ 20:10 ],1,650
4091,2014-05-03,[ 20:11 ],1,669
4092,2014-05-03,[ 20:12 ],1,669
4093,2014-05-03,[ 20:13 ],1,668
4094,2014-05-03,[ 20:14 ],1,668
4095,2014-05-03,[ 20:15 ],1,660
4096,2014-05-03,[ 20:16 ],1,644
4097,2014-05-03,[ 20:17 ],1,636
4098,2014-05-03,[ 20:18 ],1,654
4099,2014-05-03,[ 20:19 ],1,642
4100,2014-05-03,[ 20:20 ],1,581
4101,2014-05-03,[ 20:21 ],1,469
4102,2014-05-03,[ 20:22 ],1,446
4103,2014-05-03,[ 20:23 ],1,426
4104,2014-05-03,[ 20:24 ],1,429
4105,2014-05-03,[ 20:25 ],1,445
4106,2014-05-03,[ 20:26 ],1,478
4107,2014-05-03,[ 20:27 ],1,463
4108,2014-05-03,[ 20:28 ],1,449
4109,2014-05-03,[ 20:29 ],1,520
4110,2014-05-03,[ 20:30 ],1,632
4111,2014-05-03,[ 20:31 ],1,607
4112,2014-05-03,[ 20:32 ],1,540
4113,2014-05-03,[ 20:33 ],1,549
4114,2014-05-03,[ 20:34 ],1,543
4115,2014-05-03,[ 20:35 ],1,525
4116,2014-05-03,[ 20:36 ],1,526
4117,2014-05-03,[ 20:37 ],1,530
4118,2014-05-03,[ 20:38 ],1,521
4119,2014-05-03,[ 20:39 ],1,540
4120,2014-05-03,[ 20:40 ],1,540
4121,2014-05-03,[ 20:41 ],1,511
4122,2014-05-03,[ 20:42 ],1,511
4123,2014-05-03,[ 20:43 ],1,499
4124,2014-05-03,[ 20:44 ],1,525
4125,2014-05-03,[ 20:45 ],1,522
4126,2014-05-03,[ 20:46 ],1,530
4127,2014-05-03,[ 20:47 ],1,516
4128,2014-05-03,[ 20:48 ],1,520
4129,2014-05-03,[ 20:49 ],1,520
4130,2014-05-03,[ 20:50 ],1,537
4131,2014-05-03,[ 20:51 ],1,545
4132,2014-05-03,[ 20:52 ],1,533
4133,2014-05-03,[ 20:53 ],1,531
4134,2014-05-03,[ 20:54 ],1,518
4135,2014-05-03,[ 20:55 ],1,529
4136,2014-05-03,[ 20:56 ],1,521
4137,2014-05-03,[ 20:57 ],1,478
4138,2014-05-03,[ 20:58 ],1,453
4139,2014-05-03,[ 20:59 ],1,459
4140,2014-05-03,[ 21:00 ],1,448
4141,2014-05-03,[ 21:01 ],1,447
4142,2014-05-03,[ 21:02 ],1,456
4143,2014-05-03,[ 21:03 ],1,458
4144,2014-05-03,[ 21:04 ],1,455
4145,2014-05-03,[ 21:05 ],1,465
4146,2014-05-03,[ 21:06 ],1,453
4147,2014-05-03,[ 21:07 ],1,439
4148,2014-05-03,[ 21:08 ],1,427
4149,2014-05-03,[ 21:09 ],1,459
4150,2014-05-03,[ 21:10 ],1,444
4151,2014-05-03,[ 21:11 ],1,443
4152,2014-05-03,[ 21:12 ],1,520
4153,2014-05-03,[ 21:13 ],1,529
4154,2014-05-03,[ 21:14 ],1,418
4155,2014-05-03,[ 21:15 ],1,416
4156,2014-05-03,[ 21:16 ],1,417
4157,2014-05-03,[ 21:17 ],1,398
4158,2014-05-03,[ 21:18 ],1,397
4159,2014-05-03,[ 21:19 ],1,401
4160,2014-05-03,[ 21:20 ],1,399
4161,2014-05-03,[ 21:21 ],1,392
4162,2014-05-03,[ 21:22 ],1,403
4163,2014-05-03,[ 21:23 ],1,388
4164,2014-05-03,[ 21:24 ],1,391
4165,2014-05-03,[ 21:25 ],1,389
4166,2014-05-03,[ 21:26 ],1,409
4167,2014-05-03,[ 21:27 ],1,409
4168,2014-05-03,[ 21:28 ],1,394
4169,2014-05-03,[ 21:29 ],1,402
4170,2014-05-03,[ 21:30 ],1,232
4171,2014-05-03,[ 21:31 ],1,221
4172,2014-05-03,[ 21:32 ],1,222
4173,2014-05-03,[ 21:33 ],1,238
4174,2014-05-03,[ 21:34 ],1,264
4175,2014-05-03,[ 21:35 ],1,262
4176,2014-05-03,[ 21:36 ],1,266
4177,2014-05-03,[ 21:37 ],1,281
4178,2014-05-03,[ 21:38 ],1,285
4179,2014-05-03,[ 21:39 ],1,295
4180,2014-05-03,[ 21:40 ],1,294
4181,2014-05-03,[ 21:41 ],1,297
4182,2014-05-03,[ 21:42 ],1,385
4183,2014-05-03,[ 21:43 ],1,379
4184,2014-05-03,[ 21:44 ],1,370
4185,2014-05-03,[ 21:45 ],1,342
4186,2014-05-03,[ 21:46 ],1,332
4187,2014-05-03,[ 21:47 ],1,312
4188,2014-05-03,[ 21:48 ],1,316
4189,2014-05-03,[ 21:49 ],1,310
4190,2014-05-03,[ 21:50 ],1,309
4191,2014-05-03,[ 21:51 ],1,336
4192,2014-05-03,[ 21:52 ],1,339
4193,2014-05-03,[ 21:53 ],1,331
4194,2014-05-03,[ 21:54 ],1,274
4195,2014-05-03,[ 21:55 ],1,276
4196,2014-05-03,[ 21:56 ],1,275
4197,2014-05-03,[ 21:57 ],1,276
4198,2014-05-03,[ 21:58 ],1,276
4199,2014-05-03,[ 21:59 ],1,269
4200,2014-05-03,[ 22:00 ],1,270
4201,2014-05-03,[ 22:01 ],1,282
4202,2014-05-03,[ 22:02 ],1,289
4203,2014-05-03,[ 22:03 ],1,291
4204,2014-05-03,[ 22:04 ],1,254
4205,2014-05-03,[ 22:05 ],1,254
4206,2014-05-03,[ 22:06 ],1,249
4207,2014-05-03,[ 22:07 ],1,249
4208,2014-05-03,[ 22:08 ],1,234
4209,2014-05-03,[ 22:09 ],1,232
4210,2014-05-03,[ 22:10 ],1,236
4211,2014-05-03,[ 22:11 ],1,235
4212,2014-05-03,[ 22:12 ],1,234
4213,2014-05-03,[ 22:13 ],1,307
4214,2014-05-03,[ 22:14 ],1,305
4215,2014-05-03,[ 22:15 ],1,298
4216,2014-05-03,[ 22:16 ],1,295
4217,2014-05-03,[ 22:17 ],1,292
4218,2014-05-03,[ 22:18 ],1,293
4219,2014-05-03,[ 22:19 ],1,291
4220,2014-05-03,[ 22:20 ],1,291
4221,2014-05-03,[ 22:21 ],1,293
4222,2014-05-03,[ 22:22 ],1,289
4223,2014-05-03,[ 22:23 ],1,292
4224,2014-05-03,[ 22:24 ],1,287
4225,2014-05-03,[ 22:25 ],1,287
4226,2014-05-03,[ 22:26 ],1,292
4227,2014-05-03,[ 22:27 ],1,287
4228,2014-05-03,[ 22:28 ],1,288
4229,2014-05-03,[ 22:29 ],1,287
4230,2014-05-03,[ 22:30 ],1,288
4231,2014-05-03,[ 22:31 ],1,285
4232,2014-05-03,[ 22:32 ],1,292
4233,2014-05-03,[ 22:33 ],1,288
4234,2014-05-03,[ 22:34 ],1,286
4235,2014-05-03,[ 22:35 ],1,286
4236,2014-05-03,[ 22:36 ],1,286
4237,2014-05-03,[ 22:37 ],1,285
4238,2014-05-03,[ 22:38 ],1,283
4239,2014-05-03,[ 22:39 ],1,282
4240,2014-05-03,[ 22:40 ],1,282
4241,2014-05-03,[ 22:41 ],1,213
4242,2014-05-03,[ 22:42 ],1,215
4243,2014-05-03,[ 22:43 ],1,213
4244,2014-05-03,[ 22:44 ],1,214
4245,2014-05-03,[ 22:45 ],1,214
4246,2014-05-03,[ 22:46 ],1,214
4247,2014-05-03,[ 22:47 ],1,214
4248,2014-05-03,[ 22:48 ],1,214
4249,2014-05-03,[ 22:49 ],1,212
4250,2014-05-03,[ 22:50 ],1,212
4251,2014-05-03,[ 22:51 ],1,212
4252,2014-05-03,[ 22:52 ],1,213
4253,2014-05-03,[ 22:53 ],1,213
4254,2014-05-03,[ 22:54 ],1,213
4255,2014-05-03,[ 22:55 ],1,212
4256,2014-05-03,[ 22:56 ],1,214
4257,2014-05-03,[ 22:57 ],1,215
4258,2014-05-03,[ 22:58 ],1,213
4259,2014-05-03,[ 22:59 ],1,214
4260,2014-05-03,[ 23:00 ],1,227
4261,2014-05-03,[ 23:01 ],1,216
4262,2014-05-03,[ 23:02 ],1,216
4263,2014-05-03,[ 23:03 ],1,224
4264,2014-05-03,[ 23:04 ],1,214
4265,2014-05-03,[ 23:05 ],1,214
4266,2014-05-03,[ 23:06 ],1,211
4267,2014-05-03,[ 23:07 ],1,213
4268,2014-05-03,[ 23:08 ],1,213
4269,2014-05-03,[ 23:09 ],1,214
4270,2014-05-03,[ 23:10 ],1,214
4271,2014-05-03,[ 23:11 ],1,212
4272,2014-05-03,[ 23:12 ],1,214
4273,2014-05-03,[ 23:13 ],1,213
4274,2014-05-03,[ 23:14 ],1,213
4275,2014-05-03,[ 23:15 ],1,213
4276,2014-05-03,[ 23:16 ],1,212
4277,2014-05-03,[ 23:17 ],1,211
4278,2014-05-03,[ 23:18 ],1,211
4279,2014-05-03,[ 23:19 ],1,212
4280,2014-05-03,[ 23:20 ],1,211
4281,2014-05-03,[ 23:21 ],1,213
4282,2014-05-03,[ 23:22 ],1,211
4283,2014-05-03,[ 23:23 ],1,213
4284,2014-05-03,[ 23:24 ],1,212
4285,2014-05-03,[ 23:25 ],1,212
4286,2014-05-03,[ 23:26 ],1,208
4287,2014-05-03,[ 23:27 ],1,294
4288,2014-05-03,[ 23:28 ],1,284
4289,2014-05-03,[ 23:29 ],1,294
4290,2014-05-03,[ 23:30 ],1,215
4291,2014-05-03,[ 23:31 ],1,213
4292,2014-05-03,[ 23:32 ],1,213
4293,2014-05-03,[ 23:33 ],1,214
4294,2014-05-03,[ 23:34 ],1,213
4295,2014-05-03,[ 23:35 ],1,211
4296,2014-05-03,[ 23:36 ],1,210
4297,2014-05-03,[ 23:37 ],1,210
4298,2014-05-03,[ 23:38 ],1,158
4299,2014-05-03,[ 23:39 ],1,158
4300,2014-05-03,[ 23:40 ],1,160
4301,2014-05-03,[ 23:41 ],1,159
4302,2014-05-03,[ 23:42 ],1,159
4303,2014-05-03,[ 23:43 ],1,159
4304,2014-05-03,[ 23:44 ],1,160
4305,2014-05-03,[ 23:45 ],1,159
4306,2014-05-03,[ 23:46 ],1,159
4307,2014-05-03,[ 23:47 ],1,159
4308,2014-05-03,[ 23:48 ],1,161
4309,2014-05-03,[ 23:49 ],1,160
4310,2014-05-03,[ 23:50 ],1,158
4311,2014-05-03,[ 23:51 ],1,159
4312,2014-05-03,[ 23:52 ],1,157
4313,2014-05-03,[ 23:53 ],1,156
4314,2014-05-03,[ 23:54 ],1,156
4315,2014-05-03,[ 23:55 ],1,157
4316,2014-05-03,[ 23:56 ],1,156
4317,2014-05-03,[ 23:57 ],1,158
4318,2014-05-03,[ 23:58 ],1,157
4319,2014-05-03,[ 23:59 ],1,156
4320,2014-05-04,[ 00:00 ],1,300
4321,2014-05-04,[ 00:01 ],1,217
4322,2014-05-04,[ 00:02 ],1,210
4323,2014-05-04,[ 00:03 ],1,211
4324,2014-05-04,[ 00:04 ],1,215
4325,2014-05-04,[ 00:05 ],1,217
4326,2014-05-04,[ 00:06 ],1,215
4327,2014-05-04,[ 00:07 ],1,212
4328,2014-05-04,[ 00:08 ],1,214
4329,2014-05-04,[ 00:09 ],1,213
4330,2014-05-04,[ 00:10 ],1,214
4331,2014-05-04,[ 00:11 ],1,213
4332,2014-05-04,[ 00:12 ],1,212
4333,2014-05-04,[ 00:13 ],1,213
4334,2014-05-04,[ 00:14 ],1,215
4335,2014-05-04,[ 00:15 ],1,214
4336,2014-05-04,[ 00:16 ],1,214
4337,2014-05-04,[ 00:17 ],1,212
4338,2014-05-04,[ 00:18 ],1,217
4339,2014-05-04,[ 00:19 ],1,217
4340,2014-05-04,[ 00:20 ],1,216
4341,2014-05-04,[ 00:21 ],1,215
4342,2014-05-04,[ 00:22 ],1,212
4343,2014-05-04,[ 00:23 ],1,213
4344,2014-05-04,[ 00:24 ],1,211
4345,2014-05-04,[ 00:25 ],1,214
4346,2014-05-04,[ 00:26 ],1,212
4347,2014-05-04,[ 00:27 ],1,210
4348,2014-05-04,[ 00:28 ],1,158
4349,2014-05-04,[ 00:29 ],1,158
4350,2014-05-04,[ 00:30 ],1,158
4351,2014-05-04,[ 00:31 ],1,158
4352,2014-05-04,[ 00:32 ],1,156
4353,2014-05-04,[ 00:33 ],1,156
4354,2014-05-04,[ 00:34 ],1,157
4355,2014-05-04,[ 00:35 ],1,157
4356,2014-05-04,[ 00:36 ],1,158
4357,2014-05-04,[ 00:37 ],1,156
4358,2014-05-04,[ 00:38 ],1,157
4359,2014-05-04,[ 00:39 ],1,157
4360,2014-05-04,[ 00:40 ],1,158
4361,2014-05-04,[ 00:41 ],1,156
4362,2014-05-04,[ 00:42 ],1,156
4363,2014-05-04,[ 00:43 ],1,157
4364,2014-05-04,[ 00:44 ],1,158
4365,2014-05-04,[ 00:45 ],1,160
4366,2014-05-04,[ 00:46 ],1,160
4367,2014-05-04,[ 00:47 ],1,159
4368,2014-05-04,[ 00:48 ],1,160
4369,2014-05-04,[ 00:49 ],1,158
4370,2014-05-04,[ 00:50 ],1,159
4371,2014-05-04,[ 00:51 ],1,159
4372,2014-05-04,[ 00:52 ],1,159
4373,2014-05-04,[ 00:53 ],1,160
4374,2014-05-04,[ 00:54 ],1,158
4375,2014-05-04,[ 00:55 ],1,158
4376,2014-05-04,[ 00:56 ],1,157
4377,2014-05-04,[ 00:57 ],1,159
4378,2014-05-04,[ 00:58 ],1,159
4379,2014-05-04,[ 00:59 ],1,159
4380,2014-05-04,[ 01:00 ],1,161
4381,2014-05-04,[ 01:01 ],1,162
4382,2014-05-04,[ 01:02 ],1,161
4383,2014-05-04,[ 01:03 ],1,161
4384,2014-05-04,[ 01:04 ],1,160
4385,2014-05-04,[ 01:05 ],1,159
4386,2014-05-04,[ 01:06 ],1,158
4387,2014-05-04,[ 01:07 ],1,159
4388,2014-05-04,[ 01:08 ],1,159
4389,2014-05-04,[ 01:09 ],1,158
4390,2014-05-04,[ 01:10 ],1,158
4391,2014-05-04,[ 01:11 ],1,158
4392,2014-05-04,[ 01:12 ],1,157
4393,2014-05-04,[ 01:13 ],1,157
4394,2014-05-04,[ 01:14 ],1,735
4395,2014-05-04,[ 01:15 ],1,223
4396,2014-05-04,[ 01:16 ],1,215
4397,2014-05-04,[ 01:17 ],1,234
4398,2014-05-04,[ 01:18 ],1,232
4399,2014-05-04,[ 01:19 ],1,232
4400,2014-05-04,[ 01:20 ],1,228
4401,2014-05-04,[ 01:21 ],1,228
4402,2014-05-04,[ 01:22 ],1,226
4403,2014-05-04,[ 01:23 ],1,225
4404,2014-05-04,[ 01:24 ],1,225
4405,2014-05-04,[ 01:25 ],1,227
4406,2014-05-04,[ 01:26 ],1,165
4407,2014-05-04,[ 01:27 ],1,166
4408,2014-05-04,[ 01:28 ],1,166
4409,2014-05-04,[ 01:29 ],1,166
4410,2014-05-04,[ 01:30 ],1,166
4411,2014-05-04,[ 01:31 ],1,163
4412,2014-05-04,[ 01:32 ],1,165
4413,2014-05-04,[ 01:33 ],1,166
4414,2014-05-04,[ 01:34 ],1,165
4415,2014-05-04,[ 01:35 ],1,166
4416,2014-05-04,[ 01:36 ],1,163
4417,2014-05-04,[ 01:37 ],1,163
4418,2014-05-04,[ 01:38 ],1,167
4419,2014-05-04,[ 01:39 ],1,167
4420,2014-05-04,[ 01:40 ],1,163
4421,2014-05-04,[ 01:41 ],1,162
4422,2014-05-04,[ 01:42 ],1,163
4423,2014-05-04,[ 01:43 ],1,163
4424,2014-05-04,[ 01:44 ],1,163
4425,2014-05-04,[ 01:45 ],1,158
4426,2014-05-04,[ 01:46 ],1,156
4427,2014-05-04,[ 01:47 ],1,157
4428,2014-05-04,[ 01:48 ],1,158
4429,2014-05-04,[ 01:49 ],1,157
4430,2014-05-04,[ 01:50 ],1,156
4431,2014-05-04,[ 01:51 ],1,157
4432,2014-05-04,[ 01:52 ],1,221
4433,2014-05-04,[ 01:53 ],1,216
4434,2014-05-04,[ 01:54 ],1,207
4435,2014-05-04,[ 01:55 ],1,211
4436,2014-05-04,[ 01:56 ],1,214
4437,2014-05-04,[ 01:57 ],1,214
4438,2014-05-04,[ 01:58 ],1,214
4439,2014-05-04,[ 01:59 ],1,214
4440,2014-05-04,[ 02:00 ],1,214
4441,2014-05-04,[ 02:01 ],1,214
4442,2014-05-04,[ 02:02 ],1,214
4443,2014-05-04,[ 02:03 ],1,215
4444,2014-05-04,[ 02:04 ],1,215
4445,2014-05-04,[ 02:05 ],1,212
4446,2014-05-04,[ 02:06 ],1,211
4447,2014-05-04,[ 02:07 ],1,212
4448,2014-05-04,[ 02:08 ],1,212
4449,2014-05-04,[ 02:09 ],1,211
4450,2014-05-04,[ 02:10 ],1,214
4451,2014-05-04,[ 02:11 ],1,219
4452,2014-05-04,[ 02:12 ],1,216
4453,2014-05-04,[ 02:13 ],1,217
4454,2014-05-04,[ 02:14 ],1,214
4455,2014-05-04,[ 02:15 ],1,213
4456,2014-05-04,[ 02:16 ],1,207
4457,2014-05-04,[ 02:17 ],1,207
4458,2014-05-04,[ 02:18 ],1,210
4459,2014-05-04,[ 02:19 ],1,212
4460,2014-05-04,[ 02:20 ],1,208
4461,2014-05-04,[ 02:21 ],1,156
4462,2014-05-04,[ 02:22 ],1,159
4463,2014-05-04,[ 02:23 ],1,156
4464,2014-05-04,[ 02:24 ],1,156
4465,2014-05-04,[ 02:25 ],1,157
4466,2014-05-04,[ 02:26 ],1,158
4467,2014-05-04,[ 02:27 ],1,158
4468,2014-05-04,[ 02:28 ],1,158
4469,2014-05-04,[ 02:29 ],1,159
4470,2014-05-04,[ 02:30 ],1,156
4471,2014-05-04,[ 02:31 ],1,157
4472,2014-05-04,[ 02:32 ],1,156
4473,2014-05-04,[ 02:33 ],1,156
4474,2014-05-04,[ 02:34 ],1,156
4475,2014-05-04,[ 02:35 ],1,157
4476,2014-05-04,[ 02:36 ],1,157
4477,2014-05-04,[ 02:37 ],1,156
4478,2014-05-04,[ 02:38 ],1,155
4479,2014-05-04,[ 02:39 ],1,157
4480,2014-05-04,[ 02:40 ],1,157
4481,2014-05-04,[ 02:41 ],1,156
4482,2014-05-04,[ 02:42 ],1,157
4483,2014-05-04,[ 02:43 ],1,158
4484,2014-05-04,[ 02:44 ],1,156
4485,2014-05-04,[ 02:45 ],1,157
4486,2014-05-04,[ 02:46 ],1,157
4487,2014-05-04,[ 02:47 ],1,157
4488,2014-05-04,[ 02:48 ],1,157
4489,2014-05-04,[ 02:49 ],1,157
4490,2014-05-04,[ 02:50 ],1,158
4491,2014-05-04,[ 02:51 ],1,158
4492,2014-05-04,[ 02:52 ],1,156
4493,2014-05-04,[ 02:53 ],1,158
4494,2014-05-04,[ 02:54 ],1,157
4495,2014-05-04,[ 02:55 ],1,156
4496,2014-05-04,[ 02:56 ],1,155
4497,2014-05-04,[ 02:57 ],1,156
4498,2014-05-04,[ 02:58 ],1,156
4499,2014-05-04,[ 02:59 ],1,156
4500,2014-05-04,[ 03:00 ],1,158
4501,2014-05-04,[ 03:01 ],1,158
4502,2014-05-04,[ 03:02 ],1,158
4503,2014-05-04,[ 03:03 ],1,159
4504,2014-05-04,[ 03:04 ],1,159
4505,2014-05-04,[ 03:05 ],1,157
4506,2014-05-04,[ 03:06 ],1,157
4507,2014-05-04,[ 03:07 ],1,155
4508,2014-05-04,[ 03:08 ],1,156
4509,2014-05-04,[ 03:09 ],1,234
4510,2014-05-04,[ 03:10 ],1,214
4511,2014-05-04,[ 03:11 ],1,213
4512,2014-05-04,[ 03:12 ],1,212
4513,2014-05-04,[ 03:13 ],1,214
4514,2014-05-04,[ 03:14 ],1,213
4515,2014-05-04,[ 03:15 ],1,208
4516,2014-05-04,[ 03:16 ],1,212
4517,2014-05-04,[ 03:17 ],1,210
4518,2014-05-04,[ 03:18 ],1,221
4519,2014-05-04,[ 03:19 ],1,216
4520,2014-05-04,[ 03:20 ],1,163
4521,2014-05-04,[ 03:21 ],1,165
4522,2014-05-04,[ 03:22 ],1,167
4523,2014-05-04,[ 03:23 ],1,163
4524,2014-05-04,[ 03:24 ],1,157
4525,2014-05-04,[ 03:25 ],1,159
4526,2014-05-04,[ 03:26 ],1,156
4527,2014-05-04,[ 03:27 ],1,158
4528,2014-05-04,[ 03:28 ],1,157
4529,2014-05-04,[ 03:29 ],1,158
4530,2014-05-04,[ 03:30 ],1,156
4531,2014-05-04,[ 03:31 ],1,156
4532,2014-05-04,[ 03:32 ],1,156
4533,2014-05-04,[ 03:33 ],1,157
4534,2014-05-04,[ 03:34 ],1,159
4535,2014-05-04,[ 03:35 ],1,159
4536,2014-05-04,[ 03:36 ],1,158
4537,2014-05-04,[ 03:37 ],1,156
4538,2014-05-04,[ 03:38 ],1,156
4539,2014-05-04,[ 03:39 ],1,159
4540,2014-05-04,[ 03:40 ],1,156
4541,2014-05-04,[ 03:41 ],1,156
4542,2014-05-04,[ 03:42 ],1,156
4543,2014-05-04,[ 03:43 ],1,156
4544,2014-05-04,[ 03:44 ],1,156
4545,2014-05-04,[ 03:45 ],1,156
4546,2014-05-04,[ 03:46 ],1,159
4547,2014-05-04,[ 03:47 ],1,156
4548,2014-05-04,[ 03:48 ],1,156
4549,2014-05-04,[ 03:49 ],1,156
4550,2014-05-04,[ 03:50 ],1,219
4551,2014-05-04,[ 03:51 ],1,211
4552,2014-05-04,[ 03:52 ],1,208
4553,2014-05-04,[ 03:53 ],1,213
4554,2014-05-04,[ 03:54 ],1,212
4555,2014-05-04,[ 03:55 ],1,213
4556,2014-05-04,[ 03:56 ],1,212
4557,2014-05-04,[ 03:57 ],1,210
4558,2014-05-04,[ 03:58 ],1,211
4559,2014-05-04,[ 03:59 ],1,211
4560,2014-05-04,[ 04:00 ],1,214
4561,2014-05-04,[ 04:01 ],1,212
4562,2014-05-04,[ 04:02 ],1,213
4563,2014-05-04,[ 04:03 ],1,212
4564,2014-05-04,[ 04:04 ],1,213
4565,2014-05-04,[ 04:05 ],1,212
4566,2014-05-04,[ 04:06 ],1,212
4567,2014-05-04,[ 04:07 ],1,211
4568,2014-05-04,[ 04:08 ],1,215
4569,2014-05-04,[ 04:09 ],1,216
4570,2014-05-04,[ 04:10 ],1,214
4571,2014-05-04,[ 04:11 ],1,211
4572,2014-05-04,[ 04:12 ],1,208
4573,2014-05-04,[ 04:13 ],1,211
4574,2014-05-04,[ 04:14 ],1,210
4575,2014-05-04,[ 04:15 ],1,210
4576,2014-05-04,[ 04:16 ],1,207
4577,2014-05-04,[ 04:17 ],1,207
4578,2014-05-04,[ 04:18 ],1,204
4579,2014-05-04,[ 04:19 ],1,157
4580,2014-05-04,[ 04:20 ],1,157
4581,2014-05-04,[ 04:21 ],1,156
4582,2014-05-04,[ 04:22 ],1,156
4583,2014-05-04,[ 04:23 ],1,366
4584,2014-05-04,[ 04:24 ],1,366
4585,2014-05-04,[ 04:25 ],1,366
4586,2014-05-04,[ 04:26 ],1,366
4587,2014-05-04,[ 04:27 ],1,365
4588,2014-05-04,[ 04:28 ],1,366
4589,2014-05-04,[ 04:29 ],1,367
4590,2014-05-04,[ 04:30 ],1,366
4591,2014-05-04,[ 04:31 ],1,365
4592,2014-05-04,[ 04:32 ],1,368
4593,2014-05-04,[ 04:33 ],1,366
4594,2014-05-04,[ 04:34 ],1,366
4595,2014-05-04,[ 04:35 ],1,367
4596,2014-05-04,[ 04:36 ],1,156
4597,2014-05-04,[ 04:37 ],1,156
4598,2014-05-04,[ 04:38 ],1,156
4599,2014-05-04,[ 04:39 ],1,156
4600,2014-05-04,[ 04:40 ],1,156
4601,2014-05-04,[ 04:41 ],1,155
4602,2014-05-04,[ 04:42 ],1,155
4603,2014-05-04,[ 04:43 ],1,156
4604,2014-05-04,[ 04:44 ],1,155
4605,2014-05-04,[ 04:45 ],1,155
4606,2014-05-04,[ 04:46 ],1,156
4607,2014-05-04,[ 04:47 ],1,154
4608,2014-05-04,[ 04:48 ],1,272
4609,2014-05-04,[ 04:49 ],1,240
4610,2014-05-04,[ 04:50 ],1,221
4611,2014-05-04,[ 04:51 ],1,225
4612,2014-05-04,[ 04:52 ],1,227
4613,2014-05-04,[ 04:53 ],1,229
4614,2014-05-04,[ 04:54 ],1,227
4615,2014-05-04,[ 04:55 ],1,226
4616,2014-05-04,[ 04:56 ],1,224
4617,2014-05-04,[ 04:57 ],1,223
4618,2014-05-04,[ 04:58 ],1,219
4619,2014-05-04,[ 04:59 ],1,224
4620,2014-05-04,[ 05:00 ],1,224
4621,2014-05-04,[ 05:01 ],1,217
4622,2014-05-04,[ 05:02 ],1,217
4623,2014-05-04,[ 05:03 ],1,216
4624,2014-05-04,[ 05:04 ],1,214
4625,2014-05-04,[ 05:05 ],1,213
4626,2014-05-04,[ 05:06 ],1,214
4627,2014-05-04,[ 05:07 ],1,211
4628,2014-05-04,[ 05:08 ],1,211
4629,2014-05-04,[ 05:09 ],1,208
4630,2014-05-04,[ 05:10 ],1,208
4631,2014-05-04,[ 05:11 ],1,208
4632,2014-05-04,[ 05:12 ],1,208
4633,2014-05-04,[ 05:13 ],1,207
4634,2014-05-04,[ 05:14 ],1,206
4635,2014-05-04,[ 05:15 ],1,206
4636,2014-05-04,[ 05:16 ],1,207
4637,2014-05-04,[ 05:17 ],1,208
4638,2014-05-04,[ 05:18 ],1,206
4639,2014-05-04,[ 05:19 ],1,159
4640,2014-05-04,[ 05:20 ],1,158
4641,2014-05-04,[ 05:21 ],1,159
4642,2014-05-04,[ 05:22 ],1,158
4643,2014-05-04,[ 05:23 ],1,158
4644,2014-05-04,[ 05:24 ],1,157
4645,2014-05-04,[ 05:25 ],1,158
4646,2014-05-04,[ 05:26 ],1,158
4647,2014-05-04,[ 05:27 ],1,158
4648,2014-05-04,[ 05:28 ],1,158
4649,2014-05-04,[ 05:29 ],1,159
4650,2014-05-04,[ 05:30 ],1,159
4651,2014-05-04,[ 05:31 ],1,158
4652,2014-05-04,[ 05:32 ],1,159
4653,2014-05-04,[ 05:33 ],1,158
4654,2014-05-04,[ 05:34 ],1,160
4655,2014-05-04,[ 05:35 ],1,158
4656,2014-05-04,[ 05:36 ],1,159
4657,2014-05-04,[ 05:37 ],1,158
4658,2014-05-04,[ 05:38 ],1,158
4659,2014-05-04,[ 05:39 ],1,157
4660,2014-05-04,[ 05:40 ],1,159
4661,2014-05-04,[ 05:41 ],1,158
4662,2014-05-04,[ 05:42 ],1,159
4663,2014-05-04,[ 05:43 ],1,158
4664,2014-05-04,[ 05:44 ],1,156
4665,2014-05-04,[ 05:45 ],1,156
4666,2014-05-04,[ 05:46 ],1,160
4667,2014-05-04,[ 05:47 ],1,221
4668,2014-05-04,[ 05:48 ],1,215
4669,2014-05-04,[ 05:49 ],1,210
4670,2014-05-04,[ 05:50 ],1,207
4671,2014-05-04,[ 05:51 ],1,212
4672,2014-05-04,[ 05:52 ],1,213
4673,2014-05-04,[ 05:53 ],1,213
4674,2014-05-04,[ 05:54 ],1,212
4675,2014-05-04,[ 05:55 ],1,214
4676,2014-05-04,[ 05:56 ],1,214
4677,2014-05-04,[ 05:57 ],1,214
4678,2014-05-04,[ 05:58 ],1,212
4679,2014-05-04,[ 05:59 ],1,213
4680,2014-05-04,[ 06:00 ],1,216
4681,2014-05-04,[ 06:01 ],1,216
4682,2014-05-04,[ 06:02 ],1,214
4683,2014-05-04,[ 06:03 ],1,212
4684,2014-05-04,[ 06:04 ],1,214
4685,2014-05-04,[ 06:05 ],1,216
4686,2014-05-04,[ 06:06 ],1,219
4687,2014-05-04,[ 06:07 ],1,216
4688,2014-05-04,[ 06:08 ],1,216
4689,2014-05-04,[ 06:09 ],1,214
4690,2014-05-04,[ 06:10 ],1,212
4691,2014-05-04,[ 06:11 ],1,211
4692,2014-05-04,[ 06:12 ],1,207
4693,2014-05-04,[ 06:13 ],1,205
4694,2014-05-04,[ 06:14 ],1,206
4695,2014-05-04,[ 06:15 ],1,206
4696,2014-05-04,[ 06:16 ],1,156
4697,2014-05-04,[ 06:17 ],1,156
4698,2014-05-04,[ 06:18 ],1,156
4699,2014-05-04,[ 06:19 ],1,156
4700,2014-05-04,[ 06:20 ],1,156
4701,2014-05-04,[ 06:21 ],1,156
4702,2014-05-04,[ 06:22 ],1,158
4703,2014-05-04,[ 06:23 ],1,157
4704,2014-05-04,[ 06:24 ],1,157
4705,2014-05-04,[ 06:25 ],1,158
4706,2014-05-04,[ 06:26 ],1,158
4707,2014-05-04,[ 06:27 ],1,158
4708,2014-05-04,[ 06:28 ],1,158
4709,2014-05-04,[ 06:29 ],1,158
4710,2014-05-04,[ 06:30 ],1,156
4711,2014-05-04,[ 06:31 ],1,158
4712,2014-05-04,[ 06:32 ],1,160
4713,2014-05-04,[ 06:33 ],1,160
4714,2014-05-04,[ 06:34 ],1,158
4715,2014-05-04,[ 06:35 ],1,158
4716,2014-05-04,[ 06:36 ],1,159
4717,2014-05-04,[ 06:37 ],1,158
4718,2014-05-04,[ 06:38 ],1,156
4719,2014-05-04,[ 06:39 ],1,158
4720,2014-05-04,[ 06:40 ],1,158
4721,2014-05-04,[ 06:41 ],1,156
4722,2014-05-04,[ 06:42 ],1,156
4723,2014-05-04,[ 06:43 ],1,156
4724,2014-05-04,[ 06:44 ],1,155
4725,2014-05-04,[ 06:45 ],1,156
4726,2014-05-04,[ 06:46 ],1,157
4727,2014-05-04,[ 06:47 ],1,157
4728,2014-05-04,[ 06:48 ],1,158
4729,2014-05-04,[ 06:49 ],1,157
4730,2014-05-04,[ 06:50 ],1,159
4731,2014-05-04,[ 06:51 ],1,158
4732,2014-05-04,[ 06:52 ],1,156
4733,2014-05-04,[ 06:53 ],1,160
4734,2014-05-04,[ 06:54 ],1,156
4735,2014-05-04,[ 06:55 ],1,158
4736,2014-05-04,[ 06:56 ],1,157
4737,2014-05-04,[ 06:57 ],1,157
4738,2014-05-04,[ 06:58 ],1,157
4739,2014-05-04,[ 06:59 ],1,162
4740,2014-05-04,[ 07:00 ],1,222
4741,2014-05-04,[ 07:01 ],1,212
4742,2014-05-04,[ 07:02 ],1,294
4743,2014-05-04,[ 07:03 ],1,294
4744,2014-05-04,[ 07:04 ],1,292
4745,2014-05-04,[ 07:05 ],1,277
4746,2014-05-04,[ 07:06 ],1,260
4747,2014-05-04,[ 07:07 ],1,292
4748,2014-05-04,[ 07:08 ],1,275
4749,2014-05-04,[ 07:09 ],1,258
4750,2014-05-04,[ 07:10 ],1,282
4751,2014-05-04,[ 07:11 ],1,273
4752,2014-05-04,[ 07:12 ],1,254
4753,2014-05-04,[ 07:13 ],1,253
4754,2014-05-04,[ 07:14 ],1,216
4755,2014-05-04,[ 07:15 ],1,196
4756,2014-05-04,[ 07:16 ],1,191
4757,2014-05-04,[ 07:17 ],1,211
4758,2014-05-04,[ 07:18 ],1,214
4759,2014-05-04,[ 07:19 ],1,195
4760,2014-05-04,[ 07:20 ],1,182
4761,2014-05-04,[ 07:21 ],1,182
4762,2014-05-04,[ 07:22 ],1,180
4763,2014-05-04,[ 07:23 ],1,156
4764,2014-05-04,[ 07:24 ],1,156
4765,2014-05-04,[ 07:25 ],1,157
4766,2014-05-04,[ 07:26 ],1,156
4767,2014-05-04,[ 07:27 ],1,157
4768,2014-05-04,[ 07:28 ],1,158
4769,2014-05-04,[ 07:29 ],1,158
4770,2014-05-04,[ 07:30 ],1,159
4771,2014-05-04,[ 07:31 ],1,2593
4772,2014-05-04,[ 07:32 ],1,2566
4773,2014-05-04,[ 07:33 ],1,2490
4774,2014-05-04,[ 07:34 ],1,170
4775,2014-05-04,[ 07:35 ],1,159
4776,2014-05-04,[ 07:36 ],1,166
4777,2014-05-04,[ 07:37 ],1,157
4778,2014-05-04,[ 07:38 ],1,158
4779,2014-05-04,[ 07:39 ],1,157
4780,2014-05-04,[ 07:40 ],1,158
4781,2014-05-04,[ 07:41 ],1,232
4782,2014-05-04,[ 07:42 ],1,217
4783,2014-05-04,[ 07:43 ],1,248
4784,2014-05-04,[ 07:44 ],1,251
4785,2014-05-04,[ 07:45 ],1,246
4786,2014-05-04,[ 07:46 ],1,214
4787,2014-05-04,[ 07:47 ],1,214
4788,2014-05-04,[ 07:48 ],1,213
4789,2014-05-04,[ 07:49 ],1,210
4790,2014-05-04,[ 07:50 ],1,212
4791,2014-05-04,[ 07:51 ],1,212
4792,2014-05-04,[ 07:52 ],1,211
4793,2014-05-04,[ 07:53 ],1,215
4794,2014-05-04,[ 07:54 ],1,215
4795,2014-05-04,[ 07:55 ],1,219
4796,2014-05-04,[ 07:56 ],1,216
4797,2014-05-04,[ 07:57 ],1,216
4798,2014-05-04,[ 07:58 ],1,258
4799,2014-05-04,[ 07:59 ],1,258
4800,2014-05-04,[ 08:00 ],1,262
4801,2014-05-04,[ 08:01 ],1,222
4802,2014-05-04,[ 08:02 ],1,223
4803,2014-05-04,[ 08:03 ],1,222
4804,2014-05-04,[ 08:04 ],1,218
4805,2014-05-04,[ 08:05 ],1,218
4806,2014-05-04,[ 08:06 ],1,207
4807,2014-05-04,[ 08:07 ],1,249
4808,2014-05-04,[ 08:08 ],1,249
4809,2014-05-04,[ 08:09 ],1,247
4810,2014-05-04,[ 08:10 ],1,182
4811,2014-05-04,[ 08:11 ],1,182
4812,2014-05-04,[ 08:12 ],1,184
4813,2014-05-04,[ 08:13 ],1,182
4814,2014-05-04,[ 08:14 ],1,183
4815,2014-05-04,[ 08:15 ],1,179
4816,2014-05-04,[ 08:16 ],1,183
4817,2014-05-04,[ 08:17 ],1,182
4818,2014-05-04,[ 08:18 ],1,183
4819,2014-05-04,[ 08:19 ],1,183
4820,2014-05-04,[ 08:20 ],1,182
4821,2014-05-04,[ 08:21 ],1,182
4822,2014-05-04,[ 08:22 ],1,180
4823,2014-05-04,[ 08:23 ],1,183
4824,2014-05-04,[ 08:24 ],1,183
4825,2014-05-04,[ 08:25 ],1,182
4826,2014-05-04,[ 08:26 ],1,181
4827,2014-05-04,[ 08:27 ],1,183
4828,2014-05-04,[ 08:28 ],1,181
4829,2014-05-04,[ 08:29 ],1,181
4830,2014-05-04,[ 08:30 ],1,181
4831,2014-05-04,[ 08:31 ],1,181
4832,2014-05-04,[ 08:32 ],1,180
4833,2014-05-04,[ 08:33 ],1,183
4834,2014-05-04,[ 08:34 ],1,183
4835,2014-05-04,[ 08:35 ],1,183
4836,2014-05-04,[ 08:36 ],1,182
4837,2014-05-04,[ 08:37 ],1,183
4838,2014-05-04,[ 08:38 ],1,183
4839,2014-05-04,[ 08:39 ],1,182
4840,2014-05-04,[ 08:40 ],1,184
4841,2014-05-04,[ 08:41 ],1,183
4842,2014-05-04,[ 08:42 ],1,184
4843,2014-05-04,[ 08:43 ],1,182
4844,2014-05-04,[ 08:44 ],1,182
4845,2014-05-04,[ 08:45 ],1,181
4846,2014-05-04,[ 08:46 ],1,184
4847,2014-05-04,[ 08:47 ],1,182
4848,2014-05-04,[ 08:48 ],1,184
4849,2014-05-04,[ 08:49 ],1,183
4850,2014-05-04,[ 08:50 ],1,183
4851,2014-05-04,[ 08:51 ],1,180
4852,2014-05-04,[ 08:52 ],1,183
4853,2014-05-04,[ 08:53 ],1,184
4854,2014-05-04,[ 08:54 ],1,183
4855,2014-05-04,[ 08:55 ],1,182
4856,2014-05-04,[ 08:56 ],1,183
4857,2014-05-04,[ 08:57 ],1,183
4858,2014-05-04,[ 08:58 ],1,843
4859,2014-05-04,[ 08:59 ],1,254
4860,2014-05-04,[ 09:00 ],1,252
4861,2014-05-04,[ 09:01 ],1,251
4862,2014-05-04,[ 09:02 ],1,252
4863,2014-05-04,[ 09:03 ],1,249
4864,2014-05-04,[ 09:04 ],1,249
4865,2014-05-04,[ 09:05 ],1,248
4866,2014-05-04,[ 09:06 ],1,250
4867,2014-05-04,[ 09:07 ],1,750
4868,2014-05-04,[ 09:08 ],1,1906
4869,2014-05-04,[ 09:09 ],1,8144
4870,2014-05-04,[ 09:10 ],1,8356
4871,2014-05-04,[ 09:11 ],1,6478
4872,2014-05-04,[ 09:12 ],1,4234
4873,2014-05-04,[ 09:13 ],1,2619
4874,2014-05-04,[ 09:14 ],1,2560
4875,2014-05-04,[ 09:15 ],1,2644
4876,2014-05-04,[ 09:16 ],1,2703
4877,2014-05-04,[ 09:17 ],1,2704
4878,2014-05-04,[ 09:18 ],1,2704
4879,2014-05-04,[ 09:19 ],1,2728
4880,2014-05-04,[ 09:20 ],1,2700
4881,2014-05-04,[ 09:21 ],1,2579
4882,2014-05-04,[ 09:22 ],1,2660
4883,2014-05-04,[ 09:23 ],1,2803
4884,2014-05-04,[ 09:24 ],1,2419
4885,2014-05-04,[ 09:25 ],1,917
4886,2014-05-04,[ 09:26 ],1,1206
4887,2014-05-04,[ 09:27 ],1,949
4888,2014-05-04,[ 09:28 ],1,2631
4889,2014-05-04,[ 09:29 ],1,2576
4890,2014-05-04,[ 09:30 ],1,2779
4891,2014-05-04,[ 09:31 ],1,2662
4892,2014-05-04,[ 09:32 ],1,2603
4893,2014-05-04,[ 09:33 ],1,2532
4894,2014-05-04,[ 09:34 ],1,2560
4895,2014-05-04,[ 09:35 ],1,2594
4896,2014-05-04,[ 09:36 ],1,2757
4897,2014-05-04,[ 09:37 ],1,2757
4898,2014-05-04,[ 09:38 ],1,916
4899,2014-05-04,[ 09:39 ],1,954
4900,2014-05-04,[ 09:40 ],1,942
4901,2014-05-04,[ 09:41 ],1,1307
4902,2014-05-04,[ 09:42 ],1,2792
4903,2014-05-04,[ 09:43 ],1,2792
4904,2014-05-04,[ 09:44 ],1,2616
4905,2014-05-04,[ 09:45 ],1,4407
4906,2014-05-04,[ 09:46 ],1,2649
4907,2014-05-04,[ 09:47 ],1,2559
4908,2014-05-04,[ 09:48 ],1,2637
4909,2014-05-04,[ 09:49 ],1,2614
4910,2014-05-04,[ 09:50 ],1,2594
4911,2014-05-04,[ 09:51 ],1,2420
4912,2014-05-04,[ 09:52 ],1,2487
4913,2014-05-04,[ 09:53 ],1,2578
4914,2014-05-04,[ 09:54 ],1,4093
4915,2014-05-04,[ 09:55 ],1,4096
4916,2014-05-04,[ 09:56 ],1,2615
4917,2014-05-04,[ 09:57 ],1,2471
4918,2014-05-04,[ 09:58 ],1,2568
4919,2014-05-04,[ 09:59 ],1,2568
4920,2014-05-04,[ 10:00 ],1,4215
4921,2014-05-04,[ 10:01 ],1,3820
4922,2014-05-04,[ 10:02 ],1,2446
4923,2014-05-04,[ 10:03 ],1,2344
4924,2014-05-04,[ 10:04 ],1,2145
4925,2014-05-04,[ 10:05 ],1,2135
4926,2014-05-04,[ 10:06 ],1,2124
4927,2014-05-04,[ 10:07 ],1,2153
4928,2014-05-04,[ 10:08 ],1,2368
4929,2014-05-04,[ 10:09 ],1,2450
4930,2014-05-04,[ 10:10 ],1,2571
4931,2014-05-04,[ 10:11 ],1,2571
4932,2014-05-04,[ 10:12 ],1,2196
4933,2014-05-04,[ 10:13 ],1,2133
4934,2014-05-04,[ 10:14 ],1,2082
4935,2014-05-04,[ 10:15 ],1,1109
4936,2014-05-04,[ 10:16 ],1,1109
4937,2014-05-04,[ 10:17 ],1,951
4938,2014-05-04,[ 10:18 ],1,1070
4939,2014-05-04,[ 10:19 ],1,1130
4940,2014-05-04,[ 10:20 ],1,963
4941,2014-05-04,[ 10:21 ],1,1038
4942,2014-05-04,[ 10:22 ],1,931
4943,2014-05-04,[ 10:23 ],1,1084
4944,2014-05-04,[ 10:24 ],1,912
4945,2014-05-04,[ 10:25 ],1,860
4946,2014-05-04,[ 10:26 ],1,293
4947,2014-05-04,[ 10:27 ],1,1097
4948,2014-05-04,[ 10:28 ],1,1330
4949,2014-05-04,[ 10:29 ],1,1260
4950,2014-05-04,[ 10:30 ],1,1242
4951,2014-05-04,[ 10:31 ],1,321
4952,2014-05-04,[ 10:32 ],1,1980
4953,2014-05-04,[ 10:33 ],1,1753
4954,2014-05-04,[ 10:34 ],1,1702
4955,2014-05-04,[ 10:35 ],1,738
4956,2014-05-04,[ 10:36 ],1,849
4957,2014-05-04,[ 10:37 ],1,950
4958,2014-05-04,[ 10:38 ],1,715
4959,2014-05-04,[ 10:39 ],1,486
4960,2014-05-04,[ 10:40 ],1,629
4961,2014-05-04,[ 10:41 ],1,878
4962,2014-05-04,[ 10:42 ],1,921
4963,2014-05-04,[ 10:43 ],1,899
4964,2014-05-04,[ 10:44 ],1,1444
4965,2014-05-04,[ 10:45 ],1,1297
4966,2014-05-04,[ 10:46 ],1,1828
4967,2014-05-04,[ 10:47 ],1,569
4968,2014-05-04,[ 10:48 ],1,1100
4969,2014-05-04,[ 10:49 ],1,633
4970,2014-05-04,[ 10:50 ],1,665
4971,2014-05-04,[ 10:51 ],1,607
4972,2014-05-04,[ 10:52 ],1,668
4973,2014-05-04,[ 10:53 ],1,726
4974,2014-05-04,[ 10:54 ],1,723
4975,2014-05-04,[ 10:55 ],1,1439
4976,2014-05-04,[ 10:56 ],1,1290
4977,2014-05-04,[ 10:57 ],1,969
4978,2014-05-04,[ 10:58 ],1,1143
4979,2014-05-04,[ 10:59 ],1,478
4980,2014-05-04,[ 11:00 ],1,416
4981,2014-05-04,[ 11:01 ],1,766
4982,2014-05-04,[ 11:02 ],1,675
4983,2014-05-04,[ 11:03 ],1,625
4984,2014-05-04,[ 11:04 ],1,612
4985,2014-05-04,[ 11:05 ],1,529
4986,2014-05-04,[ 11:06 ],1,740
4987,2014-05-04,[ 11:07 ],1,840
4988,2014-05-04,[ 11:08 ],1,805
4989,2014-05-04,[ 11:09 ],1,788
4990,2014-05-04,[ 11:10 ],1,555
4991,2014-05-04,[ 11:11 ],1,406
4992,2014-05-04,[ 11:12 ],1,189
4993,2014-05-04,[ 11:13 ],1,188
4994,2014-05-04,[ 11:14 ],1,189
4995,2014-05-04,[ 11:15 ],1,185
4996,2014-05-04,[ 11:16 ],1,187
4997,2014-05-04,[ 11:17 ],1,188
4998,2014-05-04,[ 11:18 ],1,190
4999,2014-05-04,[ 11:19 ],1,188
5000,2014-05-04,[ 11:20 ],1,190
5001,2014-05-04,[ 11:21 ],1,191
5002,2014-05-04,[ 11:22 ],1,192
5003,2014-05-04,[ 11:23 ],1,189
5004,2014-05-04,[ 11:24 ],1,189
5005,2014-05-04,[ 11:25 ],1,189
5006,2014-05-04,[ 11:26 ],1,188
5007,2014-05-04,[ 11:27 ],1,189
5008,2014-05-04,[ 11:28 ],1,186
5009,2014-05-04,[ 11:29 ],1,187
5010,2014-05-04,[ 11:30 ],1,186
5011,2014-05-04,[ 11:31 ],1,187
5012,2014-05-04,[ 11:32 ],1,188
5013,2014-05-04,[ 11:33 ],1,189
5014,2014-05-04,[ 11:34 ],1,187
5015,2014-05-04,[ 11:35 ],1,187
5016,2014-05-04,[ 11:36 ],1,189
5017,2014-05-04,[ 11:37 ],1,187
5018,2014-05-04,[ 11:38 ],1,189
5019,2014-05-04,[ 11:39 ],1,187
5020,2014-05-04,[ 11:40 ],1,186
5021,2014-05-04,[ 11:41 ],1,186
5022,2014-05-04,[ 11:42 ],1,187
5023,2014-05-04,[ 11:43 ],1,187
5024,2014-05-04,[ 11:44 ],1,189
5025,2014-05-04,[ 11:45 ],1,186
5026,2014-05-04,[ 11:46 ],1,186
5027,2014-05-04,[ 11:47 ],1,189
5028,2014-05-04,[ 11:48 ],1,186
5029,2014-05-04,[ 11:49 ],1,187
5030,2014-05-04,[ 11:50 ],1,189
5031,2014-05-04,[ 11:51 ],1,188
5032,2014-05-04,[ 11:52 ],1,187
5033,2014-05-04,[ 11:53 ],1,187
5034,2014-05-04,[ 11:54 ],1,271
5035,2014-05-04,[ 11:55 ],1,271
5036,2014-05-04,[ 11:56 ],1,252
5037,2014-05-04,[ 11:57 ],1,256
5038,2014-05-04,[ 11:58 ],1,256
5039,2014-05-04,[ 11:59 ],1,256
5040,2014-05-04,[ 12:00 ],1,253
5041,2014-05-04,[ 12:01 ],1,256
5042,2014-05-04,[ 12:02 ],1,252
5043,2014-05-04,[ 12:03 ],1,253
5044,2014-05-04,[ 12:04 ],1,252
5045,2014-05-04,[ 12:05 ],1,252
5046,2014-05-04,[ 12:06 ],1,188
5047,2014-05-04,[ 12:07 ],1,185
5048,2014-05-04,[ 12:08 ],1,187
5049,2014-05-04,[ 12:09 ],1,186
5050,2014-05-04,[ 12:10 ],1,186
5051,2014-05-04,[ 12:11 ],1,186
5052,2014-05-04,[ 12:12 ],1,187
5053,2014-05-04,[ 12:13 ],1,187
5054,2014-05-04,[ 12:14 ],1,186
5055,2014-05-04,[ 12:15 ],1,187
5056,2014-05-04,[ 12:16 ],1,187
5057,2014-05-04,[ 12:17 ],1,185
5058,2014-05-04,[ 12:18 ],1,185
5059,2014-05-04,[ 12:19 ],1,187
5060,2014-05-04,[ 12:20 ],1,293
5061,2014-05-04,[ 12:21 ],1,293
5062,2014-05-04,[ 12:22 ],1,257
5063,2014-05-04,[ 12:23 ],1,256
5064,2014-05-04,[ 12:24 ],1,256
5065,2014-05-04,[ 12:25 ],1,258
5066,2014-05-04,[ 12:26 ],1,260
5067,2014-05-04,[ 12:27 ],1,258
5068,2014-05-04,[ 12:28 ],1,258
5069,2014-05-04,[ 12:29 ],1,257
5070,2014-05-04,[ 12:30 ],1,257
5071,2014-05-04,[ 12:31 ],1,254
5072,2014-05-04,[ 12:32 ],1,254
5073,2014-05-04,[ 12:33 ],1,256
5074,2014-05-04,[ 12:34 ],1,257
5075,2014-05-04,[ 12:35 ],1,254
5076,2014-05-04,[ 12:36 ],1,253
5077,2014-05-04,[ 12:37 ],1,256
5078,2014-05-04,[ 12:38 ],1,256
5079,2014-05-04,[ 12:39 ],1,254
5080,2014-05-04,[ 12:40 ],1,259
5081,2014-05-04,[ 12:41 ],1,257
5082,2014-05-04,[ 12:42 ],1,254
5083,2014-05-04,[ 12:43 ],1,254
5084,2014-05-04,[ 12:44 ],1,256
5085,2014-05-04,[ 12:45 ],1,254
5086,2014-05-04,[ 12:46 ],1,253
5087,2014-05-04,[ 12:47 ],1,252
5088,2014-05-04,[ 12:48 ],1,188
5089,2014-05-04,[ 12:49 ],1,185
5090,2014-05-04,[ 12:50 ],1,186
5091,2014-05-04,[ 12:51 ],1,186
5092,2014-05-04,[ 12:52 ],1,186
5093,2014-05-04,[ 12:53 ],1,185
5094,2014-05-04,[ 12:54 ],1,187
5095,2014-05-04,[ 12:55 ],1,186
5096,2014-05-04,[ 12:56 ],1,186
5097,2014-05-04,[ 12:57 ],1,186
5098,2014-05-04,[ 12:58 ],1,186
5099,2014-05-04,[ 12:59 ],1,187
5100,2014-05-04,[ 13:00 ],1,190
5101,2014-05-04,[ 13:01 ],1,188
5102,2014-05-04,[ 13:02 ],1,188
5103,2014-05-04,[ 13:03 ],1,189
5104,2014-05-04,[ 13:04 ],1,189
5105,2014-05-04,[ 13:05 ],1,186
5106,2014-05-04,[ 13:06 ],1,185
5107,2014-05-04,[ 13:07 ],1,185
5108,2014-05-04,[ 13:08 ],1,188
5109,2014-05-04,[ 13:09 ],1,187
5110,2014-05-04,[ 13:10 ],1,187
5111,2014-05-04,[ 13:11 ],1,187
5112,2014-05-04,[ 13:12 ],1,185
5113,2014-05-04,[ 13:13 ],1,188
5114,2014-05-04,[ 13:14 ],1,185
5115,2014-05-04,[ 13:15 ],1,185
5116,2014-05-04,[ 13:16 ],1,186
5117,2014-05-04,[ 13:17 ],1,185
5118,2014-05-04,[ 13:18 ],1,186
5119,2014-05-04,[ 13:19 ],1,185
5120,2014-05-04,[ 13:20 ],1,185
5121,2014-05-04,[ 13:21 ],1,186
5122,2014-05-04,[ 13:22 ],1,186
5123,2014-05-04,[ 13:23 ],1,186
5124,2014-05-04,[ 13:24 ],1,185
5125,2014-05-04,[ 13:25 ],1,184
5126,2014-05-04,[ 13:26 ],1,185
5127,2014-05-04,[ 13:27 ],1,184
5128,2014-05-04,[ 13:28 ],1,186
5129,2014-05-04,[ 13:29 ],1,185
5130,2014-05-04,[ 13:30 ],1,185
5131,2014-05-04,[ 13:31 ],1,185
5132,2014-05-04,[ 13:32 ],1,184
5133,2014-05-04,[ 13:33 ],1,269
5134,2014-05-04,[ 13:34 ],1,269
5135,2014-05-04,[ 13:35 ],1,256
5136,2014-05-04,[ 13:36 ],1,257
5137,2014-05-04,[ 13:37 ],1,256
5138,2014-05-04,[ 13:38 ],1,257
5139,2014-05-04,[ 13:39 ],1,251
5140,2014-05-04,[ 13:40 ],1,250
5141,2014-05-04,[ 13:41 ],1,252
5142,2014-05-04,[ 13:42 ],1,251
5143,2014-05-04,[ 13:43 ],1,249
5144,2014-05-04,[ 13:44 ],1,252
5145,2014-05-04,[ 13:45 ],1,185
5146,2014-05-04,[ 13:46 ],1,185
5147,2014-05-04,[ 13:47 ],1,185
5148,2014-05-04,[ 13:48 ],1,185
5149,2014-05-04,[ 13:49 ],1,185
5150,2014-05-04,[ 13:50 ],1,185
5151,2014-05-04,[ 13:51 ],1,185
5152,2014-05-04,[ 13:52 ],1,186
5153,2014-05-04,[ 13:53 ],1,186
5154,2014-05-04,[ 13:54 ],1,185
5155,2014-05-04,[ 13:55 ],1,184
5156,2014-05-04,[ 13:56 ],1,185
5157,2014-05-04,[ 13:57 ],1,185
5158,2014-05-04,[ 13:58 ],1,185
5159,2014-05-04,[ 13:59 ],1,185
5160,2014-05-04,[ 14:00 ],1,187
5161,2014-05-04,[ 14:01 ],1,189
5162,2014-05-04,[ 14:02 ],1,186
5163,2014-05-04,[ 14:03 ],1,187
5164,2014-05-04,[ 14:04 ],1,260
5165,2014-05-04,[ 14:05 ],1,259
5166,2014-05-04,[ 14:06 ],1,251
5167,2014-05-04,[ 14:07 ],1,253
5168,2014-05-04,[ 14:08 ],1,252
5169,2014-05-04,[ 14:09 ],1,258
5170,2014-05-04,[ 14:10 ],1,258
5171,2014-05-04,[ 14:11 ],1,254
5172,2014-05-04,[ 14:12 ],1,257
5173,2014-05-04,[ 14:13 ],1,256
5174,2014-05-04,[ 14:14 ],1,258
5175,2014-05-04,[ 14:15 ],1,254
5176,2014-05-04,[ 14:16 ],1,256
5177,2014-05-04,[ 14:17 ],1,254
5178,2014-05-04,[ 14:18 ],1,257
5179,2014-05-04,[ 14:19 ],1,257
5180,2014-05-04,[ 14:20 ],1,254
5181,2014-05-04,[ 14:21 ],1,257
5182,2014-05-04,[ 14:22 ],1,254
5183,2014-05-04,[ 14:23 ],1,260
5184,2014-05-04,[ 14:24 ],1,259
5185,2014-05-04,[ 14:25 ],1,259
5186,2014-05-04,[ 14:26 ],1,256
5187,2014-05-04,[ 14:27 ],1,256
5188,2014-05-04,[ 14:28 ],1,257
5189,2014-05-04,[ 14:29 ],1,254
5190,2014-05-04,[ 14:30 ],1,251
5191,2014-05-04,[ 14:31 ],1,252
5192,2014-05-04,[ 14:32 ],1,185
5193,2014-05-04,[ 14:33 ],1,187
5194,2014-05-04,[ 14:34 ],1,188
5195,2014-05-04,[ 14:35 ],1,188
5196,2014-05-04,[ 14:36 ],1,189
5197,2014-05-04,[ 14:37 ],1,186
5198,2014-05-04,[ 14:38 ],1,186
5199,2014-05-04,[ 14:39 ],1,184
5200,2014-05-04,[ 14:40 ],1,185
5201,2014-05-04,[ 14:41 ],1,185
5202,2014-05-04,[ 14:42 ],1,184
5203,2014-05-04,[ 14:43 ],1,184
5204,2014-05-04,[ 14:44 ],1,187
5205,2014-05-04,[ 14:45 ],1,185
5206,2014-05-04,[ 14:46 ],1,184
5207,2014-05-04,[ 14:47 ],1,183
5208,2014-05-04,[ 14:48 ],1,184
5209,2014-05-04,[ 14:49 ],1,185
5210,2014-05-04,[ 14:50 ],1,184
5211,2014-05-04,[ 14:51 ],1,185
5212,2014-05-04,[ 14:52 ],1,185
5213,2014-05-04,[ 14:53 ],1,183
5214,2014-05-04,[ 14:54 ],1,185
5215,2014-05-04,[ 14:55 ],1,185
5216,2014-05-04,[ 14:56 ],1,185
5217,2014-05-04,[ 14:57 ],1,185
5218,2014-05-04,[ 14:58 ],1,185
5219,2014-05-04,[ 14:59 ],1,186
5220,2014-05-04,[ 15:00 ],1,193
5221,2014-05-04,[ 15:01 ],1,751
5222,2014-05-04,[ 15:02 ],1,950
5223,2014-05-04,[ 15:03 ],1,2464
5224,2014-05-04,[ 15:04 ],1,2551
5225,2014-05-04,[ 15:05 ],1,2538
5226,2014-05-04,[ 15:06 ],1,2608
5227,2014-05-04,[ 15:07 ],1,2780
5228,2014-05-04,[ 15:08 ],1,2498
5229,2014-05-04,[ 15:09 ],1,2751
5230,2014-05-04,[ 15:10 ],1,2527
5231,2014-05-04,[ 15:11 ],1,2517
5232,2014-05-04,[ 15:12 ],1,2517
5233,2014-05-04,[ 15:13 ],1,2664
5234,2014-05-04,[ 15:14 ],1,2737
5235,2014-05-04,[ 15:15 ],1,2668
5236,2014-05-04,[ 15:16 ],1,2650
5237,2014-05-04,[ 15:17 ],1,2650
5238,2014-05-04,[ 15:18 ],1,2626
5239,2014-05-04,[ 15:19 ],1,2668
5240,2014-05-04,[ 15:20 ],1,1233
5241,2014-05-04,[ 15:21 ],1,1249
5242,2014-05-04,[ 15:22 ],1,1249
5243,2014-05-04,[ 15:23 ],1,969
5244,2014-05-04,[ 15:24 ],1,1087
5245,2014-05-04,[ 15:25 ],1,2608
5246,2014-05-04,[ 15:26 ],1,2563
5247,2014-05-04,[ 15:27 ],1,1408
5248,2014-05-04,[ 15:28 ],1,975
5249,2014-05-04,[ 15:29 ],1,1146
5250,2014-05-04,[ 15:30 ],1,950
5251,2014-05-04,[ 15:31 ],1,2656
5252,2014-05-04,[ 15:32 ],1,2512
5253,2014-05-04,[ 15:33 ],1,973
5254,2014-05-04,[ 15:34 ],1,1307
5255,2014-05-04,[ 15:35 ],1,953
5256,2014-05-04,[ 15:36 ],1,1073
5257,2014-05-04,[ 15:37 ],1,2776
5258,2014-05-04,[ 15:38 ],1,2776
5259,2014-05-04,[ 15:39 ],1,947
5260,2014-05-04,[ 15:40 ],1,948
5261,2014-05-04,[ 15:41 ],1,1133
5262,2014-05-04,[ 15:42 ],1,966
5263,2014-05-04,[ 15:43 ],1,966
5264,2014-05-04,[ 15:44 ],1,1111
5265,2014-05-04,[ 15:45 ],1,968
5266,2014-05-04,[ 15:46 ],1,968
5267,2014-05-04,[ 15:47 ],1,967
5268,2014-05-04,[ 15:48 ],1,1255
5269,2014-05-04,[ 15:49 ],1,945
5270,2014-05-04,[ 15:50 ],1,944
5271,2014-05-04,[ 15:51 ],1,1075
5272,2014-05-04,[ 15:52 ],1,970
5273,2014-05-04,[ 15:53 ],1,970
5274,2014-05-04,[ 15:54 ],1,1247
5275,2014-05-04,[ 15:55 ],1,836
5276,2014-05-04,[ 15:56 ],1,269
5277,2014-05-04,[ 15:57 ],1,792
5278,2014-05-04,[ 15:58 ],1,275
5279,2014-05-04,[ 15:59 ],1,510
5280,2014-05-04,[ 16:00 ],1,1065
5281,2014-05-04,[ 16:01 ],1,1065
5282,2014-05-04,[ 16:02 ],1,495
5283,2014-05-04,[ 16:03 ],1,737
5284,2014-05-04,[ 16:04 ],1,916
5285,2014-05-04,[ 16:05 ],1,959
5286,2014-05-04,[ 16:06 ],1,959
5287,2014-05-04,[ 16:07 ],1,1575
5288,2014-05-04,[ 16:08 ],1,1711
5289,2014-05-04,[ 16:09 ],1,1825
5290,2014-05-04,[ 16:10 ],1,682
5291,2014-05-04,[ 16:11 ],1,740
5292,2014-05-04,[ 16:12 ],1,945
5293,2014-05-04,[ 16:13 ],1,646
5294,2014-05-04,[ 16:14 ],1,586
5295,2014-05-04,[ 16:15 ],1,556
5296,2014-05-04,[ 16:16 ],1,957
5297,2014-05-04,[ 16:17 ],1,973
5298,2014-05-04,[ 16:18 ],1,1257
5299,2014-05-04,[ 16:19 ],1,1498
5300,2014-05-04,[ 16:20 ],1,1744
5301,2014-05-04,[ 16:21 ],1,1554
5302,2014-05-04,[ 16:22 ],1,969
5303,2014-05-04,[ 16:23 ],1,460
5304,2014-05-04,[ 16:24 ],1,460
5305,2014-05-04,[ 16:25 ],1,716
5306,2014-05-04,[ 16:26 ],1,551
5307,2014-05-04,[ 16:27 ],1,506
5308,2014-05-04,[ 16:28 ],1,499
5309,2014-05-04,[ 16:29 ],1,433
5310,2014-05-04,[ 16:30 ],1,673
5311,2014-05-04,[ 16:31 ],1,2274
5312,2014-05-04,[ 16:32 ],1,2274
5313,2014-05-04,[ 16:33 ],1,2267
5314,2014-05-04,[ 16:34 ],1,2121
5315,2014-05-04,[ 16:35 ],1,1920
5316,2014-05-04,[ 16:36 ],1,1950
5317,2014-05-04,[ 16:37 ],1,1951
5318,2014-05-04,[ 16:38 ],1,1893
5319,2014-05-04,[ 16:39 ],1,187
5320,2014-05-04,[ 16:40 ],1,1930
5321,2014-05-04,[ 16:41 ],1,1932
5322,2014-05-04,[ 16:42 ],1,1874
5323,2014-05-04,[ 16:43 ],1,190
5324,2014-05-04,[ 16:44 ],1,189
5325,2014-05-04,[ 16:45 ],1,188
5326,2014-05-04,[ 16:46 ],1,188
5327,2014-05-04,[ 16:47 ],1,188
5328,2014-05-04,[ 16:48 ],1,191
5329,2014-05-04,[ 16:49 ],1,165
5330,2014-05-04,[ 16:50 ],1,165
5331,2014-05-04,[ 16:51 ],1,165
5332,2014-05-04,[ 16:52 ],1,166
5333,2014-05-04,[ 16:53 ],1,191
5334,2014-05-04,[ 16:54 ],1,191
5335,2014-05-04,[ 16:55 ],1,189
5336,2014-05-04,[ 16:56 ],1,165
5337,2014-05-04,[ 16:57 ],1,167
5338,2014-05-04,[ 16:58 ],1,167
5339,2014-05-04,[ 16:59 ],1,165
5340,2014-05-04,[ 17:00 ],1,167
5341,2014-05-04,[ 17:01 ],1,167
5342,2014-05-04,[ 17:02 ],1,167
5343,2014-05-04,[ 17:03 ],1,167
5344,2014-05-04,[ 17:04 ],1,193
5345,2014-05-04,[ 17:05 ],1,193
5346,2014-05-04,[ 17:06 ],1,269
5347,2014-05-04,[ 17:07 ],1,234
5348,2014-05-04,[ 17:08 ],1,221
5349,2014-05-04,[ 17:09 ],1,223
5350,2014-05-04,[ 17:10 ],1,297
5351,2014-05-04,[ 17:11 ],1,284
5352,2014-05-04,[ 17:12 ],1,286
5353,2014-05-04,[ 17:13 ],1,276
5354,2014-05-04,[ 17:14 ],1,286
5355,2014-05-04,[ 17:15 ],1,2614
5356,2014-05-04,[ 17:16 ],1,2674
5357,2014-05-04,[ 17:17 ],1,2650
5358,2014-05-04,[ 17:18 ],1,225
5359,2014-05-04,[ 17:19 ],1,215
5360,2014-05-04,[ 17:20 ],1,186
5361,2014-05-04,[ 17:21 ],1,187
5362,2014-05-04,[ 17:22 ],1,189
5363,2014-05-04,[ 17:23 ],1,2553
5364,2014-05-04,[ 17:24 ],1,2413
5365,2014-05-04,[ 17:25 ],1,161
5366,2014-05-04,[ 17:26 ],1,185
5367,2014-05-04,[ 17:27 ],1,261
5368,2014-05-04,[ 17:28 ],1,261
5369,2014-05-04,[ 17:29 ],1,227
5370,2014-05-04,[ 17:30 ],1,231
5371,2014-05-04,[ 17:31 ],1,221
5372,2014-05-04,[ 17:32 ],1,222
5373,2014-05-04,[ 17:33 ],1,221
5374,2014-05-04,[ 17:34 ],1,222
5375,2014-05-04,[ 17:35 ],1,221
5376,2014-05-04,[ 17:36 ],1,222
5377,2014-05-04,[ 17:37 ],1,219
5378,2014-05-04,[ 17:38 ],1,256
5379,2014-05-04,[ 17:39 ],1,256
5380,2014-05-04,[ 17:40 ],1,258
5381,2014-05-04,[ 17:41 ],1,221
5382,2014-05-04,[ 17:42 ],1,228
5383,2014-05-04,[ 17:43 ],1,1980
5384,2014-05-04,[ 17:44 ],1,1857
5385,2014-05-04,[ 17:45 ],1,218
5386,2014-05-04,[ 17:46 ],1,218
5387,2014-05-04,[ 17:47 ],1,217
5388,2014-05-04,[ 17:48 ],1,215
5389,2014-05-04,[ 17:49 ],1,224
5390,2014-05-04,[ 17:50 ],1,225
5391,2014-05-04,[ 17:51 ],1,258
5392,2014-05-04,[ 17:52 ],1,258
5393,2014-05-04,[ 17:53 ],1,258
5394,2014-05-04,[ 17:54 ],1,215
5395,2014-05-04,[ 17:55 ],1,215
5396,2014-05-04,[ 17:56 ],1,163
5397,2014-05-04,[ 17:57 ],1,163
5398,2014-05-04,[ 17:58 ],1,162
5399,2014-05-04,[ 17:59 ],1,165
5400,2014-05-04,[ 18:00 ],1,163
5401,2014-05-04,[ 18:01 ],1,189
5402,2014-05-04,[ 18:02 ],1,190
5403,2014-05-04,[ 18:03 ],1,190
5404,2014-05-04,[ 18:04 ],1,190
5405,2014-05-04,[ 18:05 ],1,189
5406,2014-05-04,[ 18:06 ],1,163
5407,2014-05-04,[ 18:07 ],1,163
5408,2014-05-04,[ 18:08 ],1,163
5409,2014-05-04,[ 18:09 ],1,163
5410,2014-05-04,[ 18:10 ],1,163
5411,2014-05-04,[ 18:11 ],1,185
5412,2014-05-04,[ 18:12 ],1,191
5413,2014-05-04,[ 18:13 ],1,191
5414,2014-05-04,[ 18:14 ],1,191
5415,2014-05-04,[ 18:15 ],1,161
5416,2014-05-04,[ 18:16 ],1,160
5417,2014-05-04,[ 18:17 ],1,161
5418,2014-05-04,[ 18:18 ],1,161
5419,2014-05-04,[ 18:19 ],1,163
5420,2014-05-04,[ 18:20 ],1,162
5421,2014-05-04,[ 18:21 ],1,162
5422,2014-05-04,[ 18:22 ],1,161
5423,2014-05-04,[ 18:23 ],1,161
5424,2014-05-04,[ 18:24 ],1,171
5425,2014-05-04,[ 18:25 ],1,201
5426,2014-05-04,[ 18:26 ],1,213
5427,2014-05-04,[ 18:27 ],1,227
5428,2014-05-04,[ 18:28 ],1,310
5429,2014-05-04,[ 18:29 ],1,267
5430,2014-05-04,[ 18:30 ],1,278
5431,2014-05-04,[ 18:31 ],1,312
5432,2014-05-04,[ 18:32 ],1,333
5433,2014-05-04,[ 18:33 ],1,324
5434,2014-05-04,[ 18:34 ],1,308
5435,2014-05-04,[ 18:35 ],1,288
5436,2014-05-04,[ 18:36 ],1,270
5437,2014-05-04,[ 18:37 ],1,262
5438,2014-05-04,[ 18:38 ],1,261
5439,2014-05-04,[ 18:39 ],1,250
5440,2014-05-04,[ 18:40 ],1,252
5441,2014-05-04,[ 18:41 ],1,313
5442,2014-05-04,[ 18:42 ],1,420
5443,2014-05-04,[ 18:43 ],1,409
5444,2014-05-04,[ 18:44 ],1,422
5445,2014-05-04,[ 18:45 ],1,2052
5446,2014-05-04,[ 18:46 ],1,2052
5447,2014-05-04,[ 18:47 ],1,424
5448,2014-05-04,[ 18:48 ],1,400
5449,2014-05-04,[ 18:49 ],1,399
5450,2014-05-04,[ 18:50 ],1,400
5451,2014-05-04,[ 18:51 ],1,381
5452,2014-05-04,[ 18:52 ],1,385
5453,2014-05-04,[ 18:53 ],1,309
5454,2014-05-04,[ 18:54 ],1,309
5455,2014-05-04,[ 18:55 ],1,377
5456,2014-05-04,[ 18:56 ],1,402
5457,2014-05-04,[ 18:57 ],1,324
5458,2014-05-04,[ 18:58 ],1,562
5459,2014-05-04,[ 18:59 ],1,561
5460,2014-05-04,[ 19:00 ],1,561
5461,2014-05-04,[ 19:01 ],1,545
5462,2014-05-04,[ 19:02 ],1,577
5463,2014-05-04,[ 19:03 ],1,599
5464,2014-05-04,[ 19:04 ],1,592
5465,2014-05-04,[ 19:05 ],1,558
5466,2014-05-04,[ 19:06 ],1,526
5467,2014-05-04,[ 19:07 ],1,529
5468,2014-05-04,[ 19:08 ],1,517
5469,2014-05-04,[ 19:09 ],1,557
5470,2014-05-04,[ 19:10 ],1,530
5471,2014-05-04,[ 19:11 ],1,507
5472,2014-05-04,[ 19:12 ],1,324
5473,2014-05-04,[ 19:13 ],1,388
5474,2014-05-04,[ 19:14 ],1,400
5475,2014-05-04,[ 19:15 ],1,383
5476,2014-05-04,[ 19:16 ],1,339
5477,2014-05-04,[ 19:17 ],1,355
5478,2014-05-04,[ 19:18 ],1,355
5479,2014-05-04,[ 19:19 ],1,332
5480,2014-05-04,[ 19:20 ],1,375
5481,2014-05-04,[ 19:21 ],1,319
5482,2014-05-04,[ 19:22 ],1,363
5483,2014-05-04,[ 19:23 ],1,444
5484,2014-05-04,[ 19:24 ],1,427
5485,2014-05-04,[ 19:25 ],1,412
5486,2014-05-04,[ 19:26 ],1,437
5487,2014-05-04,[ 19:27 ],1,433
5488,2014-05-04,[ 19:28 ],1,430
5489,2014-05-04,[ 19:29 ],1,411
5490,2014-05-04,[ 19:30 ],1,459
5491,2014-05-04,[ 19:31 ],1,452
5492,2014-05-04,[ 19:32 ],1,402
5493,2014-05-04,[ 19:33 ],1,411
5494,2014-05-04,[ 19:34 ],1,414
5495,2014-05-04,[ 19:35 ],1,414
5496,2014-05-04,[ 19:36 ],1,407
5497,2014-05-04,[ 19:37 ],1,410
5498,2014-05-04,[ 19:38 ],1,410
5499,2014-05-04,[ 19:39 ],1,404
5500,2014-05-04,[ 19:40 ],1,436
5501,2014-05-04,[ 19:41 ],1,429
5502,2014-05-04,[ 19:42 ],1,453
5503,2014-05-04,[ 19:43 ],1,448
5504,2014-05-04,[ 19:44 ],1,448
5505,2014-05-04,[ 19:45 ],1,445
5506,2014-05-04,[ 19:46 ],1,445
5507,2014-05-04,[ 19:47 ],1,426
5508,2014-05-04,[ 19:48 ],1,439
5509,2014-05-04,[ 19:49 ],1,453
5510,2014-05-04,[ 19:50 ],1,453
5511,2014-05-04,[ 19:51 ],1,438
5512,2014-05-04,[ 19:52 ],1,462
5513,2014-05-04,[ 19:53 ],1,528
5514,2014-05-04,[ 19:54 ],1,515
5515,2014-05-04,[ 19:55 ],1,551
5516,2014-05-04,[ 19:56 ],1,513
5517,2014-05-04,[ 19:57 ],1,546
5518,2014-05-04,[ 19:58 ],1,546
5519,2014-05-04,[ 19:59 ],1,521
5520,2014-05-04,[ 20:00 ],1,518
5521,2014-05-04,[ 20:01 ],1,526
5522,2014-05-04,[ 20:02 ],1,515
5523,2014-05-04,[ 20:03 ],1,507
5524,2014-05-04,[ 20:04 ],1,525
5525,2014-05-04,[ 20:05 ],1,549
5526,2014-05-04,[ 20:06 ],1,546
5527,2014-05-04,[ 20:07 ],1,511
5528,2014-05-04,[ 20:08 ],1,511
5529,2014-05-04,[ 20:09 ],1,506
5530,2014-05-04,[ 20:10 ],1,533
5531,2014-05-04,[ 20:11 ],1,526
5532,2014-05-04,[ 20:12 ],1,497
5533,2014-05-04,[ 20:13 ],1,497
5534,2014-05-04,[ 20:14 ],1,503
5535,2014-05-04,[ 20:15 ],1,503
5536,2014-05-04,[ 20:16 ],1,503
5537,2014-05-04,[ 20:17 ],1,422
5538,2014-05-04,[ 20:18 ],1,417
5539,2014-05-04,[ 20:19 ],1,434
5540,2014-05-04,[ 20:20 ],1,452
5541,2014-05-04,[ 20:21 ],1,434
5542,2014-05-04,[ 20:22 ],1,459
5543,2014-05-04,[ 20:23 ],1,498
5544,2014-05-04,[ 20:24 ],1,457
5545,2014-05-04,[ 20:25 ],1,459
5546,2014-05-04,[ 20:26 ],1,2058
5547,2014-05-04,[ 20:27 ],1,2087
5548,2014-05-04,[ 20:28 ],1,415
5549,2014-05-04,[ 20:29 ],1,575
5550,2014-05-04,[ 20:30 ],1,602
5551,2014-05-04,[ 20:31 ],1,543
5552,2014-05-04,[ 20:32 ],1,542
5553,2014-05-04,[ 20:33 ],1,508
5554,2014-05-04,[ 20:34 ],1,499
5555,2014-05-04,[ 20:35 ],1,500
5556,2014-05-04,[ 20:36 ],1,498
5557,2014-05-04,[ 20:37 ],1,516
5558,2014-05-04,[ 20:38 ],1,521
5559,2014-05-04,[ 20:39 ],1,504
5560,2014-05-04,[ 20:40 ],1,500
5561,2014-05-04,[ 20:41 ],1,500
5562,2014-05-04,[ 20:42 ],1,500
5563,2014-05-04,[ 20:43 ],1,496
5564,2014-05-04,[ 20:44 ],1,584
5565,2014-05-04,[ 20:45 ],1,604
5566,2014-05-04,[ 20:46 ],1,583
5567,2014-05-04,[ 20:47 ],1,562
5568,2014-05-04,[ 20:48 ],1,573
5569,2014-05-04,[ 20:49 ],1,581
5570,2014-05-04,[ 20:50 ],1,580
5571,2014-05-04,[ 20:51 ],1,580
5572,2014-05-04,[ 20:52 ],1,610
5573,2014-05-04,[ 20:53 ],1,598
5574,2014-05-04,[ 20:54 ],1,584
5575,2014-05-04,[ 20:55 ],1,578
5576,2014-05-04,[ 20:56 ],1,581
5577,2014-05-04,[ 20:57 ],1,573
5578,2014-05-04,[ 20:58 ],1,580
5579,2014-05-04,[ 20:59 ],1,573
5580,2014-05-04,[ 21:00 ],1,600
5581,2014-05-04,[ 21:01 ],1,587
5582,2014-05-04,[ 21:02 ],1,584
5583,2014-05-04,[ 21:03 ],1,575
5584,2014-05-04,[ 21:04 ],1,573
5585,2014-05-04,[ 21:05 ],1,575
5586,2014-05-04,[ 21:06 ],1,578
5587,2014-05-04,[ 21:07 ],1,573
5588,2014-05-04,[ 21:08 ],1,570
5589,2014-05-04,[ 21:09 ],1,550
5590,2014-05-04,[ 21:10 ],1,546
5591,2014-05-04,[ 21:11 ],1,549
5592,2014-05-04,[ 21:12 ],1,546
5593,2014-05-04,[ 21:13 ],1,580
5594,2014-05-04,[ 21:14 ],1,598
5595,2014-05-04,[ 21:15 ],1,570
5596,2014-05-04,[ 21:16 ],1,491
5597,2014-05-04,[ 21:17 ],1,496
5598,2014-05-04,[ 21:18 ],1,492
5599,2014-05-04,[ 21:19 ],1,444
5600,2014-05-04,[ 21:20 ],1,451
5601,2014-05-04,[ 21:21 ],1,458
5602,2014-05-04,[ 21:22 ],1,450
5603,2014-05-04,[ 21:23 ],1,437
5604,2014-05-04,[ 21:24 ],1,439
5605,2014-05-04,[ 21:25 ],1,455
5606,2014-05-04,[ 21:26 ],1,450
5607,2014-05-04,[ 21:27 ],1,438
5608,2014-05-04,[ 21:28 ],1,452
5609,2014-05-04,[ 21:29 ],1,450
5610,2014-05-04,[ 21:30 ],1,458
5611,2014-05-04,[ 21:31 ],1,457
5612,2014-05-04,[ 21:32 ],1,448
5613,2014-05-04,[ 21:33 ],1,457
5614,2014-05-04,[ 21:34 ],1,450
5615,2014-05-04,[ 21:35 ],1,449
5616,2014-05-04,[ 21:36 ],1,452
5617,2014-05-04,[ 21:37 ],1,451
5618,2014-05-04,[ 21:38 ],1,450
5619,2014-05-04,[ 21:39 ],1,452
5620,2014-05-04,[ 21:40 ],1,452
5621,2014-05-04,[ 21:41 ],1,435
5622,2014-05-04,[ 21:42 ],1,424
5623,2014-05-04,[ 21:43 ],1,433
5624,2014-05-04,[ 21:44 ],1,432
5625,2014-05-04,[ 21:45 ],1,348
5626,2014-05-04,[ 21:46 ],1,210
5627,2014-05-04,[ 21:47 ],1,239
5628,2014-05-04,[ 21:48 ],1,254
5629,2014-05-04,[ 21:49 ],1,245
5630,2014-05-04,[ 21:50 ],1,240
5631,2014-05-04,[ 21:51 ],1,267
5632,2014-05-04,[ 21:52 ],1,284
5633,2014-05-04,[ 21:53 ],1,372
5634,2014-05-04,[ 21:54 ],1,372
5635,2014-05-04,[ 21:55 ],1,321
5636,2014-05-04,[ 21:56 ],1,336
5637,2014-05-04,[ 21:57 ],1,328
5638,2014-05-04,[ 21:58 ],1,418
5639,2014-05-04,[ 21:59 ],1,417
5640,2014-05-04,[ 22:00 ],1,411
5641,2014-05-04,[ 22:01 ],1,411
5642,2014-05-04,[ 22:02 ],1,405
5643,2014-05-04,[ 22:03 ],1,411
5644,2014-05-04,[ 22:04 ],1,410
5645,2014-05-04,[ 22:05 ],1,411
5646,2014-05-04,[ 22:06 ],1,409
5647,2014-05-04,[ 22:07 ],1,410
5648,2014-05-04,[ 22:08 ],1,432
5649,2014-05-04,[ 22:09 ],1,330
5650,2014-05-04,[ 22:10 ],1,347
5651,2014-05-04,[ 22:11 ],1,2621
5652,2014-05-04,[ 22:12 ],1,2591
5653,2014-05-04,[ 22:13 ],1,2618
5654,2014-05-04,[ 22:14 ],1,2618
5655,2014-05-04,[ 22:15 ],1,2614
5656,2014-05-04,[ 22:16 ],1,2609
5657,2014-05-04,[ 22:17 ],1,2610
5658,2014-05-04,[ 22:18 ],1,2611
5659,2014-05-04,[ 22:19 ],1,2595
5660,2014-05-04,[ 22:20 ],1,2607
5661,2014-05-04,[ 22:21 ],1,2600
5662,2014-05-04,[ 22:22 ],1,394
5663,2014-05-04,[ 22:23 ],1,392
5664,2014-05-04,[ 22:24 ],1,390
5665,2014-05-04,[ 22:25 ],1,392
5666,2014-05-04,[ 22:26 ],1,393
5667,2014-05-04,[ 22:27 ],1,397
5668,2014-05-04,[ 22:28 ],1,393
5669,2014-05-04,[ 22:29 ],1,393
5670,2014-05-04,[ 22:30 ],1,397
5671,2014-05-04,[ 22:31 ],1,390
5672,2014-05-04,[ 22:32 ],1,388
5673,2014-05-04,[ 22:33 ],1,386
5674,2014-05-04,[ 22:34 ],1,391
5675,2014-05-04,[ 22:35 ],1,387
5676,2014-05-04,[ 22:36 ],1,391
5677,2014-05-04,[ 22:37 ],1,393
5678,2014-05-04,[ 22:38 ],1,382
5679,2014-05-04,[ 22:39 ],1,372
5680,2014-05-04,[ 22:40 ],1,367
5681,2014-05-04,[ 22:41 ],1,361
5682,2014-05-04,[ 22:42 ],1,363
5683,2014-05-04,[ 22:43 ],1,363
5684,2014-05-04,[ 22:44 ],1,358
5685,2014-05-04,[ 22:45 ],1,356
5686,2014-05-04,[ 22:46 ],1,354
5687,2014-05-04,[ 22:47 ],1,354
5688,2014-05-04,[ 22:48 ],1,353
5689,2014-05-04,[ 22:49 ],1,284
5690,2014-05-04,[ 22:50 ],1,282
5691,2014-05-04,[ 22:51 ],1,282
5692,2014-05-04,[ 22:52 ],1,277
5693,2014-05-04,[ 22:53 ],1,283
5694,2014-05-04,[ 22:54 ],1,284
5695,2014-05-04,[ 22:55 ],1,282
5696,2014-05-04,[ 22:56 ],1,283
5697,2014-05-04,[ 22:57 ],1,281
5698,2014-05-04,[ 22:58 ],1,282
5699,2014-05-04,[ 22:59 ],1,282
5700,2014-05-04,[ 23:00 ],1,282
5701,2014-05-04,[ 23:01 ],1,316
5702,2014-05-04,[ 23:02 ],1,204
5703,2014-05-04,[ 23:03 ],1,283
5704,2014-05-04,[ 23:04 ],1,284
5705,2014-05-04,[ 23:05 ],1,281
5706,2014-05-04,[ 23:06 ],1,281
5707,2014-05-04,[ 23:07 ],1,281
5708,2014-05-04,[ 23:08 ],1,281
5709,2014-05-04,[ 23:09 ],1,276
5710,2014-05-04,[ 23:10 ],1,280
5711,2014-05-04,[ 23:11 ],1,281
5712,2014-05-04,[ 23:12 ],1,277
5713,2014-05-04,[ 23:13 ],1,300
5714,2014-05-04,[ 23:14 ],1,2524
5715,2014-05-04,[ 23:15 ],1,2565
5716,2014-05-04,[ 23:16 ],1,2589
5717,2014-05-04,[ 23:17 ],1,2584
5718,2014-05-04,[ 23:18 ],1,2593
5719,2014-05-04,[ 23:19 ],1,2582
5720,2014-05-04,[ 23:20 ],1,2582
5721,2014-05-04,[ 23:21 ],1,2564
5722,2014-05-04,[ 23:22 ],1,2568
5723,2014-05-04,[ 23:23 ],1,2572
5724,2014-05-04,[ 23:24 ],1,2576
5725,2014-05-04,[ 23:25 ],1,2582
5726,2014-05-04,[ 23:26 ],1,2564
5727,2014-05-04,[ 23:27 ],1,2583
5728,2014-05-04,[ 23:28 ],1,2576
5729,2014-05-04,[ 23:29 ],1,2526
5730,2014-05-04,[ 23:30 ],1,2521
5731,2014-05-04,[ 23:31 ],1,273
5732,2014-05-04,[ 23:32 ],1,257
5733,2014-05-04,[ 23:33 ],1,260
5734,2014-05-04,[ 23:34 ],1,242
5735,2014-05-04,[ 23:35 ],1,241
5736,2014-05-04,[ 23:36 ],1,241
5737,2014-05-04,[ 23:37 ],1,240
5738,2014-05-04,[ 23:38 ],1,242
5739,2014-05-04,[ 23:39 ],1,241
5740,2014-05-04,[ 23:40 ],1,241
5741,2014-05-04,[ 23:41 ],1,240
5742,2014-05-04,[ 23:42 ],1,237
5743,2014-05-04,[ 23:43 ],1,237
5744,2014-05-04,[ 23:44 ],1,178
5745,2014-05-04,[ 23:45 ],1,178
5746,2014-05-04,[ 23:46 ],1,178
5747,2014-05-04,[ 23:47 ],1,179
5748,2014-05-04,[ 23:48 ],1,178
5749,2014-05-04,[ 23:49 ],1,178
5750,2014-05-04,[ 23:50 ],1,178
5751,2014-05-04,[ 23:51 ],1,179
5752,2014-05-04,[ 23:52 ],1,178
5753,2014-05-04,[ 23:53 ],1,180
5754,2014-05-04,[ 23:54 ],1,178
5755,2014-05-04,[ 23:55 ],1,178
5756,2014-05-04,[ 23:56 ],1,183
5757,2014-05-04,[ 23:57 ],1,184
5758,2014-05-04,[ 23:58 ],1,185
5759,2014-05-04,[ 23:59 ],1,184
5760,2014-05-05,[ 00:00 ],1,184
5761,2014-05-05,[ 00:01 ],1,183
5762,2014-05-05,[ 00:02 ],1,185
5763,2014-05-05,[ 00:03 ],1,185
5764,2014-05-05,[ 00:04 ],1,257
5765,2014-05-05,[ 00:05 ],1,258
5766,2014-05-05,[ 00:06 ],1,251
5767,2014-05-05,[ 00:07 ],1,252
5768,2014-05-05,[ 00:08 ],1,256
5769,2014-05-05,[ 00:09 ],1,258
5770,2014-05-05,[ 00:10 ],1,256
5771,2014-05-05,[ 00:11 ],1,259
5772,2014-05-05,[ 00:12 ],1,265
5773,2014-05-05,[ 00:13 ],1,265
5774,2014-05-05,[ 00:14 ],1,241
5775,2014-05-05,[ 00:15 ],1,240
5776,2014-05-05,[ 00:16 ],1,239
5777,2014-05-05,[ 00:17 ],1,237
5778,2014-05-05,[ 00:18 ],1,237
5779,2014-05-05,[ 00:19 ],1,236
5780,2014-05-05,[ 00:20 ],1,235
5781,2014-05-05,[ 00:21 ],1,239
5782,2014-05-05,[ 00:22 ],1,239
5783,2014-05-05,[ 00:23 ],1,241
5784,2014-05-05,[ 00:24 ],1,239
5785,2014-05-05,[ 00:25 ],1,239
5786,2014-05-05,[ 00:26 ],1,237
5787,2014-05-05,[ 00:27 ],1,236
5788,2014-05-05,[ 00:28 ],1,236
5789,2014-05-05,[ 00:29 ],1,235
5790,2014-05-05,[ 00:30 ],1,235
5791,2014-05-05,[ 00:31 ],1,235
5792,2014-05-05,[ 00:32 ],1,175
5793,2014-05-05,[ 00:33 ],1,177
5794,2014-05-05,[ 00:34 ],1,177
5795,2014-05-05,[ 00:35 ],1,177
5796,2014-05-05,[ 00:36 ],1,176
5797,2014-05-05,[ 00:37 ],1,178
5798,2014-05-05,[ 00:38 ],1,176
5799,2014-05-05,[ 00:39 ],1,174
5800,2014-05-05,[ 00:40 ],1,175
5801,2014-05-05,[ 00:41 ],1,175
5802,2014-05-05,[ 00:42 ],1,175
5803,2014-05-05,[ 00:43 ],1,176
5804,2014-05-05,[ 00:44 ],1,175
5805,2014-05-05,[ 00:45 ],1,175
5806,2014-05-05,[ 00:46 ],1,177
5807,2014-05-05,[ 00:47 ],1,176
5808,2014-05-05,[ 00:48 ],1,176
5809,2014-05-05,[ 00:49 ],1,177
5810,2014-05-05,[ 00:50 ],1,176
5811,2014-05-05,[ 00:51 ],1,176
5812,2014-05-05,[ 00:52 ],1,173
5813,2014-05-05,[ 00:53 ],1,174
5814,2014-05-05,[ 00:54 ],1,175
5815,2014-05-05,[ 00:55 ],1,175
5816,2014-05-05,[ 00:56 ],1,175
5817,2014-05-05,[ 00:57 ],1,174
5818,2014-05-05,[ 00:58 ],1,174
5819,2014-05-05,[ 00:59 ],1,175
5820,2014-05-05,[ 01:00 ],1,178
5821,2014-05-05,[ 01:01 ],1,177
5822,2014-05-05,[ 01:02 ],1,177
5823,2014-05-05,[ 01:03 ],1,176
5824,2014-05-05,[ 01:04 ],1,178
5825,2014-05-05,[ 01:05 ],1,176
5826,2014-05-05,[ 01:06 ],1,177
5827,2014-05-05,[ 01:07 ],1,177
5828,2014-05-05,[ 01:08 ],1,174
5829,2014-05-05,[ 01:09 ],1,175
5830,2014-05-05,[ 01:10 ],1,175
5831,2014-05-05,[ 01:11 ],1,175
5832,2014-05-05,[ 01:12 ],1,174
5833,2014-05-05,[ 01:13 ],1,173
5834,2014-05-05,[ 01:14 ],1,175
5835,2014-05-05,[ 01:15 ],1,174
5836,2014-05-05,[ 01:16 ],1,174
5837,2014-05-05,[ 01:17 ],1,246
5838,2014-05-05,[ 01:18 ],1,238
5839,2014-05-05,[ 01:19 ],1,238
5840,2014-05-05,[ 01:20 ],1,236
5841,2014-05-05,[ 01:21 ],1,257
5842,2014-05-05,[ 01:22 ],1,236
5843,2014-05-05,[ 01:23 ],1,237
5844,2014-05-05,[ 01:24 ],1,237
5845,2014-05-05,[ 01:25 ],1,234
5846,2014-05-05,[ 01:26 ],1,234
5847,2014-05-05,[ 01:27 ],1,232
5848,2014-05-05,[ 01:28 ],1,174
5849,2014-05-05,[ 01:29 ],1,173
5850,2014-05-05,[ 01:30 ],1,173
5851,2014-05-05,[ 01:31 ],1,173
5852,2014-05-05,[ 01:32 ],1,173
5853,2014-05-05,[ 01:33 ],1,174
5854,2014-05-05,[ 01:34 ],1,173
5855,2014-05-05,[ 01:35 ],1,174
5856,2014-05-05,[ 01:36 ],1,173
5857,2014-05-05,[ 01:37 ],1,174
5858,2014-05-05,[ 01:38 ],1,174
5859,2014-05-05,[ 01:39 ],1,173
5860,2014-05-05,[ 01:40 ],1,174
5861,2014-05-05,[ 01:41 ],1,174
5862,2014-05-05,[ 01:42 ],1,174
5863,2014-05-05,[ 01:43 ],1,173
5864,2014-05-05,[ 01:44 ],1,174
5865,2014-05-05,[ 01:45 ],1,174
5866,2014-05-05,[ 01:46 ],1,173
5867,2014-05-05,[ 01:47 ],1,174
5868,2014-05-05,[ 01:48 ],1,174
5869,2014-05-05,[ 01:49 ],1,173
5870,2014-05-05,[ 01:50 ],1,238
5871,2014-05-05,[ 01:51 ],1,236
5872,2014-05-05,[ 01:52 ],1,235
5873,2014-05-05,[ 01:53 ],1,235
5874,2014-05-05,[ 01:54 ],1,237
5875,2014-05-05,[ 01:55 ],1,240
5876,2014-05-05,[ 01:56 ],1,237
5877,2014-05-05,[ 01:57 ],1,238
5878,2014-05-05,[ 01:58 ],1,236
5879,2014-05-05,[ 01:59 ],1,235
5880,2014-05-05,[ 02:00 ],1,236
5881,2014-05-05,[ 02:01 ],1,238
5882,2014-05-05,[ 02:02 ],1,238
5883,2014-05-05,[ 02:03 ],1,236
5884,2014-05-05,[ 02:04 ],1,235
5885,2014-05-05,[ 02:05 ],1,236
5886,2014-05-05,[ 02:06 ],1,235
5887,2014-05-05,[ 02:07 ],1,235
5888,2014-05-05,[ 02:08 ],1,237
5889,2014-05-05,[ 02:09 ],1,239
5890,2014-05-05,[ 02:10 ],1,239
5891,2014-05-05,[ 02:11 ],1,236
5892,2014-05-05,[ 02:12 ],1,235
5893,2014-05-05,[ 02:13 ],1,232
5894,2014-05-05,[ 02:14 ],1,232
5895,2014-05-05,[ 02:15 ],1,231
5896,2014-05-05,[ 02:16 ],1,232
5897,2014-05-05,[ 02:17 ],1,228
5898,2014-05-05,[ 02:18 ],1,172
5899,2014-05-05,[ 02:19 ],1,172
5900,2014-05-05,[ 02:20 ],1,173
5901,2014-05-05,[ 02:21 ],1,174
5902,2014-05-05,[ 02:22 ],1,173
5903,2014-05-05,[ 02:23 ],1,173
5904,2014-05-05,[ 02:24 ],1,173
5905,2014-05-05,[ 02:25 ],1,174
5906,2014-05-05,[ 02:26 ],1,176
5907,2014-05-05,[ 02:27 ],1,175
5908,2014-05-05,[ 02:28 ],1,174
5909,2014-05-05,[ 02:29 ],1,174
5910,2014-05-05,[ 02:30 ],1,174
5911,2014-05-05,[ 02:31 ],1,173
5912,2014-05-05,[ 02:32 ],1,173
5913,2014-05-05,[ 02:33 ],1,174
5914,2014-05-05,[ 02:34 ],1,173
5915,2014-05-05,[ 02:35 ],1,174
5916,2014-05-05,[ 02:36 ],1,173
5917,2014-05-05,[ 02:37 ],1,173
5918,2014-05-05,[ 02:38 ],1,174
5919,2014-05-05,[ 02:39 ],1,172
5920,2014-05-05,[ 02:40 ],1,173
5921,2014-05-05,[ 02:41 ],1,172
5922,2014-05-05,[ 02:42 ],1,174
5923,2014-05-05,[ 02:43 ],1,173
5924,2014-05-05,[ 02:44 ],1,174
5925,2014-05-05,[ 02:45 ],1,173
5926,2014-05-05,[ 02:46 ],1,173
5927,2014-05-05,[ 02:47 ],1,173
5928,2014-05-05,[ 02:48 ],1,173
5929,2014-05-05,[ 02:49 ],1,173
5930,2014-05-05,[ 02:50 ],1,173
5931,2014-05-05,[ 02:51 ],1,173
5932,2014-05-05,[ 02:52 ],1,173
5933,2014-05-05,[ 02:53 ],1,174
5934,2014-05-05,[ 02:54 ],1,174
5935,2014-05-05,[ 02:55 ],1,174
5936,2014-05-05,[ 02:56 ],1,178
5937,2014-05-05,[ 02:57 ],1,180
5938,2014-05-05,[ 02:58 ],1,177
5939,2014-05-05,[ 02:59 ],1,178
5940,2014-05-05,[ 03:00 ],1,181
5941,2014-05-05,[ 03:01 ],1,178
5942,2014-05-05,[ 03:02 ],1,265
5943,2014-05-05,[ 03:03 ],1,260
5944,2014-05-05,[ 03:04 ],1,252
5945,2014-05-05,[ 03:05 ],1,254
5946,2014-05-05,[ 03:06 ],1,249
5947,2014-05-05,[ 03:07 ],1,248
5948,2014-05-05,[ 03:08 ],1,248
5949,2014-05-05,[ 03:09 ],1,248
5950,2014-05-05,[ 03:10 ],1,248
5951,2014-05-05,[ 03:11 ],1,248
5952,2014-05-05,[ 03:12 ],1,242
5953,2014-05-05,[ 03:13 ],1,247
5954,2014-05-05,[ 03:14 ],1,178
5955,2014-05-05,[ 03:15 ],1,178
5956,2014-05-05,[ 03:16 ],1,178
5957,2014-05-05,[ 03:17 ],1,178
5958,2014-05-05,[ 03:18 ],1,178
5959,2014-05-05,[ 03:19 ],1,177
5960,2014-05-05,[ 03:20 ],1,174
5961,2014-05-05,[ 03:21 ],1,172
5962,2014-05-05,[ 03:22 ],1,173
5963,2014-05-05,[ 03:23 ],1,174
5964,2014-05-05,[ 03:24 ],1,174
5965,2014-05-05,[ 03:25 ],1,172
5966,2014-05-05,[ 03:26 ],1,172
5967,2014-05-05,[ 03:27 ],1,171
5968,2014-05-05,[ 03:28 ],1,171
5969,2014-05-05,[ 03:29 ],1,172
5970,2014-05-05,[ 03:30 ],1,173
5971,2014-05-05,[ 03:31 ],1,173
5972,2014-05-05,[ 03:32 ],1,171
5973,2014-05-05,[ 03:33 ],1,171
5974,2014-05-05,[ 03:34 ],1,172
5975,2014-05-05,[ 03:35 ],1,172
5976,2014-05-05,[ 03:36 ],1,173
5977,2014-05-05,[ 03:37 ],1,173
5978,2014-05-05,[ 03:38 ],1,173
5979,2014-05-05,[ 03:39 ],1,242
5980,2014-05-05,[ 03:40 ],1,242
5981,2014-05-05,[ 03:41 ],1,231
5982,2014-05-05,[ 03:42 ],1,234
5983,2014-05-05,[ 03:43 ],1,235
5984,2014-05-05,[ 03:44 ],1,236
5985,2014-05-05,[ 03:45 ],1,239
5986,2014-05-05,[ 03:46 ],1,238
5987,2014-05-05,[ 03:47 ],1,236
5988,2014-05-05,[ 03:48 ],1,236
5989,2014-05-05,[ 03:49 ],1,237
5990,2014-05-05,[ 03:50 ],1,236
5991,2014-05-05,[ 03:51 ],1,235
5992,2014-05-05,[ 03:52 ],1,235
5993,2014-05-05,[ 03:53 ],1,236
5994,2014-05-05,[ 03:54 ],1,237
5995,2014-05-05,[ 03:55 ],1,235
5996,2014-05-05,[ 03:56 ],1,237
5997,2014-05-05,[ 03:57 ],1,246
5998,2014-05-05,[ 03:58 ],1,253
5999,2014-05-05,[ 03:59 ],1,254
6000,2014-05-05,[ 04:00 ],1,254
6001,2014-05-05,[ 04:01 ],1,250
6002,2014-05-05,[ 04:02 ],1,248
6003,2014-05-05,[ 04:03 ],1,247
6004,2014-05-05,[ 04:04 ],1,249
6005,2014-05-05,[ 04:05 ],1,245
6006,2014-05-05,[ 04:06 ],1,243
6007,2014-05-05,[ 04:07 ],1,243
6008,2014-05-05,[ 04:08 ],1,178
6009,2014-05-05,[ 04:09 ],1,178
6010,2014-05-05,[ 04:10 ],1,176
6011,2014-05-05,[ 04:11 ],1,171
6012,2014-05-05,[ 04:12 ],1,172
6013,2014-05-05,[ 04:13 ],1,171
6014,2014-05-05,[ 04:14 ],1,172
6015,2014-05-05,[ 04:15 ],1,173
6016,2014-05-05,[ 04:16 ],1,172
6017,2014-05-05,[ 04:17 ],1,173
6018,2014-05-05,[ 04:18 ],1,173
6019,2014-05-05,[ 04:19 ],1,174
6020,2014-05-05,[ 04:20 ],1,174
6021,2014-05-05,[ 04:21 ],1,174
6022,2014-05-05,[ 04:22 ],1,175
6023,2014-05-05,[ 04:23 ],1,174
6024,2014-05-05,[ 04:24 ],1,173
6025,2014-05-05,[ 04:25 ],1,173
6026,2014-05-05,[ 04:26 ],1,172
6027,2014-05-05,[ 04:27 ],1,173
6028,2014-05-05,[ 04:28 ],1,173
6029,2014-05-05,[ 04:29 ],1,172
6030,2014-05-05,[ 04:30 ],1,173
6031,2014-05-05,[ 04:31 ],1,173
6032,2014-05-05,[ 04:32 ],1,173
6033,2014-05-05,[ 04:33 ],1,173
6034,2014-05-05,[ 04:34 ],1,174
6035,2014-05-05,[ 04:35 ],1,174
6036,2014-05-05,[ 04:36 ],1,174
6037,2014-05-05,[ 04:37 ],1,173
6038,2014-05-05,[ 04:38 ],1,173
6039,2014-05-05,[ 04:39 ],1,174
6040,2014-05-05,[ 04:40 ],1,173
6041,2014-05-05,[ 04:41 ],1,173
6042,2014-05-05,[ 04:42 ],1,175
6043,2014-05-05,[ 04:43 ],1,173
6044,2014-05-05,[ 04:44 ],1,174
6045,2014-05-05,[ 04:45 ],1,173
6046,2014-05-05,[ 04:46 ],1,173
6047,2014-05-05,[ 04:47 ],1,173
6048,2014-05-05,[ 04:48 ],1,174
6049,2014-05-05,[ 04:49 ],1,174
6050,2014-05-05,[ 04:50 ],1,173
6051,2014-05-05,[ 04:51 ],1,172
6052,2014-05-05,[ 04:52 ],1,172
6053,2014-05-05,[ 04:53 ],1,174
6054,2014-05-05,[ 04:54 ],1,249
6055,2014-05-05,[ 04:55 ],1,237
6056,2014-05-05,[ 04:56 ],1,237
6057,2014-05-05,[ 04:57 ],1,236
6058,2014-05-05,[ 04:58 ],1,237
6059,2014-05-05,[ 04:59 ],1,234
6060,2014-05-05,[ 05:00 ],1,236
6061,2014-05-05,[ 05:01 ],1,236
6062,2014-05-05,[ 05:02 ],1,234
6063,2014-05-05,[ 05:03 ],1,234
6064,2014-05-05,[ 05:04 ],1,234
6065,2014-05-05,[ 05:05 ],1,175
6066,2014-05-05,[ 05:06 ],1,173
6067,2014-05-05,[ 05:07 ],1,174
6068,2014-05-05,[ 05:08 ],1,173
6069,2014-05-05,[ 05:09 ],1,173
6070,2014-05-05,[ 05:10 ],1,173
6071,2014-05-05,[ 05:11 ],1,174
6072,2014-05-05,[ 05:12 ],1,173
6073,2014-05-05,[ 05:13 ],1,172
6074,2014-05-05,[ 05:14 ],1,173
6075,2014-05-05,[ 05:15 ],1,175
6076,2014-05-05,[ 05:16 ],1,175
6077,2014-05-05,[ 05:17 ],1,173
6078,2014-05-05,[ 05:18 ],1,174
6079,2014-05-05,[ 05:19 ],1,175
6080,2014-05-05,[ 05:20 ],1,175
6081,2014-05-05,[ 05:21 ],1,175
6082,2014-05-05,[ 05:22 ],1,172
6083,2014-05-05,[ 05:23 ],1,173
6084,2014-05-05,[ 05:24 ],1,174
6085,2014-05-05,[ 05:25 ],1,174
6086,2014-05-05,[ 05:26 ],1,174
6087,2014-05-05,[ 05:27 ],1,178
6088,2014-05-05,[ 05:28 ],1,174
6089,2014-05-05,[ 05:29 ],1,176
6090,2014-05-05,[ 05:30 ],1,173
6091,2014-05-05,[ 05:31 ],1,175
6092,2014-05-05,[ 05:32 ],1,176
6093,2014-05-05,[ 05:33 ],1,260
6094,2014-05-05,[ 05:34 ],1,238
6095,2014-05-05,[ 05:35 ],1,235
6096,2014-05-05,[ 05:36 ],1,237
6097,2014-05-05,[ 05:37 ],1,239
6098,2014-05-05,[ 05:38 ],1,238
6099,2014-05-05,[ 05:39 ],1,240
6100,2014-05-05,[ 05:40 ],1,239
6101,2014-05-05,[ 05:41 ],1,240
6102,2014-05-05,[ 05:42 ],1,239
6103,2014-05-05,[ 05:43 ],1,239
6104,2014-05-05,[ 05:44 ],1,236
6105,2014-05-05,[ 05:45 ],1,236
6106,2014-05-05,[ 05:46 ],1,235
6107,2014-05-05,[ 05:47 ],1,237
6108,2014-05-05,[ 05:48 ],1,234
6109,2014-05-05,[ 05:49 ],1,234
6110,2014-05-05,[ 05:50 ],1,234
6111,2014-05-05,[ 05:51 ],1,238
6112,2014-05-05,[ 05:52 ],1,238
6113,2014-05-05,[ 05:53 ],1,2644
6114,2014-05-05,[ 05:54 ],1,2648
6115,2014-05-05,[ 05:55 ],1,2648
6116,2014-05-05,[ 05:56 ],1,237
6117,2014-05-05,[ 05:57 ],1,2636
6118,2014-05-05,[ 05:58 ],1,307
6119,2014-05-05,[ 05:59 ],1,293
6120,2014-05-05,[ 06:00 ],1,287
6121,2014-05-05,[ 06:01 ],1,280
6122,2014-05-05,[ 06:02 ],1,222
6123,2014-05-05,[ 06:03 ],1,202
6124,2014-05-05,[ 06:04 ],1,162
6125,2014-05-05,[ 06:05 ],1,161
6126,2014-05-05,[ 06:06 ],1,160
6127,2014-05-05,[ 06:07 ],1,157
6128,2014-05-05,[ 06:08 ],1,157
6129,2014-05-05,[ 06:09 ],1,157
6130,2014-05-05,[ 06:10 ],1,157
6131,2014-05-05,[ 06:11 ],1,157
6132,2014-05-05,[ 06:12 ],1,157
6133,2014-05-05,[ 06:13 ],1,159
6134,2014-05-05,[ 06:14 ],1,159
6135,2014-05-05,[ 06:15 ],1,160
6136,2014-05-05,[ 06:16 ],1,159
6137,2014-05-05,[ 06:17 ],1,160
6138,2014-05-05,[ 06:18 ],1,161
6139,2014-05-05,[ 06:19 ],1,159
6140,2014-05-05,[ 06:20 ],1,162
6141,2014-05-05,[ 06:21 ],1,161
6142,2014-05-05,[ 06:22 ],1,162
6143,2014-05-05,[ 06:23 ],1,162
6144,2014-05-05,[ 06:24 ],1,162
6145,2014-05-05,[ 06:25 ],1,162
6146,2014-05-05,[ 06:26 ],1,160
6147,2014-05-05,[ 06:27 ],1,160
6148,2014-05-05,[ 06:28 ],1,162
6149,2014-05-05,[ 06:29 ],1,161
6150,2014-05-05,[ 06:30 ],1,160
6151,2014-05-05,[ 06:31 ],1,171
6152,2014-05-05,[ 06:32 ],1,162
6153,2014-05-05,[ 06:33 ],1,162
6154,2014-05-05,[ 06:34 ],1,161
6155,2014-05-05,[ 06:35 ],1,162
6156,2014-05-05,[ 06:36 ],1,161
6157,2014-05-05,[ 06:37 ],1,169
6158,2014-05-05,[ 06:38 ],1,321
6159,2014-05-05,[ 06:39 ],1,332
6160,2014-05-05,[ 06:40 ],1,331
6161,2014-05-05,[ 06:41 ],1,331
6162,2014-05-05,[ 06:42 ],1,331
6163,2014-05-05,[ 06:43 ],1,324
6164,2014-05-05,[ 06:44 ],1,252
6165,2014-05-05,[ 06:45 ],1,254
6166,2014-05-05,[ 06:46 ],1,254
6167,2014-05-05,[ 06:47 ],1,251
6168,2014-05-05,[ 06:48 ],1,320
6169,2014-05-05,[ 06:49 ],1,404
6170,2014-05-05,[ 06:50 ],1,393
6171,2014-05-05,[ 06:51 ],1,383
6172,2014-05-05,[ 06:52 ],1,387
6173,2014-05-05,[ 06:53 ],1,388
6174,2014-05-05,[ 06:54 ],1,385
6175,2014-05-05,[ 06:55 ],1,388
6176,2014-05-05,[ 06:56 ],1,380
6177,2014-05-05,[ 06:57 ],1,377
6178,2014-05-05,[ 06:58 ],1,378
6179,2014-05-05,[ 06:59 ],1,382
6180,2014-05-05,[ 07:00 ],1,459
6181,2014-05-05,[ 07:01 ],1,381
6182,2014-05-05,[ 07:02 ],1,386
6183,2014-05-05,[ 07:03 ],1,380
6184,2014-05-05,[ 07:04 ],1,372
6185,2014-05-05,[ 07:05 ],1,361
6186,2014-05-05,[ 07:06 ],1,352
6187,2014-05-05,[ 07:07 ],1,375
6188,2014-05-05,[ 07:08 ],1,369
6189,2014-05-05,[ 07:09 ],1,367
6190,2014-05-05,[ 07:10 ],1,376
6191,2014-05-05,[ 07:11 ],1,379
6192,2014-05-05,[ 07:12 ],1,370
6193,2014-05-05,[ 07:13 ],1,370
6194,2014-05-05,[ 07:14 ],1,368
6195,2014-05-05,[ 07:15 ],1,371
6196,2014-05-05,[ 07:16 ],1,352
6197,2014-05-05,[ 07:17 ],1,447
6198,2014-05-05,[ 07:18 ],1,439
6199,2014-05-05,[ 07:19 ],1,409
6200,2014-05-05,[ 07:20 ],1,330
6201,2014-05-05,[ 07:21 ],1,333
6202,2014-05-05,[ 07:22 ],1,412
6203,2014-05-05,[ 07:23 ],1,400
6204,2014-05-05,[ 07:24 ],1,375
6205,2014-05-05,[ 07:25 ],1,377
6206,2014-05-05,[ 07:26 ],1,376
6207,2014-05-05,[ 07:27 ],1,372
6208,2014-05-05,[ 07:28 ],1,382
6209,2014-05-05,[ 07:29 ],1,368
6210,2014-05-05,[ 07:30 ],1,412
6211,2014-05-05,[ 07:31 ],1,410
6212,2014-05-05,[ 07:32 ],1,412
6213,2014-05-05,[ 07:33 ],1,388
6214,2014-05-05,[ 07:34 ],1,371
6215,2014-05-05,[ 07:35 ],1,377
6216,2014-05-05,[ 07:36 ],1,378
6217,2014-05-05,[ 07:37 ],1,376
6218,2014-05-05,[ 07:38 ],1,370
6219,2014-05-05,[ 07:39 ],1,380
6220,2014-05-05,[ 07:40 ],1,412
6221,2014-05-05,[ 07:41 ],1,411
6222,2014-05-05,[ 07:42 ],1,414
6223,2014-05-05,[ 07:43 ],1,405
6224,2014-05-05,[ 07:44 ],1,315
6225,2014-05-05,[ 07:45 ],1,318
6226,2014-05-05,[ 07:46 ],1,308
6227,2014-05-05,[ 07:47 ],1,309
6228,2014-05-05,[ 07:48 ],1,304
6229,2014-05-05,[ 07:49 ],1,304
6230,2014-05-05,[ 07:50 ],1,331
6231,2014-05-05,[ 07:51 ],1,333
6232,2014-05-05,[ 07:52 ],1,337
6233,2014-05-05,[ 07:53 ],1,332
6234,2014-05-05,[ 07:54 ],1,301
6235,2014-05-05,[ 07:55 ],1,301
6236,2014-05-05,[ 07:56 ],1,298
6237,2014-05-05,[ 07:57 ],1,298
6238,2014-05-05,[ 07:58 ],1,312
6239,2014-05-05,[ 07:59 ],1,333
6240,2014-05-05,[ 08:00 ],1,336
6241,2014-05-05,[ 08:01 ],1,337
6242,2014-05-05,[ 08:02 ],1,337
6243,2014-05-05,[ 08:03 ],1,336
6244,2014-05-05,[ 08:04 ],1,271
6245,2014-05-05,[ 08:05 ],1,270
6246,2014-05-05,[ 08:06 ],1,267
6247,2014-05-05,[ 08:07 ],1,266
6248,2014-05-05,[ 08:08 ],1,267
6249,2014-05-05,[ 08:09 ],1,267
6250,2014-05-05,[ 08:10 ],1,270
6251,2014-05-05,[ 08:11 ],1,265
6252,2014-05-05,[ 08:12 ],1,267
6253,2014-05-05,[ 08:13 ],1,269
6254,2014-05-05,[ 08:14 ],1,269
6255,2014-05-05,[ 08:15 ],1,266
6256,2014-05-05,[ 08:16 ],1,265
6257,2014-05-05,[ 08:17 ],1,269
6258,2014-05-05,[ 08:18 ],1,270
6259,2014-05-05,[ 08:19 ],1,333
6260,2014-05-05,[ 08:20 ],1,353
6261,2014-05-05,[ 08:21 ],1,340
6262,2014-05-05,[ 08:22 ],1,350
6263,2014-05-05,[ 08:23 ],1,352
6264,2014-05-05,[ 08:24 ],1,348
6265,2014-05-05,[ 08:25 ],1,2346
6266,2014-05-05,[ 08:26 ],1,2379
6267,2014-05-05,[ 08:27 ],1,2372
6268,2014-05-05,[ 08:28 ],1,341
6269,2014-05-05,[ 08:29 ],1,426
6270,2014-05-05,[ 08:30 ],1,426
6271,2014-05-05,[ 08:31 ],1,406
6272,2014-05-05,[ 08:32 ],1,410
6273,2014-05-05,[ 08:33 ],1,409
6274,2014-05-05,[ 08:34 ],1,409
6275,2014-05-05,[ 08:35 ],1,415
6276,2014-05-05,[ 08:36 ],1,413
6277,2014-05-05,[ 08:37 ],1,409
6278,2014-05-05,[ 08:38 ],1,411
6279,2014-05-05,[ 08:39 ],1,409
6280,2014-05-05,[ 08:40 ],1,405
6281,2014-05-05,[ 08:41 ],1,355
6282,2014-05-05,[ 08:42 ],1,355
6283,2014-05-05,[ 08:43 ],1,347
6284,2014-05-05,[ 08:44 ],1,352
6285,2014-05-05,[ 08:45 ],1,345
6286,2014-05-05,[ 08:46 ],1,352
6287,2014-05-05,[ 08:47 ],1,339
6288,2014-05-05,[ 08:48 ],1,337
6289,2014-05-05,[ 08:49 ],1,336
6290,2014-05-05,[ 08:50 ],1,339
6291,2014-05-05,[ 08:51 ],1,342
6292,2014-05-05,[ 08:52 ],1,341
6293,2014-05-05,[ 08:53 ],1,348
6294,2014-05-05,[ 08:54 ],1,344
6295,2014-05-05,[ 08:55 ],1,342
6296,2014-05-05,[ 08:56 ],1,347
6297,2014-05-05,[ 08:57 ],1,344
6298,2014-05-05,[ 08:58 ],1,340
6299,2014-05-05,[ 08:59 ],1,377
6300,2014-05-05,[ 09:00 ],1,405
6301,2014-05-05,[ 09:01 ],1,383
6302,2014-05-05,[ 09:02 ],1,2829
6303,2014-05-05,[ 09:03 ],1,2858
6304,2014-05-05,[ 09:04 ],1,2797
6305,2014-05-05,[ 09:05 ],1,2029
6306,2014-05-05,[ 09:06 ],1,1950
6307,2014-05-05,[ 09:07 ],1,2061
6308,2014-05-05,[ 09:08 ],1,1832
6309,2014-05-05,[ 09:09 ],1,440
6310,2014-05-05,[ 09:10 ],1,492
6311,2014-05-05,[ 09:11 ],1,492
6312,2014-05-05,[ 09:12 ],1,462
6313,2014-05-05,[ 09:13 ],1,474
6314,2014-05-05,[ 09:14 ],1,460
6315,2014-05-05,[ 09:15 ],1,452
6316,2014-05-05,[ 09:16 ],1,444
6317,2014-05-05,[ 09:17 ],1,471
6318,2014-05-05,[ 09:18 ],1,451
6319,2014-05-05,[ 09:19 ],1,449
6320,2014-05-05,[ 09:20 ],1,457
6321,2014-05-05,[ 09:21 ],1,457
6322,2014-05-05,[ 09:22 ],1,446
6323,2014-05-05,[ 09:23 ],1,443
6324,2014-05-05,[ 09:24 ],1,450
6325,2014-05-05,[ 09:25 ],1,452
6326,2014-05-05,[ 09:26 ],1,462
6327,2014-05-05,[ 09:27 ],1,446
6328,2014-05-05,[ 09:28 ],1,455
6329,2014-05-05,[ 09:29 ],1,464
6330,2014-05-05,[ 09:30 ],1,450
6331,2014-05-05,[ 09:31 ],1,457
6332,2014-05-05,[ 09:32 ],1,417
6333,2014-05-05,[ 09:33 ],1,411
6334,2014-05-05,[ 09:34 ],1,412
6335,2014-05-05,[ 09:35 ],1,411
6336,2014-05-05,[ 09:36 ],1,407
6337,2014-05-05,[ 09:37 ],1,330
6338,2014-05-05,[ 09:38 ],1,335
6339,2014-05-05,[ 09:39 ],1,337
6340,2014-05-05,[ 09:40 ],1,347
6341,2014-05-05,[ 09:41 ],1,556
6342,2014-05-05,[ 09:42 ],1,566
6343,2014-05-05,[ 09:43 ],1,566
6344,2014-05-05,[ 09:44 ],1,566
6345,2014-05-05,[ 09:45 ],1,573
6346,2014-05-05,[ 09:46 ],1,575
6347,2014-05-05,[ 09:47 ],1,570
6348,2014-05-05,[ 09:48 ],1,565
6349,2014-05-05,[ 09:49 ],1,570
6350,2014-05-05,[ 09:50 ],1,576
6351,2014-05-05,[ 09:51 ],1,564
6352,2014-05-05,[ 09:52 ],1,568
6353,2014-05-05,[ 09:53 ],1,572
6354,2014-05-05,[ 09:54 ],1,558
6355,2014-05-05,[ 09:55 ],1,347
6356,2014-05-05,[ 09:56 ],1,343
6357,2014-05-05,[ 09:57 ],1,336
6358,2014-05-05,[ 09:58 ],1,348
6359,2014-05-05,[ 09:59 ],1,331
6360,2014-05-05,[ 10:00 ],1,347
6361,2014-05-05,[ 10:01 ],1,352
6362,2014-05-05,[ 10:02 ],1,352
6363,2014-05-05,[ 10:03 ],1,345
6364,2014-05-05,[ 10:04 ],1,346
6365,2014-05-05,[ 10:05 ],1,345
6366,2014-05-05,[ 10:06 ],1,446
6367,2014-05-05,[ 10:07 ],1,446
6368,2014-05-05,[ 10:08 ],1,425
6369,2014-05-05,[ 10:09 ],1,426
6370,2014-05-05,[ 10:10 ],1,427
6371,2014-05-05,[ 10:11 ],1,437
6372,2014-05-05,[ 10:12 ],1,437
6373,2014-05-05,[ 10:13 ],1,427
6374,2014-05-05,[ 10:14 ],1,435
6375,2014-05-05,[ 10:15 ],1,430
6376,2014-05-05,[ 10:16 ],1,414
6377,2014-05-05,[ 10:17 ],1,417
6378,2014-05-05,[ 10:18 ],1,421
6379,2014-05-05,[ 10:19 ],1,409
6380,2014-05-05,[ 10:20 ],1,412
6381,2014-05-05,[ 10:21 ],1,409
6382,2014-05-05,[ 10:22 ],1,418
6383,2014-05-05,[ 10:23 ],1,404
6384,2014-05-05,[ 10:24 ],1,414
6385,2014-05-05,[ 10:25 ],1,417
6386,2014-05-05,[ 10:26 ],1,404
6387,2014-05-05,[ 10:27 ],1,407
6388,2014-05-05,[ 10:28 ],1,407
6389,2014-05-05,[ 10:29 ],1,411
6390,2014-05-05,[ 10:30 ],1,404
6391,2014-05-05,[ 10:31 ],1,421
6392,2014-05-05,[ 10:32 ],1,413
6393,2014-05-05,[ 10:33 ],1,410
6394,2014-05-05,[ 10:34 ],1,424
6395,2014-05-05,[ 10:35 ],1,415
6396,2014-05-05,[ 10:36 ],1,414
6397,2014-05-05,[ 10:37 ],1,348
6398,2014-05-05,[ 10:38 ],1,348
6399,2014-05-05,[ 10:39 ],1,343
6400,2014-05-05,[ 10:40 ],1,337
6401,2014-05-05,[ 10:41 ],1,352
6402,2014-05-05,[ 10:42 ],1,345
6403,2014-05-05,[ 10:43 ],1,342
6404,2014-05-05,[ 10:44 ],1,337
6405,2014-05-05,[ 10:45 ],1,344
6406,2014-05-05,[ 10:46 ],1,344
6407,2014-05-05,[ 10:47 ],1,343
6408,2014-05-05,[ 10:48 ],1,342
6409,2014-05-05,[ 10:49 ],1,406
6410,2014-05-05,[ 10:50 ],1,402
6411,2014-05-05,[ 10:51 ],1,406
6412,2014-05-05,[ 10:52 ],1,410
6413,2014-05-05,[ 10:53 ],1,410
6414,2014-05-05,[ 10:54 ],1,415
6415,2014-05-05,[ 10:55 ],1,415
6416,2014-05-05,[ 10:56 ],1,415
6417,2014-05-05,[ 10:57 ],1,402
6418,2014-05-05,[ 10:58 ],1,409
6419,2014-05-05,[ 10:59 ],1,411
6420,2014-05-05,[ 11:00 ],1,407
6421,2014-05-05,[ 11:01 ],1,403
6422,2014-05-05,[ 11:02 ],1,425
6423,2014-05-05,[ 11:03 ],1,336
6424,2014-05-05,[ 11:04 ],1,334
6425,2014-05-05,[ 11:05 ],1,332
6426,2014-05-05,[ 11:06 ],1,330
6427,2014-05-05,[ 11:07 ],1,330
6428,2014-05-05,[ 11:08 ],1,405
6429,2014-05-05,[ 11:09 ],1,406
6430,2014-05-05,[ 11:10 ],1,407
6431,2014-05-05,[ 11:11 ],1,406
6432,2014-05-05,[ 11:12 ],1,403
6433,2014-05-05,[ 11:13 ],1,333
6434,2014-05-05,[ 11:14 ],1,336
6435,2014-05-05,[ 11:15 ],1,337
6436,2014-05-05,[ 11:16 ],1,337
6437,2014-05-05,[ 11:17 ],1,342
6438,2014-05-05,[ 11:18 ],1,337
6439,2014-05-05,[ 11:19 ],1,337
6440,2014-05-05,[ 11:20 ],1,335
6441,2014-05-05,[ 11:21 ],1,342
6442,2014-05-05,[ 11:22 ],1,336
6443,2014-05-05,[ 11:23 ],1,336
6444,2014-05-05,[ 11:24 ],1,335
6445,2014-05-05,[ 11:25 ],1,337
6446,2014-05-05,[ 11:26 ],1,334
6447,2014-05-05,[ 11:27 ],1,340
6448,2014-05-05,[ 11:28 ],1,339
6449,2014-05-05,[ 11:29 ],1,345
6450,2014-05-05,[ 11:30 ],1,337
6451,2014-05-05,[ 11:31 ],1,335
6452,2014-05-05,[ 11:32 ],1,331
6453,2014-05-05,[ 11:33 ],1,334
6454,2014-05-05,[ 11:34 ],1,332
6455,2014-05-05,[ 11:35 ],1,336
6456,2014-05-05,[ 11:36 ],1,335
6457,2014-05-05,[ 11:37 ],1,337
6458,2014-05-05,[ 11:38 ],1,336
6459,2014-05-05,[ 11:39 ],1,335
6460,2014-05-05,[ 11:40 ],1,334
6461,2014-05-05,[ 11:41 ],1,333
6462,2014-05-05,[ 11:42 ],1,331
6463,2014-05-05,[ 11:43 ],1,332
6464,2014-05-05,[ 11:44 ],1,334
6465,2014-05-05,[ 11:45 ],1,330
6466,2014-05-05,[ 11:46 ],1,337
6467,2014-05-05,[ 11:47 ],1,337
6468,2014-05-05,[ 11:48 ],1,330
6469,2014-05-05,[ 11:49 ],1,331
6470,2014-05-05,[ 11:50 ],1,331
6471,2014-05-05,[ 11:51 ],1,334
6472,2014-05-05,[ 11:52 ],1,332
6473,2014-05-05,[ 11:53 ],1,409
6474,2014-05-05,[ 11:54 ],1,403
6475,2014-05-05,[ 11:55 ],1,400
6476,2014-05-05,[ 11:56 ],1,404
6477,2014-05-05,[ 11:57 ],1,398
6478,2014-05-05,[ 11:58 ],1,393
6479,2014-05-05,[ 11:59 ],1,400
6480,2014-05-05,[ 12:00 ],1,400
6481,2014-05-05,[ 12:01 ],1,393
6482,2014-05-05,[ 12:02 ],1,391
6483,2014-05-05,[ 12:03 ],1,399
6484,2014-05-05,[ 12:04 ],1,392
6485,2014-05-05,[ 12:05 ],1,330
6486,2014-05-05,[ 12:06 ],1,330
6487,2014-05-05,[ 12:07 ],1,330
6488,2014-05-05,[ 12:08 ],1,333
6489,2014-05-05,[ 12:09 ],1,327
6490,2014-05-05,[ 12:10 ],1,308
6491,2014-05-05,[ 12:11 ],1,273
6492,2014-05-05,[ 12:12 ],1,1915
6493,2014-05-05,[ 12:13 ],1,3162
6494,2014-05-05,[ 12:14 ],1,2644
6495,2014-05-05,[ 12:15 ],1,261
6496,2014-05-05,[ 12:16 ],1,261
6497,2014-05-05,[ 12:17 ],1,264
6498,2014-05-05,[ 12:18 ],1,265
6499,2014-05-05,[ 12:19 ],1,262
6500,2014-05-05,[ 12:20 ],1,261
6501,2014-05-05,[ 12:21 ],1,264
6502,2014-05-05,[ 12:22 ],1,272
6503,2014-05-05,[ 12:23 ],1,339
6504,2014-05-05,[ 12:24 ],1,330
6505,2014-05-05,[ 12:25 ],1,319
6506,2014-05-05,[ 12:26 ],1,322
6507,2014-05-05,[ 12:27 ],1,328
6508,2014-05-05,[ 12:28 ],1,330
6509,2014-05-05,[ 12:29 ],1,327
6510,2014-05-05,[ 12:30 ],1,324
6511,2014-05-05,[ 12:31 ],1,324
6512,2014-05-05,[ 12:32 ],1,324
6513,2014-05-05,[ 12:33 ],1,323
6514,2014-05-05,[ 12:34 ],1,326
6515,2014-05-05,[ 12:35 ],1,324
6516,2014-05-05,[ 12:36 ],1,326
6517,2014-05-05,[ 12:37 ],1,321
6518,2014-05-05,[ 12:38 ],1,2815
6519,2014-05-05,[ 12:39 ],1,2784
6520,2014-05-05,[ 12:40 ],1,324
6521,2014-05-05,[ 12:41 ],1,324
6522,2014-05-05,[ 12:42 ],1,326
6523,2014-05-05,[ 12:43 ],1,327
6524,2014-05-05,[ 12:44 ],1,326
6525,2014-05-05,[ 12:45 ],1,320
6526,2014-05-05,[ 12:46 ],1,327
6527,2014-05-05,[ 12:47 ],1,328
6528,2014-05-05,[ 12:48 ],1,327
6529,2014-05-05,[ 12:49 ],1,321
6530,2014-05-05,[ 12:50 ],1,322
6531,2014-05-05,[ 12:51 ],1,322
6532,2014-05-05,[ 12:52 ],1,322
6533,2014-05-05,[ 12:53 ],1,321
6534,2014-05-05,[ 12:54 ],1,262
6535,2014-05-05,[ 12:55 ],1,262
6536,2014-05-05,[ 12:56 ],1,264
6537,2014-05-05,[ 12:57 ],1,260
6538,2014-05-05,[ 12:58 ],1,261
6539,2014-05-05,[ 12:59 ],1,269
6540,2014-05-05,[ 13:00 ],1,269
6541,2014-05-05,[ 13:01 ],1,270
6542,2014-05-05,[ 13:02 ],1,270
6543,2014-05-05,[ 13:03 ],1,269
6544,2014-05-05,[ 13:04 ],1,273
6545,2014-05-05,[ 13:05 ],1,273
6546,2014-05-05,[ 13:06 ],1,270
6547,2014-05-05,[ 13:07 ],1,270
6548,2014-05-05,[ 13:08 ],1,272
6549,2014-05-05,[ 13:09 ],1,270
6550,2014-05-05,[ 13:10 ],1,265
6551,2014-05-05,[ 13:11 ],1,260
6552,2014-05-05,[ 13:12 ],1,336
6553,2014-05-05,[ 13:13 ],1,339
6554,2014-05-05,[ 13:14 ],1,344
6555,2014-05-05,[ 13:15 ],1,332
6556,2014-05-05,[ 13:16 ],1,337
6557,2014-05-05,[ 13:17 ],1,335
6558,2014-05-05,[ 13:18 ],1,331
6559,2014-05-05,[ 13:19 ],1,339
6560,2014-05-05,[ 13:20 ],1,340
6561,2014-05-05,[ 13:21 ],1,344
6562,2014-05-05,[ 13:22 ],1,337
6563,2014-05-05,[ 13:23 ],1,337
6564,2014-05-05,[ 13:24 ],1,334
6565,2014-05-05,[ 13:25 ],1,336
6566,2014-05-05,[ 13:26 ],1,341
6567,2014-05-05,[ 13:27 ],1,342
6568,2014-05-05,[ 13:28 ],1,339
6569,2014-05-05,[ 13:29 ],1,345
6570,2014-05-05,[ 13:30 ],1,344
6571,2014-05-05,[ 13:31 ],1,344
6572,2014-05-05,[ 13:32 ],1,333
6573,2014-05-05,[ 13:33 ],1,333
6574,2014-05-05,[ 13:34 ],1,337
6575,2014-05-05,[ 13:35 ],1,340
6576,2014-05-05,[ 13:36 ],1,335
6577,2014-05-05,[ 13:37 ],1,336
6578,2014-05-05,[ 13:38 ],1,336
6579,2014-05-05,[ 13:39 ],1,413
6580,2014-05-05,[ 13:40 ],1,401
6581,2014-05-05,[ 13:41 ],1,401
6582,2014-05-05,[ 13:42 ],1,403
6583,2014-05-05,[ 13:43 ],1,402
6584,2014-05-05,[ 13:44 ],1,399
6585,2014-05-05,[ 13:45 ],1,401
6586,2014-05-05,[ 13:46 ],1,404
6587,2014-05-05,[ 13:47 ],1,411
6588,2014-05-05,[ 13:48 ],1,402
6589,2014-05-05,[ 13:49 ],1,403
6590,2014-05-05,[ 13:50 ],1,345
6591,2014-05-05,[ 13:51 ],1,341
6592,2014-05-05,[ 13:52 ],1,342
6593,2014-05-05,[ 13:53 ],1,337
6594,2014-05-05,[ 13:54 ],1,1915
6595,2014-05-05,[ 13:55 ],1,1941
6596,2014-05-05,[ 13:56 ],1,3684
6597,2014-05-05,[ 13:57 ],1,1942
6598,2014-05-05,[ 13:58 ],1,1907
6599,2014-05-05,[ 13:59 ],1,1921
6600,2014-05-05,[ 14:00 ],1,405
6601,2014-05-05,[ 14:01 ],1,406
6602,2014-05-05,[ 14:02 ],1,407
6603,2014-05-05,[ 14:03 ],1,414
6604,2014-05-05,[ 14:04 ],1,410
6605,2014-05-05,[ 14:05 ],1,416
6606,2014-05-05,[ 14:06 ],1,420
6607,2014-05-05,[ 14:07 ],1,416
6608,2014-05-05,[ 14:08 ],1,420
6609,2014-05-05,[ 14:09 ],1,420
6610,2014-05-05,[ 14:10 ],1,411
6611,2014-05-05,[ 14:11 ],1,420
6612,2014-05-05,[ 14:12 ],1,416
6613,2014-05-05,[ 14:13 ],1,417
6614,2014-05-05,[ 14:14 ],1,410
6615,2014-05-05,[ 14:15 ],1,405
6616,2014-05-05,[ 14:16 ],1,409
6617,2014-05-05,[ 14:17 ],1,404
6618,2014-05-05,[ 14:18 ],1,355
6619,2014-05-05,[ 14:19 ],1,348
6620,2014-05-05,[ 14:20 ],1,423
6621,2014-05-05,[ 14:21 ],1,409
6622,2014-05-05,[ 14:22 ],1,340
6623,2014-05-05,[ 14:23 ],1,404
6624,2014-05-05,[ 14:24 ],1,403
6625,2014-05-05,[ 14:25 ],1,393
6626,2014-05-05,[ 14:26 ],1,335
6627,2014-05-05,[ 14:27 ],1,336
6628,2014-05-05,[ 14:28 ],1,337
6629,2014-05-05,[ 14:29 ],1,334
6630,2014-05-05,[ 14:30 ],1,334
6631,2014-05-05,[ 14:31 ],1,335
6632,2014-05-05,[ 14:32 ],1,345
6633,2014-05-05,[ 14:33 ],1,341
6634,2014-05-05,[ 14:34 ],1,341
6635,2014-05-05,[ 14:35 ],1,336
6636,2014-05-05,[ 14:36 ],1,346
6637,2014-05-05,[ 14:37 ],1,351
6638,2014-05-05,[ 14:38 ],1,348
6639,2014-05-05,[ 14:39 ],1,348
6640,2014-05-05,[ 14:40 ],1,335
6641,2014-05-05,[ 14:41 ],1,339
6642,2014-05-05,[ 14:42 ],1,348
6643,2014-05-05,[ 14:43 ],1,348
6644,2014-05-05,[ 14:44 ],1,345
6645,2014-05-05,[ 14:45 ],1,343
6646,2014-05-05,[ 14:46 ],1,343
6647,2014-05-05,[ 14:47 ],1,344
6648,2014-05-05,[ 14:48 ],1,345
6649,2014-05-05,[ 14:49 ],1,342
6650,2014-05-05,[ 14:50 ],1,335
6651,2014-05-05,[ 14:51 ],1,340
6652,2014-05-05,[ 14:52 ],1,339
6653,2014-05-05,[ 14:53 ],1,342
6654,2014-05-05,[ 14:54 ],1,337
6655,2014-05-05,[ 14:55 ],1,337
6656,2014-05-05,[ 14:56 ],1,348
6657,2014-05-05,[ 14:57 ],1,347
6658,2014-05-05,[ 14:58 ],1,348
6659,2014-05-05,[ 14:59 ],1,351
6660,2014-05-05,[ 15:00 ],1,350
6661,2014-05-05,[ 15:01 ],1,348
6662,2014-05-05,[ 15:02 ],1,333
6663,2014-05-05,[ 15:03 ],1,339
6664,2014-05-05,[ 15:04 ],1,336
6665,2014-05-05,[ 15:05 ],1,347
6666,2014-05-05,[ 15:06 ],1,337
6667,2014-05-05,[ 15:07 ],1,332
6668,2014-05-05,[ 15:08 ],1,409
6669,2014-05-05,[ 15:09 ],1,406
6670,2014-05-05,[ 15:10 ],1,401
6671,2014-05-05,[ 15:11 ],1,414
6672,2014-05-05,[ 15:12 ],1,413
6673,2014-05-05,[ 15:13 ],1,403
6674,2014-05-05,[ 15:14 ],1,403
6675,2014-05-05,[ 15:15 ],1,401
6676,2014-05-05,[ 15:16 ],1,399
6677,2014-05-05,[ 15:17 ],1,375
6678,2014-05-05,[ 15:18 ],1,375
6679,2014-05-05,[ 15:19 ],1,357
6680,2014-05-05,[ 15:20 ],1,313
6681,2014-05-05,[ 15:21 ],1,307
6682,2014-05-05,[ 15:22 ],1,335
6683,2014-05-05,[ 15:23 ],1,341
6684,2014-05-05,[ 15:24 ],1,341
6685,2014-05-05,[ 15:25 ],1,321
6686,2014-05-05,[ 15:26 ],1,309
6687,2014-05-05,[ 15:27 ],1,320
6688,2014-05-05,[ 15:28 ],1,322
6689,2014-05-05,[ 15:29 ],1,312
6690,2014-05-05,[ 15:30 ],1,351
6691,2014-05-05,[ 15:31 ],1,341
6692,2014-05-05,[ 15:32 ],1,341
6693,2014-05-05,[ 15:33 ],1,346
6694,2014-05-05,[ 15:34 ],1,310
6695,2014-05-05,[ 15:35 ],1,306
6696,2014-05-05,[ 15:36 ],1,312
6697,2014-05-05,[ 15:37 ],1,312
6698,2014-05-05,[ 15:38 ],1,335
6699,2014-05-05,[ 15:39 ],1,425
6700,2014-05-05,[ 15:40 ],1,439
6701,2014-05-05,[ 15:41 ],1,422
6702,2014-05-05,[ 15:42 ],1,379
6703,2014-05-05,[ 15:43 ],1,380
6704,2014-05-05,[ 15:44 ],1,374
6705,2014-05-05,[ 15:45 ],1,387
6706,2014-05-05,[ 15:46 ],1,387
6707,2014-05-05,[ 15:47 ],1,409
6708,2014-05-05,[ 15:48 ],1,411
6709,2014-05-05,[ 15:49 ],1,420
6710,2014-05-05,[ 15:50 ],1,383
6711,2014-05-05,[ 15:51 ],1,386
6712,2014-05-05,[ 15:52 ],1,386
6713,2014-05-05,[ 15:53 ],1,369
6714,2014-05-05,[ 15:54 ],1,369
6715,2014-05-05,[ 15:55 ],1,400
6716,2014-05-05,[ 15:56 ],1,406
6717,2014-05-05,[ 15:57 ],1,416
6718,2014-05-05,[ 15:58 ],1,421
6719,2014-05-05,[ 15:59 ],1,376
6720,2014-05-05,[ 16:00 ],1,377
6721,2014-05-05,[ 16:01 ],1,377
6722,2014-05-05,[ 16:02 ],1,379
6723,2014-05-05,[ 16:03 ],1,403
6724,2014-05-05,[ 16:04 ],1,411
6725,2014-05-05,[ 16:05 ],1,402
6726,2014-05-05,[ 16:06 ],1,336
6727,2014-05-05,[ 16:07 ],1,310
6728,2014-05-05,[ 16:08 ],1,310
6729,2014-05-05,[ 16:09 ],1,316
6730,2014-05-05,[ 16:10 ],1,315
6731,2014-05-05,[ 16:11 ],1,332
6732,2014-05-05,[ 16:12 ],1,327
6733,2014-05-05,[ 16:13 ],1,347
6734,2014-05-05,[ 16:14 ],1,330
6735,2014-05-05,[ 16:15 ],1,301
6736,2014-05-05,[ 16:16 ],1,304
6737,2014-05-05,[ 16:17 ],1,304
6738,2014-05-05,[ 16:18 ],1,302
6739,2014-05-05,[ 16:19 ],1,306
6740,2014-05-05,[ 16:20 ],1,317
6741,2014-05-05,[ 16:21 ],1,333
6742,2014-05-05,[ 16:22 ],1,333
6743,2014-05-05,[ 16:23 ],1,337
6744,2014-05-05,[ 16:24 ],1,312
6745,2014-05-05,[ 16:25 ],1,301
6746,2014-05-05,[ 16:26 ],1,319
6747,2014-05-05,[ 16:27 ],1,315
6748,2014-05-05,[ 16:28 ],1,307
6749,2014-05-05,[ 16:29 ],1,308
6750,2014-05-05,[ 16:30 ],1,308
6751,2014-05-05,[ 16:31 ],1,305
6752,2014-05-05,[ 16:32 ],1,311
6753,2014-05-05,[ 16:33 ],1,302
6754,2014-05-05,[ 16:34 ],1,334
6755,2014-05-05,[ 16:35 ],1,333
6756,2014-05-05,[ 16:36 ],1,337
6757,2014-05-05,[ 16:37 ],1,307
6758,2014-05-05,[ 16:38 ],1,313
6759,2014-05-05,[ 16:39 ],1,308
6760,2014-05-05,[ 16:40 ],1,313
6761,2014-05-05,[ 16:41 ],1,307
6762,2014-05-05,[ 16:42 ],1,307
6763,2014-05-05,[ 16:43 ],1,308
6764,2014-05-05,[ 16:44 ],1,311
6765,2014-05-05,[ 16:45 ],1,161
6766,2014-05-05,[ 16:46 ],1,158
6767,2014-05-05,[ 16:47 ],1,161
6768,2014-05-05,[ 16:48 ],1,184
6769,2014-05-05,[ 16:49 ],1,183
6770,2014-05-05,[ 16:50 ],1,181
6771,2014-05-05,[ 16:51 ],1,163
6772,2014-05-05,[ 16:52 ],1,227
6773,2014-05-05,[ 16:53 ],1,218
6774,2014-05-05,[ 16:54 ],1,216
6775,2014-05-05,[ 16:55 ],1,216
6776,2014-05-05,[ 16:56 ],1,215
6777,2014-05-05,[ 16:57 ],1,214
6778,2014-05-05,[ 16:58 ],1,214
6779,2014-05-05,[ 16:59 ],1,213
6780,2014-05-05,[ 17:00 ],1,213
6781,2014-05-05,[ 17:01 ],1,214
6782,2014-05-05,[ 17:02 ],1,213
6783,2014-05-05,[ 17:03 ],1,161
6784,2014-05-05,[ 17:04 ],1,162
6785,2014-05-05,[ 17:05 ],1,162
6786,2014-05-05,[ 17:06 ],1,183
6787,2014-05-05,[ 17:07 ],1,183
6788,2014-05-05,[ 17:08 ],1,182
6789,2014-05-05,[ 17:09 ],1,161
6790,2014-05-05,[ 17:10 ],1,224
6791,2014-05-05,[ 17:11 ],1,216
6792,2014-05-05,[ 17:12 ],1,207
6793,2014-05-05,[ 17:13 ],1,194
6794,2014-05-05,[ 17:14 ],1,193
6795,2014-05-05,[ 17:15 ],1,221
6796,2014-05-05,[ 17:16 ],1,210
6797,2014-05-05,[ 17:17 ],1,193
6798,2014-05-05,[ 17:18 ],1,195
6799,2014-05-05,[ 17:19 ],1,191
6800,2014-05-05,[ 17:20 ],1,191
6801,2014-05-05,[ 17:21 ],1,183
6802,2014-05-05,[ 17:22 ],1,184
6803,2014-05-05,[ 17:23 ],1,181
6804,2014-05-05,[ 17:24 ],1,219
6805,2014-05-05,[ 17:25 ],1,217
6806,2014-05-05,[ 17:26 ],1,210
6807,2014-05-05,[ 17:27 ],1,214
6808,2014-05-05,[ 17:28 ],1,215
6809,2014-05-05,[ 17:29 ],1,215
6810,2014-05-05,[ 17:30 ],1,218
6811,2014-05-05,[ 17:31 ],1,231
6812,2014-05-05,[ 17:32 ],1,1920
6813,2014-05-05,[ 17:33 ],1,1961
6814,2014-05-05,[ 17:34 ],1,1929
6815,2014-05-05,[ 17:35 ],1,1887
6816,2014-05-05,[ 17:36 ],1,1842
6817,2014-05-05,[ 17:37 ],1,1829
6818,2014-05-05,[ 17:38 ],1,1777
6819,2014-05-05,[ 17:39 ],1,1730
6820,2014-05-05,[ 17:40 ],1,241
6821,2014-05-05,[ 17:41 ],1,249
6822,2014-05-05,[ 17:42 ],1,324
6823,2014-05-05,[ 17:43 ],1,319
6824,2014-05-05,[ 17:44 ],1,333
6825,2014-05-05,[ 17:45 ],1,331
6826,2014-05-05,[ 17:46 ],1,312
6827,2014-05-05,[ 17:47 ],1,320
6828,2014-05-05,[ 17:48 ],1,322
6829,2014-05-05,[ 17:49 ],1,330
6830,2014-05-05,[ 17:50 ],1,309
6831,2014-05-05,[ 17:51 ],1,308
6832,2014-05-05,[ 17:52 ],1,301
6833,2014-05-05,[ 17:53 ],1,246
6834,2014-05-05,[ 17:54 ],1,247
6835,2014-05-05,[ 17:55 ],1,247
6836,2014-05-05,[ 17:56 ],1,250
6837,2014-05-05,[ 17:57 ],1,250
6838,2014-05-05,[ 17:58 ],1,245
6839,2014-05-05,[ 17:59 ],1,241
6840,2014-05-05,[ 18:00 ],1,243
6841,2014-05-05,[ 18:01 ],1,241
6842,2014-05-05,[ 18:02 ],1,246
6843,2014-05-05,[ 18:03 ],1,1901
6844,2014-05-05,[ 18:04 ],1,1901
6845,2014-05-05,[ 18:05 ],1,370
6846,2014-05-05,[ 18:06 ],1,247
6847,2014-05-05,[ 18:07 ],1,245
6848,2014-05-05,[ 18:08 ],1,246
6849,2014-05-05,[ 18:09 ],1,246
6850,2014-05-05,[ 18:10 ],1,2635
6851,2014-05-05,[ 18:11 ],1,2614
6852,2014-05-05,[ 18:12 ],1,1941
6853,2014-05-05,[ 18:13 ],1,1947
6854,2014-05-05,[ 18:14 ],1,243
6855,2014-05-05,[ 18:15 ],1,242
6856,2014-05-05,[ 18:16 ],1,2562
6857,2014-05-05,[ 18:17 ],1,2548
6858,2014-05-05,[ 18:18 ],1,243
6859,2014-05-05,[ 18:19 ],1,252
6860,2014-05-05,[ 18:20 ],1,1952
6861,2014-05-05,[ 18:21 ],1,1945
6862,2014-05-05,[ 18:22 ],1,239
6863,2014-05-05,[ 18:23 ],1,243
6864,2014-05-05,[ 18:24 ],1,337
6865,2014-05-05,[ 18:25 ],1,311
6866,2014-05-05,[ 18:26 ],1,247
6867,2014-05-05,[ 18:27 ],1,961
6868,2014-05-05,[ 18:28 ],1,1536
6869,2014-05-05,[ 18:29 ],1,2790
6870,2014-05-05,[ 18:30 ],1,2949
6871,2014-05-05,[ 18:31 ],1,2939
6872,2014-05-05,[ 18:32 ],1,2970
6873,2014-05-05,[ 18:33 ],1,2970
6874,2014-05-05,[ 18:34 ],1,2948
6875,2014-05-05,[ 18:35 ],1,2999
6876,2014-05-05,[ 18:36 ],1,2979
6877,2014-05-05,[ 18:37 ],1,2839
6878,2014-05-05,[ 18:38 ],1,2854
6879,2014-05-05,[ 18:39 ],1,2919
6880,2014-05-05,[ 18:40 ],1,2964
6881,2014-05-05,[ 18:41 ],1,2923
6882,2014-05-05,[ 18:42 ],1,2915
6883,2014-05-05,[ 18:43 ],1,2954
6884,2014-05-05,[ 18:44 ],1,2941
6885,2014-05-05,[ 18:45 ],1,2939
6886,2014-05-05,[ 18:46 ],1,2945
6887,2014-05-05,[ 18:47 ],1,3058
6888,2014-05-05,[ 18:48 ],1,2977
6889,2014-05-05,[ 18:49 ],1,2324
6890,2014-05-05,[ 18:50 ],1,1436
6891,2014-05-05,[ 18:51 ],1,1454
6892,2014-05-05,[ 18:52 ],1,1398
6893,2014-05-05,[ 18:53 ],1,1431
6894,2014-05-05,[ 18:54 ],1,2761
6895,2014-05-05,[ 18:55 ],1,2761
6896,2014-05-05,[ 18:56 ],1,1472
6897,2014-05-05,[ 18:57 ],1,1556
6898,2014-05-05,[ 18:58 ],1,1306
6899,2014-05-05,[ 18:59 ],1,1500
6900,2014-05-05,[ 19:00 ],1,1573
6901,2014-05-05,[ 19:01 ],1,2946
6902,2014-05-05,[ 19:02 ],1,2803
6903,2014-05-05,[ 19:03 ],1,1626
6904,2014-05-05,[ 19:04 ],1,1472
6905,2014-05-05,[ 19:05 ],1,1492
6906,2014-05-05,[ 19:06 ],1,1726
6907,2014-05-05,[ 19:07 ],1,2988
6908,2014-05-05,[ 19:08 ],1,2783
6909,2014-05-05,[ 19:09 ],1,1456
6910,2014-05-05,[ 19:10 ],1,1568
6911,2014-05-05,[ 19:11 ],1,1565
6912,2014-05-05,[ 19:12 ],1,1537
6913,2014-05-05,[ 19:13 ],1,894
6914,2014-05-05,[ 19:14 ],1,1777
6915,2014-05-05,[ 19:15 ],1,1777
6916,2014-05-05,[ 19:16 ],1,1549
6917,2014-05-05,[ 19:17 ],1,1549
6918,2014-05-05,[ 19:18 ],1,1666
6919,2014-05-05,[ 19:19 ],1,1666
6920,2014-05-05,[ 19:20 ],1,1714
6921,2014-05-05,[ 19:21 ],1,1669
6922,2014-05-05,[ 19:22 ],1,1778
6923,2014-05-05,[ 19:23 ],1,1413
6924,2014-05-05,[ 19:24 ],1,774
6925,2014-05-05,[ 19:25 ],1,1206
6926,2014-05-05,[ 19:26 ],1,938
6927,2014-05-05,[ 19:27 ],1,938
6928,2014-05-05,[ 19:28 ],1,918
6929,2014-05-05,[ 19:29 ],1,730
6930,2014-05-05,[ 19:30 ],1,962
6931,2014-05-05,[ 19:31 ],1,970
6932,2014-05-05,[ 19:32 ],1,775
6933,2014-05-05,[ 19:33 ],1,841
6934,2014-05-05,[ 19:34 ],1,1222
6935,2014-05-05,[ 19:35 ],1,1448
6936,2014-05-05,[ 19:36 ],1,1426
6937,2014-05-05,[ 19:37 ],1,1359
6938,2014-05-05,[ 19:38 ],1,1967
6939,2014-05-05,[ 19:39 ],1,1908
6940,2014-05-05,[ 19:40 ],1,1692
6941,2014-05-05,[ 19:41 ],1,966
6942,2014-05-05,[ 19:42 ],1,899
6943,2014-05-05,[ 19:43 ],1,877
6944,2014-05-05,[ 19:44 ],1,876
6945,2014-05-05,[ 19:45 ],1,777
6946,2014-05-05,[ 19:46 ],1,945
6947,2014-05-05,[ 19:47 ],1,1361
6948,2014-05-05,[ 19:48 ],1,1379
6949,2014-05-05,[ 19:49 ],1,1757
6950,2014-05-05,[ 19:50 ],1,1950
6951,2014-05-05,[ 19:51 ],1,1925
6952,2014-05-05,[ 19:52 ],1,1947
6953,2014-05-05,[ 19:53 ],1,1917
6954,2014-05-05,[ 19:54 ],1,1338
6955,2014-05-05,[ 19:55 ],1,534
6956,2014-05-05,[ 19:56 ],1,1362
6957,2014-05-05,[ 19:57 ],1,960
6958,2014-05-05,[ 19:58 ],1,771
6959,2014-05-05,[ 19:59 ],1,732
6960,2014-05-05,[ 20:00 ],1,721
6961,2014-05-05,[ 20:01 ],1,903
6962,2014-05-05,[ 20:02 ],1,902
6963,2014-05-05,[ 20:03 ],1,869
6964,2014-05-05,[ 20:04 ],1,864
6965,2014-05-05,[ 20:05 ],1,668
6966,2014-05-05,[ 20:06 ],1,706
6967,2014-05-05,[ 20:07 ],1,566
6968,2014-05-05,[ 20:08 ],1,406
6969,2014-05-05,[ 20:09 ],1,427
6970,2014-05-05,[ 20:10 ],1,405
6971,2014-05-05,[ 20:11 ],1,422
6972,2014-05-05,[ 20:12 ],1,414
6973,2014-05-05,[ 20:13 ],1,405
6974,2014-05-05,[ 20:14 ],1,403
6975,2014-05-05,[ 20:15 ],1,411
6976,2014-05-05,[ 20:16 ],1,496
6977,2014-05-05,[ 20:17 ],1,434
6978,2014-05-05,[ 20:18 ],1,429
6979,2014-05-05,[ 20:19 ],1,423
6980,2014-05-05,[ 20:20 ],1,439
6981,2014-05-05,[ 20:21 ],1,434
6982,2014-05-05,[ 20:22 ],1,443
6983,2014-05-05,[ 20:23 ],1,411
6984,2014-05-05,[ 20:24 ],1,429
6985,2014-05-05,[ 20:25 ],1,434
6986,2014-05-05,[ 20:26 ],1,437
6987,2014-05-05,[ 20:27 ],1,434
6988,2014-05-05,[ 20:28 ],1,425
6989,2014-05-05,[ 20:29 ],1,435
6990,2014-05-05,[ 20:30 ],1,434
6991,2014-05-05,[ 20:31 ],1,444
6992,2014-05-05,[ 20:32 ],1,418
6993,2014-05-05,[ 20:33 ],1,418
6994,2014-05-05,[ 20:34 ],1,399
6995,2014-05-05,[ 20:35 ],1,432
6996,2014-05-05,[ 20:36 ],1,422
6997,2014-05-05,[ 20:37 ],1,430
6998,2014-05-05,[ 20:38 ],1,426
6999,2014-05-05,[ 20:39 ],1,432
7000,2014-05-05,[ 20:40 ],1,430
7001,2014-05-05,[ 20:41 ],1,427
7002,2014-05-05,[ 20:42 ],1,511
7003,2014-05-05,[ 20:43 ],1,513
7004,2014-05-05,[ 20:44 ],1,510
7005,2014-05-05,[ 20:45 ],1,509
7006,2014-05-05,[ 20:46 ],1,503
7007,2014-05-05,[ 20:47 ],1,509
7008,2014-05-05,[ 20:48 ],1,486
7009,2014-05-05,[ 20:49 ],1,460
7010,2014-05-05,[ 20:50 ],1,328
7011,2014-05-05,[ 20:51 ],1,327
7012,2014-05-05,[ 20:52 ],1,324
7013,2014-05-05,[ 20:53 ],1,324
7014,2014-05-05,[ 20:54 ],1,312
7015,2014-05-05,[ 20:55 ],1,312
7016,2014-05-05,[ 20:56 ],1,306
7017,2014-05-05,[ 20:57 ],1,284
7018,2014-05-05,[ 20:58 ],1,288
7019,2014-05-05,[ 20:59 ],1,288
7020,2014-05-05,[ 21:00 ],1,291
7021,2014-05-05,[ 21:01 ],1,291
7022,2014-05-05,[ 21:02 ],1,291
7023,2014-05-05,[ 21:03 ],1,361
7024,2014-05-05,[ 21:04 ],1,368
7025,2014-05-05,[ 21:05 ],1,377
7026,2014-05-05,[ 21:06 ],1,379
7027,2014-05-05,[ 21:07 ],1,394
7028,2014-05-05,[ 21:08 ],1,400
7029,2014-05-05,[ 21:09 ],1,399
7030,2014-05-05,[ 21:10 ],1,412
7031,2014-05-05,[ 21:11 ],1,411
7032,2014-05-05,[ 21:12 ],1,392
7033,2014-05-05,[ 21:13 ],1,391
7034,2014-05-05,[ 21:14 ],1,403
7035,2014-05-05,[ 21:15 ],1,387
7036,2014-05-05,[ 21:16 ],1,392
7037,2014-05-05,[ 21:17 ],1,402
7038,2014-05-05,[ 21:18 ],1,389
7039,2014-05-05,[ 21:19 ],1,390
7040,2014-05-05,[ 21:20 ],1,366
7041,2014-05-05,[ 21:21 ],1,363
7042,2014-05-05,[ 21:22 ],1,363
7043,2014-05-05,[ 21:23 ],1,364
7044,2014-05-05,[ 21:24 ],1,369
7045,2014-05-05,[ 21:25 ],1,366
7046,2014-05-05,[ 21:26 ],1,361
7047,2014-05-05,[ 21:27 ],1,357
7048,2014-05-05,[ 21:28 ],1,363
7049,2014-05-05,[ 21:29 ],1,356
7050,2014-05-05,[ 21:30 ],1,354
7051,2014-05-05,[ 21:31 ],1,288
7052,2014-05-05,[ 21:32 ],1,293
7053,2014-05-05,[ 21:33 ],1,292
7054,2014-05-05,[ 21:34 ],1,291
7055,2014-05-05,[ 21:35 ],1,289
7056,2014-05-05,[ 21:36 ],1,292
7057,2014-05-05,[ 21:37 ],1,291
7058,2014-05-05,[ 21:38 ],1,308
7059,2014-05-05,[ 21:39 ],1,291
7060,2014-05-05,[ 21:40 ],1,289
7061,2014-05-05,[ 21:41 ],1,289
7062,2014-05-05,[ 21:42 ],1,289
7063,2014-05-05,[ 21:43 ],1,289
7064,2014-05-05,[ 21:44 ],1,291
7065,2014-05-05,[ 21:45 ],1,291
7066,2014-05-05,[ 21:46 ],1,288
7067,2014-05-05,[ 21:47 ],1,291
7068,2014-05-05,[ 21:48 ],1,292
7069,2014-05-05,[ 21:49 ],1,291
7070,2014-05-05,[ 21:50 ],1,291
7071,2014-05-05,[ 21:51 ],1,292
7072,2014-05-05,[ 21:52 ],1,289
7073,2014-05-05,[ 21:53 ],1,287
7074,2014-05-05,[ 21:54 ],1,287
7075,2014-05-05,[ 21:55 ],1,291
7076,2014-05-05,[ 21:56 ],1,291
7077,2014-05-05,[ 21:57 ],1,289
7078,2014-05-05,[ 21:58 ],1,286
7079,2014-05-05,[ 21:59 ],1,280
7080,2014-05-05,[ 22:00 ],1,277
7081,2014-05-05,[ 22:01 ],1,277
7082,2014-05-05,[ 22:02 ],1,272
7083,2014-05-05,[ 22:03 ],1,283
7084,2014-05-05,[ 22:04 ],1,285
7085,2014-05-05,[ 22:05 ],1,282
7086,2014-05-05,[ 22:06 ],1,286
7087,2014-05-05,[ 22:07 ],1,295
7088,2014-05-05,[ 22:08 ],1,280
7089,2014-05-05,[ 22:09 ],1,286
7090,2014-05-05,[ 22:10 ],1,260
7091,2014-05-05,[ 22:11 ],1,225
7092,2014-05-05,[ 22:12 ],1,225
7093,2014-05-05,[ 22:13 ],1,326
7094,2014-05-05,[ 22:14 ],1,298
7095,2014-05-05,[ 22:15 ],1,295
7096,2014-05-05,[ 22:16 ],1,315
7097,2014-05-05,[ 22:17 ],1,343
7098,2014-05-05,[ 22:18 ],1,346
7099,2014-05-05,[ 22:19 ],1,352
7100,2014-05-05,[ 22:20 ],1,353
7101,2014-05-05,[ 22:21 ],1,356
7102,2014-05-05,[ 22:22 ],1,361
7103,2014-05-05,[ 22:23 ],1,359
7104,2014-05-05,[ 22:24 ],1,343
7105,2014-05-05,[ 22:25 ],1,350
7106,2014-05-05,[ 22:26 ],1,350
7107,2014-05-05,[ 22:27 ],1,351
7108,2014-05-05,[ 22:28 ],1,350
7109,2014-05-05,[ 22:29 ],1,348
7110,2014-05-05,[ 22:30 ],1,347
7111,2014-05-05,[ 22:31 ],1,347
7112,2014-05-05,[ 22:32 ],1,345
7113,2014-05-05,[ 22:33 ],1,346
7114,2014-05-05,[ 22:34 ],1,299
7115,2014-05-05,[ 22:35 ],1,300
7116,2014-05-05,[ 22:36 ],1,304
7117,2014-05-05,[ 22:37 ],1,299
7118,2014-05-05,[ 22:38 ],1,302
7119,2014-05-05,[ 22:39 ],1,299
7120,2014-05-05,[ 22:40 ],1,300
7121,2014-05-05,[ 22:41 ],1,305
7122,2014-05-05,[ 22:42 ],1,299
7123,2014-05-05,[ 22:43 ],1,286
7124,2014-05-05,[ 22:44 ],1,285
7125,2014-05-05,[ 22:45 ],1,217
7126,2014-05-05,[ 22:46 ],1,217
7127,2014-05-05,[ 22:47 ],1,216
7128,2014-05-05,[ 22:48 ],1,236
7129,2014-05-05,[ 22:49 ],1,166
7130,2014-05-05,[ 22:50 ],1,169
7131,2014-05-05,[ 22:51 ],1,167
7132,2014-05-05,[ 22:52 ],1,169
7133,2014-05-05,[ 22:53 ],1,168
7134,2014-05-05,[ 22:54 ],1,168
7135,2014-05-05,[ 22:55 ],1,168
7136,2014-05-05,[ 22:56 ],1,168
7137,2014-05-05,[ 22:57 ],1,167
7138,2014-05-05,[ 22:58 ],1,166
7139,2014-05-05,[ 22:59 ],1,166
7140,2014-05-05,[ 23:00 ],1,170
7141,2014-05-05,[ 23:01 ],1,166
7142,2014-05-05,[ 23:02 ],1,168
7143,2014-05-05,[ 23:03 ],1,167
7144,2014-05-05,[ 23:04 ],1,168
7145,2014-05-05,[ 23:05 ],1,167
7146,2014-05-05,[ 23:06 ],1,166
7147,2014-05-05,[ 23:07 ],1,166
7148,2014-05-05,[ 23:08 ],1,166
7149,2014-05-05,[ 23:09 ],1,168
7150,2014-05-05,[ 23:10 ],1,168
7151,2014-05-05,[ 23:11 ],1,168
7152,2014-05-05,[ 23:12 ],1,167
7153,2014-05-05,[ 23:13 ],1,168
7154,2014-05-05,[ 23:14 ],1,167
7155,2014-05-05,[ 23:15 ],1,167
7156,2014-05-05,[ 23:16 ],1,168
7157,2014-05-05,[ 23:17 ],1,168
7158,2014-05-05,[ 23:18 ],1,168
7159,2014-05-05,[ 23:19 ],1,167
7160,2014-05-05,[ 23:20 ],1,168
7161,2014-05-05,[ 23:21 ],1,165
7162,2014-05-05,[ 23:22 ],1,167
7163,2014-05-05,[ 23:23 ],1,167
7164,2014-05-05,[ 23:24 ],1,234
7165,2014-05-05,[ 23:25 ],1,229
7166,2014-05-05,[ 23:26 ],1,225
7167,2014-05-05,[ 23:27 ],1,226
7168,2014-05-05,[ 23:28 ],1,225
7169,2014-05-05,[ 23:29 ],1,223
7170,2014-05-05,[ 23:30 ],1,225
7171,2014-05-05,[ 23:31 ],1,222
7172,2014-05-05,[ 23:32 ],1,224
7173,2014-05-05,[ 23:33 ],1,221
7174,2014-05-05,[ 23:34 ],1,221
7175,2014-05-05,[ 23:35 ],1,221
7176,2014-05-05,[ 23:36 ],1,165
7177,2014-05-05,[ 23:37 ],1,168
7178,2014-05-05,[ 23:38 ],1,166
7179,2014-05-05,[ 23:39 ],1,166
7180,2014-05-05,[ 23:40 ],1,165
7181,2014-05-05,[ 23:41 ],1,163
7182,2014-05-05,[ 23:42 ],1,163
7183,2014-05-05,[ 23:43 ],1,163
7184,2014-05-05,[ 23:44 ],1,163
7185,2014-05-05,[ 23:45 ],1,163
7186,2014-05-05,[ 23:46 ],1,163
7187,2014-05-05,[ 23:47 ],1,163
7188,2014-05-05,[ 23:48 ],1,163
7189,2014-05-05,[ 23:49 ],1,163
7190,2014-05-05,[ 23:50 ],1,163
7191,2014-05-05,[ 23:51 ],1,163
7192,2014-05-05,[ 23:52 ],1,165
7193,2014-05-05,[ 23:53 ],1,344
7194,2014-05-05,[ 23:54 ],1,288
7195,2014-05-05,[ 23:55 ],1,285
7196,2014-05-05,[ 23:56 ],1,284
7197,2014-05-05,[ 23:57 ],1,288
7198,2014-05-05,[ 23:58 ],1,298
7199,2014-05-05,[ 23:59 ],1,292
7200,2014-05-06,[ 00:00 ],0,298
7201,2014-05-06,[ 00:01 ],0,292
7202,2014-05-06,[ 00:02 ],0,287
7203,2014-05-06,[ 00:03 ],0,289
7204,2014-05-06,[ 00:04 ],0,289
7205,2014-05-06,[ 00:05 ],0,289
7206,2014-05-06,[ 00:06 ],0,285
7207,2014-05-06,[ 00:07 ],0,285
7208,2014-05-06,[ 00:08 ],0,282
7209,2014-05-06,[ 00:09 ],0,286
7210,2014-05-06,[ 00:10 ],0,285
7211,2014-05-06,[ 00:11 ],0,286
7212,2014-05-06,[ 00:12 ],0,289
7213,2014-05-06,[ 00:13 ],0,285
7214,2014-05-06,[ 00:14 ],0,283
7215,2014-05-06,[ 00:15 ],0,282
7216,2014-05-06,[ 00:16 ],0,282
7217,2014-05-06,[ 00:17 ],0,281
7218,2014-05-06,[ 00:18 ],0,278
7219,2014-05-06,[ 00:19 ],0,278
7220,2014-05-06,[ 00:20 ],0,214
7221,2014-05-06,[ 00:21 ],0,215
7222,2014-05-06,[ 00:22 ],0,213
7223,2014-05-06,[ 00:23 ],0,215
7224,2014-05-06,[ 00:24 ],0,434
7225,2014-05-06,[ 00:25 ],0,435
7226,2014-05-06,[ 00:26 ],0,437
7227,2014-05-06,[ 00:27 ],0,435
7228,2014-05-06,[ 00:28 ],0,436
7229,2014-05-06,[ 00:29 ],0,436
7230,2014-05-06,[ 00:30 ],0,435
7231,2014-05-06,[ 00:31 ],0,435
7232,2014-05-06,[ 00:32 ],0,435
7233,2014-05-06,[ 00:33 ],0,443
7234,2014-05-06,[ 00:34 ],0,436
7235,2014-05-06,[ 00:35 ],0,437
7236,2014-05-06,[ 00:36 ],0,433
7237,2014-05-06,[ 00:37 ],0,435
7238,2014-05-06,[ 00:38 ],0,211
7239,2014-05-06,[ 00:39 ],0,210
7240,2014-05-06,[ 00:40 ],0,210
7241,2014-05-06,[ 00:41 ],0,210
7242,2014-05-06,[ 00:42 ],0,210
7243,2014-05-06,[ 00:43 ],0,211
7244,2014-05-06,[ 00:44 ],0,213
7245,2014-05-06,[ 00:45 ],0,212
7246,2014-05-06,[ 00:46 ],0,210
7247,2014-05-06,[ 00:47 ],0,212
7248,2014-05-06,[ 00:48 ],0,210
7249,2014-05-06,[ 00:49 ],0,339
7250,2014-05-06,[ 00:50 ],0,339
7251,2014-05-06,[ 00:51 ],0,293
7252,2014-05-06,[ 00:52 ],0,299
7253,2014-05-06,[ 00:53 ],0,305
7254,2014-05-06,[ 00:54 ],0,306
7255,2014-05-06,[ 00:55 ],0,306
7256,2014-05-06,[ 00:56 ],0,305
7257,2014-05-06,[ 00:57 ],0,301
7258,2014-05-06,[ 00:58 ],0,309
7259,2014-05-06,[ 00:59 ],0,297
7260,2014-05-06,[ 01:00 ],0,838
7261,2014-05-06,[ 01:01 ],0,838
7262,2014-05-06,[ 01:02 ],0,287
7263,2014-05-06,[ 01:03 ],0,306
7264,2014-05-06,[ 01:04 ],0,225
7265,2014-05-06,[ 01:05 ],0,226
7266,2014-05-06,[ 01:06 ],0,224
7267,2014-05-06,[ 01:07 ],0,221
7268,2014-05-06,[ 01:08 ],0,221
7269,2014-05-06,[ 01:09 ],0,219
7270,2014-05-06,[ 01:10 ],0,217
7271,2014-05-06,[ 01:11 ],0,217
7272,2014-05-06,[ 01:12 ],0,217
7273,2014-05-06,[ 01:13 ],0,217
7274,2014-05-06,[ 01:14 ],0,217
7275,2014-05-06,[ 01:15 ],0,214
7276,2014-05-06,[ 01:16 ],0,214
7277,2014-05-06,[ 01:17 ],0,214
7278,2014-05-06,[ 01:18 ],0,213
7279,2014-05-06,[ 01:19 ],0,215
7280,2014-05-06,[ 01:20 ],0,212
7281,2014-05-06,[ 01:21 ],0,162
7282,2014-05-06,[ 01:22 ],0,163
7283,2014-05-06,[ 01:23 ],0,162
7284,2014-05-06,[ 01:24 ],0,162
7285,2014-05-06,[ 01:25 ],0,162
7286,2014-05-06,[ 01:26 ],0,163
7287,2014-05-06,[ 01:27 ],0,161
7288,2014-05-06,[ 01:28 ],0,161
7289,2014-05-06,[ 01:29 ],0,161
7290,2014-05-06,[ 01:30 ],0,215
7291,2014-05-06,[ 01:31 ],0,213
7292,2014-05-06,[ 01:32 ],0,213
7293,2014-05-06,[ 01:33 ],0,217
7294,2014-05-06,[ 01:34 ],0,222
7295,2014-05-06,[ 01:35 ],0,222
7296,2014-05-06,[ 01:36 ],0,221
7297,2014-05-06,[ 01:37 ],0,223
7298,2014-05-06,[ 01:38 ],0,223
7299,2014-05-06,[ 01:39 ],0,225
7300,2014-05-06,[ 01:40 ],0,221
7301,2014-05-06,[ 01:41 ],0,222
7302,2014-05-06,[ 01:42 ],0,222
7303,2014-05-06,[ 01:43 ],0,218
7304,2014-05-06,[ 01:44 ],0,219
7305,2014-05-06,[ 01:45 ],0,221
7306,2014-05-06,[ 01:46 ],0,222
7307,2014-05-06,[ 01:47 ],0,222
7308,2014-05-06,[ 01:48 ],0,222
7309,2014-05-06,[ 01:49 ],0,222
7310,2014-05-06,[ 01:50 ],0,161
7311,2014-05-06,[ 01:51 ],0,161
7312,2014-05-06,[ 01:52 ],0,162
7313,2014-05-06,[ 01:53 ],0,227
7314,2014-05-06,[ 01:54 ],0,223
7315,2014-05-06,[ 01:55 ],0,215
7316,2014-05-06,[ 01:56 ],0,215
7317,2014-05-06,[ 01:57 ],0,211
7318,2014-05-06,[ 01:58 ],0,231
7319,2014-05-06,[ 01:59 ],0,245
7320,2014-05-06,[ 02:00 ],0,251
7321,2014-05-06,[ 02:01 ],0,262
7322,2014-05-06,[ 02:02 ],0,283
7323,2014-05-06,[ 02:03 ],0,284
7324,2014-05-06,[ 02:04 ],0,285
7325,2014-05-06,[ 02:05 ],0,282
7326,2014-05-06,[ 02:06 ],0,287
7327,2014-05-06,[ 02:07 ],0,284
7328,2014-05-06,[ 02:08 ],0,283
7329,2014-05-06,[ 02:09 ],0,284
7330,2014-05-06,[ 02:10 ],0,291
7331,2014-05-06,[ 02:11 ],0,286
7332,2014-05-06,[ 02:12 ],0,284
7333,2014-05-06,[ 02:13 ],0,284
7334,2014-05-06,[ 02:14 ],0,293
7335,2014-05-06,[ 02:15 ],0,286
7336,2014-05-06,[ 02:16 ],0,285
7337,2014-05-06,[ 02:17 ],0,702
7338,2014-05-06,[ 02:18 ],0,365
7339,2014-05-06,[ 02:19 ],0,366
7340,2014-05-06,[ 02:20 ],0,367
7341,2014-05-06,[ 02:21 ],0,366
7342,2014-05-06,[ 02:22 ],0,301
7343,2014-05-06,[ 02:23 ],0,309
7344,2014-05-06,[ 02:24 ],0,361
7345,2014-05-06,[ 02:25 ],0,365
7346,2014-05-06,[ 02:26 ],0,379
7347,2014-05-06,[ 02:27 ],0,378
7348,2014-05-06,[ 02:28 ],0,372
7349,2014-05-06,[ 02:29 ],0,301
7350,2014-05-06,[ 02:30 ],0,306
7351,2014-05-06,[ 02:31 ],0,224
7352,2014-05-06,[ 02:32 ],0,225
7353,2014-05-06,[ 02:33 ],0,222
7354,2014-05-06,[ 02:34 ],0,222
7355,2014-05-06,[ 02:35 ],0,224
7356,2014-05-06,[ 02:36 ],0,224
7357,2014-05-06,[ 02:37 ],0,223
7358,2014-05-06,[ 02:38 ],0,224
7359,2014-05-06,[ 02:39 ],0,224
7360,2014-05-06,[ 02:40 ],0,224
7361,2014-05-06,[ 02:41 ],0,223
7362,2014-05-06,[ 02:42 ],0,215
7363,2014-05-06,[ 02:43 ],0,215
7364,2014-05-06,[ 02:44 ],0,215
7365,2014-05-06,[ 02:45 ],0,215
7366,2014-05-06,[ 02:46 ],0,213
7367,2014-05-06,[ 02:47 ],0,214
7368,2014-05-06,[ 02:48 ],0,213
7369,2014-05-06,[ 02:49 ],0,213
7370,2014-05-06,[ 02:50 ],0,214
7371,2014-05-06,[ 02:51 ],0,213
7372,2014-05-06,[ 02:52 ],0,214
7373,2014-05-06,[ 02:53 ],0,213
7374,2014-05-06,[ 02:54 ],0,213
7375,2014-05-06,[ 02:55 ],0,213
7376,2014-05-06,[ 02:56 ],0,213
7377,2014-05-06,[ 02:57 ],0,212
7378,2014-05-06,[ 02:58 ],0,227
7379,2014-05-06,[ 02:59 ],0,159
7380,2014-05-06,[ 03:00 ],0,161
7381,2014-05-06,[ 03:01 ],0,160
7382,2014-05-06,[ 03:02 ],0,163
7383,2014-05-06,[ 03:03 ],0,162
7384,2014-05-06,[ 03:04 ],0,162
7385,2014-05-06,[ 03:05 ],0,161
7386,2014-05-06,[ 03:06 ],0,226
7387,2014-05-06,[ 03:07 ],0,224
7388,2014-05-06,[ 03:08 ],0,215
7389,2014-05-06,[ 03:09 ],0,221
7390,2014-05-06,[ 03:10 ],0,221
7391,2014-05-06,[ 03:11 ],0,221
7392,2014-05-06,[ 03:12 ],0,222
7393,2014-05-06,[ 03:13 ],0,219
7394,2014-05-06,[ 03:14 ],0,221
7395,2014-05-06,[ 03:15 ],0,221
7396,2014-05-06,[ 03:16 ],0,596
7397,2014-05-06,[ 03:17 ],0,529
7398,2014-05-06,[ 03:18 ],0,221
7399,2014-05-06,[ 03:19 ],0,219
7400,2014-05-06,[ 03:20 ],0,218
7401,2014-05-06,[ 03:21 ],0,221
7402,2014-05-06,[ 03:22 ],0,221
7403,2014-05-06,[ 03:23 ],0,215
7404,2014-05-06,[ 03:24 ],0,221
7405,2014-05-06,[ 03:25 ],0,224
7406,2014-05-06,[ 03:26 ],0,225
7407,2014-05-06,[ 03:27 ],0,222
7408,2014-05-06,[ 03:28 ],0,218
7409,2014-05-06,[ 03:29 ],0,259
7410,2014-05-06,[ 03:30 ],0,256
7411,2014-05-06,[ 03:31 ],0,534
7412,2014-05-06,[ 03:32 ],0,215
7413,2014-05-06,[ 03:33 ],0,607
7414,2014-05-06,[ 03:34 ],0,213
7415,2014-05-06,[ 03:35 ],0,211
7416,2014-05-06,[ 03:36 ],0,162
7417,2014-05-06,[ 03:37 ],0,162
7418,2014-05-06,[ 03:38 ],0,160
7419,2014-05-06,[ 03:39 ],0,161
7420,2014-05-06,[ 03:40 ],0,161
7421,2014-05-06,[ 03:41 ],0,161
7422,2014-05-06,[ 03:42 ],0,161
7423,2014-05-06,[ 03:43 ],0,672
7424,2014-05-06,[ 03:44 ],0,162
7425,2014-05-06,[ 03:45 ],0,161
7426,2014-05-06,[ 03:46 ],0,163
7427,2014-05-06,[ 03:47 ],0,161
7428,2014-05-06,[ 03:48 ],0,163
7429,2014-05-06,[ 03:49 ],0,194
7430,2014-05-06,[ 03:50 ],0,683
7431,2014-05-06,[ 03:51 ],0,683
7432,2014-05-06,[ 03:52 ],0,161
7433,2014-05-06,[ 03:53 ],0,668
7434,2014-05-06,[ 03:54 ],0,160
7435,2014-05-06,[ 03:55 ],0,441
7436,2014-05-06,[ 03:56 ],0,670
7437,2014-05-06,[ 03:57 ],0,160
7438,2014-05-06,[ 03:58 ],0,668
7439,2014-05-06,[ 03:59 ],0,189
7440,2014-05-06,[ 04:00 ],0,163
7441,2014-05-06,[ 04:01 ],0,161
7442,2014-05-06,[ 04:02 ],0,162
7443,2014-05-06,[ 04:03 ],0,161
7444,2014-05-06,[ 04:04 ],0,161
7445,2014-05-06,[ 04:05 ],0,539
7446,2014-05-06,[ 04:06 ],0,674
7447,2014-05-06,[ 04:07 ],0,309
7448,2014-05-06,[ 04:08 ],0,236
7449,2014-05-06,[ 04:09 ],0,679
7450,2014-05-06,[ 04:10 ],0,158
7451,2014-05-06,[ 04:11 ],0,161
7452,2014-05-06,[ 04:12 ],0,158
7453,2014-05-06,[ 04:13 ],0,160
7454,2014-05-06,[ 04:14 ],0,671
7455,2014-05-06,[ 04:15 ],0,671
7456,2014-05-06,[ 04:16 ],0,161
7457,2014-05-06,[ 04:17 ],0,671
7458,2014-05-06,[ 04:18 ],0,162
7459,2014-05-06,[ 04:19 ],0,160
7460,2014-05-06,[ 04:20 ],0,162
7461,2014-05-06,[ 04:21 ],0,161
7462,2014-05-06,[ 04:22 ],0,238
7463,2014-05-06,[ 04:23 ],0,217
7464,2014-05-06,[ 04:24 ],0,218
7465,2014-05-06,[ 04:25 ],0,218
7466,2014-05-06,[ 04:26 ],0,754
7467,2014-05-06,[ 04:27 ],0,214
7468,2014-05-06,[ 04:28 ],0,754
7469,2014-05-06,[ 04:29 ],0,216
7470,2014-05-06,[ 04:30 ],0,215
7471,2014-05-06,[ 04:31 ],0,214
7472,2014-05-06,[ 04:32 ],0,212
7473,2014-05-06,[ 04:33 ],0,161
7474,2014-05-06,[ 04:34 ],0,640
7475,2014-05-06,[ 04:35 ],0,161
7476,2014-05-06,[ 04:36 ],0,689
7477,2014-05-06,[ 04:37 ],0,160
7478,2014-05-06,[ 04:38 ],0,160
7479,2014-05-06,[ 04:39 ],0,683
7480,2014-05-06,[ 04:40 ],0,678
7481,2014-05-06,[ 04:41 ],0,680
7482,2014-05-06,[ 04:42 ],0,684
7483,2014-05-06,[ 04:43 ],0,684
7484,2014-05-06,[ 04:44 ],0,684
7485,2014-05-06,[ 04:45 ],0,773
7486,2014-05-06,[ 04:46 ],0,755
7487,2014-05-06,[ 04:47 ],0,764
7488,2014-05-06,[ 04:48 ],0,766
7489,2014-05-06,[ 04:49 ],0,766
7490,2014-05-06,[ 04:50 ],0,765
7491,2014-05-06,[ 04:51 ],0,765
7492,2014-05-06,[ 04:52 ],0,765
7493,2014-05-06,[ 04:53 ],0,765
7494,2014-05-06,[ 04:54 ],0,767
7495,2014-05-06,[ 04:55 ],0,766
7496,2014-05-06,[ 04:56 ],0,770
7497,2014-05-06,[ 04:57 ],0,766
7498,2014-05-06,[ 04:58 ],0,768
7499,2014-05-06,[ 04:59 ],0,766
7500,2014-05-06,[ 05:00 ],0,760
7501,2014-05-06,[ 05:01 ],0,768
7502,2014-05-06,[ 05:02 ],0,751
7503,2014-05-06,[ 05:03 ],0,752
7504,2014-05-06,[ 05:04 ],0,765
7505,2014-05-06,[ 05:05 ],0,766
7506,2014-05-06,[ 05:06 ],0,765
7507,2014-05-06,[ 05:07 ],0,765
7508,2014-05-06,[ 05:08 ],0,763
7509,2014-05-06,[ 05:09 ],0,765
7510,2014-05-06,[ 05:10 ],0,684
7511,2014-05-06,[ 05:11 ],0,684
7512,2014-05-06,[ 05:12 ],0,684
7513,2014-05-06,[ 05:13 ],0,671
7514,2014-05-06,[ 05:14 ],0,672
7515,2014-05-06,[ 05:15 ],0,681
7516,2014-05-06,[ 05:16 ],0,683
7517,2014-05-06,[ 05:17 ],0,678
7518,2014-05-06,[ 05:18 ],0,701
7519,2014-05-06,[ 05:19 ],0,701
7520,2014-05-06,[ 05:20 ],0,700
7521,2014-05-06,[ 05:21 ],0,705
7522,2014-05-06,[ 05:22 ],0,705
7523,2014-05-06,[ 05:23 ],0,706
7524,2014-05-06,[ 05:24 ],0,704
7525,2014-05-06,[ 05:25 ],0,695
7526,2014-05-06,[ 05:26 ],0,707
7527,2014-05-06,[ 05:27 ],0,704
7528,2014-05-06,[ 05:28 ],0,720
7529,2014-05-06,[ 05:29 ],0,720
7530,2014-05-06,[ 05:30 ],0,242
7531,2014-05-06,[ 05:31 ],0,227
7532,2014-05-06,[ 05:32 ],0,241
7533,2014-05-06,[ 05:33 ],0,222
7534,2014-05-06,[ 05:34 ],0,224
7535,2014-05-06,[ 05:35 ],0,223
7536,2014-05-06,[ 05:36 ],0,223
7537,2014-05-06,[ 05:37 ],0,211
7538,2014-05-06,[ 05:38 ],0,207
7539,2014-05-06,[ 05:39 ],0,223
7540,2014-05-06,[ 05:40 ],0,228
7541,2014-05-06,[ 05:41 ],0,204
7542,2014-05-06,[ 05:42 ],0,235
7543,2014-05-06,[ 05:43 ],0,232
7544,2014-05-06,[ 05:44 ],0,216
7545,2014-05-06,[ 05:45 ],0,222
7546,2014-05-06,[ 05:46 ],0,224
7547,2014-05-06,[ 05:47 ],0,232
7548,2014-05-06,[ 05:48 ],0,258
7549,2014-05-06,[ 05:49 ],0,254
7550,2014-05-06,[ 05:50 ],0,203
7551,2014-05-06,[ 05:51 ],0,158
7552,2014-05-06,[ 05:52 ],0,159
7553,2014-05-06,[ 05:53 ],0,158
7554,2014-05-06,[ 05:54 ],0,239
7555,2014-05-06,[ 05:55 ],0,239
7556,2014-05-06,[ 05:56 ],0,214
7557,2014-05-06,[ 05:57 ],0,214
7558,2014-05-06,[ 05:58 ],0,213
7559,2014-05-06,[ 05:59 ],0,215
7560,2014-05-06,[ 06:00 ],0,214
7561,2014-05-06,[ 06:01 ],0,214
7562,2014-05-06,[ 06:02 ],0,213
7563,2014-05-06,[ 06:03 ],0,214
7564,2014-05-06,[ 06:04 ],0,214
7565,2014-05-06,[ 06:05 ],0,214
7566,2014-05-06,[ 06:06 ],0,158
7567,2014-05-06,[ 06:07 ],0,158
7568,2014-05-06,[ 06:08 ],0,160
7569,2014-05-06,[ 06:09 ],0,169
7570,2014-05-06,[ 06:10 ],0,171
7571,2014-05-06,[ 06:11 ],0,171
7572,2014-05-06,[ 06:12 ],0,171
7573,2014-05-06,[ 06:13 ],0,171
7574,2014-05-06,[ 06:14 ],0,171
7575,2014-05-06,[ 06:15 ],0,219
7576,2014-05-06,[ 06:16 ],0,217
7577,2014-05-06,[ 06:17 ],0,212
7578,2014-05-06,[ 06:18 ],0,215
7579,2014-05-06,[ 06:19 ],0,216
7580,2014-05-06,[ 06:20 ],0,217
7581,2014-05-06,[ 06:21 ],0,231
7582,2014-05-06,[ 06:22 ],0,234
7583,2014-05-06,[ 06:23 ],0,231
7584,2014-05-06,[ 06:24 ],0,228
7585,2014-05-06,[ 06:25 ],0,228
7586,2014-05-06,[ 06:26 ],0,226
7587,2014-05-06,[ 06:27 ],0,226
7588,2014-05-06,[ 06:28 ],0,226
7589,2014-05-06,[ 06:29 ],0,225
7590,2014-05-06,[ 06:30 ],0,227
7591,2014-05-06,[ 06:31 ],0,227
7592,2014-05-06,[ 06:32 ],0,226
7593,2014-05-06,[ 06:33 ],0,227
7594,2014-05-06,[ 06:34 ],0,228
7595,2014-05-06,[ 06:35 ],0,226
7596,2014-05-06,[ 06:36 ],0,231
7597,2014-05-06,[ 06:37 ],0,229
7598,2014-05-06,[ 06:38 ],0,227
7599,2014-05-06,[ 06:39 ],0,225
7600,2014-05-06,[ 06:40 ],0,226
7601,2014-05-06,[ 06:41 ],0,168
7602,2014-05-06,[ 06:42 ],0,167
7603,2014-05-06,[ 06:43 ],0,166
7604,2014-05-06,[ 06:44 ],0,166
7605,2014-05-06,[ 06:45 ],0,167
7606,2014-05-06,[ 06:46 ],0,165
7607,2014-05-06,[ 06:47 ],0,166
7608,2014-05-06,[ 06:48 ],0,165
7609,2014-05-06,[ 06:49 ],0,169
7610,2014-05-06,[ 06:50 ],0,166
7611,2014-05-06,[ 06:51 ],0,165
7612,2014-05-06,[ 06:52 ],0,165
7613,2014-05-06,[ 06:53 ],0,163
7614,2014-05-06,[ 06:54 ],0,165
7615,2014-05-06,[ 06:55 ],0,165
7616,2014-05-06,[ 06:56 ],0,166
7617,2014-05-06,[ 06:57 ],0,163
7618,2014-05-06,[ 06:58 ],0,165
7619,2014-05-06,[ 06:59 ],0,167
7620,2014-05-06,[ 07:00 ],0,261
7621,2014-05-06,[ 07:01 ],0,259
7622,2014-05-06,[ 07:02 ],0,247
7623,2014-05-06,[ 07:03 ],0,278
7624,2014-05-06,[ 07:04 ],0,280
7625,2014-05-06,[ 07:05 ],0,1942
7626,2014-05-06,[ 07:06 ],0,1970
7627,2014-05-06,[ 07:07 ],0,1969
7628,2014-05-06,[ 07:08 ],0,243
7629,2014-05-06,[ 07:09 ],0,259
7630,2014-05-06,[ 07:10 ],0,232
7631,2014-05-06,[ 07:11 ],0,240
7632,2014-05-06,[ 07:12 ],0,282
7633,2014-05-06,[ 07:13 ],0,2683
7634,2014-05-06,[ 07:14 ],0,2683
7635,2014-05-06,[ 07:15 ],0,257
7636,2014-05-06,[ 07:16 ],0,259
7637,2014-05-06,[ 07:17 ],0,241
7638,2014-05-06,[ 07:18 ],0,248
7639,2014-05-06,[ 07:19 ],0,251
7640,2014-05-06,[ 07:20 ],0,219
7641,2014-05-06,[ 07:21 ],0,236
7642,2014-05-06,[ 07:22 ],0,246
7643,2014-05-06,[ 07:23 ],0,270
7644,2014-05-06,[ 07:24 ],0,272
7645,2014-05-06,[ 07:25 ],0,252
7646,2014-05-06,[ 07:26 ],0,284
7647,2014-05-06,[ 07:27 ],0,283
7648,2014-05-06,[ 07:28 ],0,283
7649,2014-05-06,[ 07:29 ],0,266
7650,2014-05-06,[ 07:30 ],0,278
7651,2014-05-06,[ 07:31 ],0,285
7652,2014-05-06,[ 07:32 ],0,271
7653,2014-05-06,[ 07:33 ],0,254
7654,2014-05-06,[ 07:34 ],0,1943
7655,2014-05-06,[ 07:35 ],0,207
7656,2014-05-06,[ 07:36 ],0,203
7657,2014-05-06,[ 07:37 ],0,954
7658,2014-05-06,[ 07:38 ],0,954
7659,2014-05-06,[ 07:39 ],0,241
7660,2014-05-06,[ 07:40 ],0,237
7661,2014-05-06,[ 07:41 ],0,246
7662,2014-05-06,[ 07:42 ],0,238
7663,2014-05-06,[ 07:43 ],0,297
7664,2014-05-06,[ 07:44 ],0,310
7665,2014-05-06,[ 07:45 ],0,305
7666,2014-05-06,[ 07:46 ],0,305
7667,2014-05-06,[ 07:47 ],0,318
7668,2014-05-06,[ 07:48 ],0,330
7669,2014-05-06,[ 07:49 ],0,308
7670,2014-05-06,[ 07:50 ],0,320
7671,2014-05-06,[ 07:51 ],0,254
7672,2014-05-06,[ 07:52 ],0,251
7673,2014-05-06,[ 07:53 ],0,253
7674,2014-05-06,[ 07:54 ],0,254
7675,2014-05-06,[ 07:55 ],0,251
7676,2014-05-06,[ 07:56 ],0,250
7677,2014-05-06,[ 07:57 ],0,248
7678,2014-05-06,[ 07:58 ],0,250
7679,2014-05-06,[ 07:59 ],0,251
7680,2014-05-06,[ 08:00 ],0,252
7681,2014-05-06,[ 08:01 ],0,252
7682,2014-05-06,[ 08:02 ],0,251
7683,2014-05-06,[ 08:03 ],0,253
7684,2014-05-06,[ 08:04 ],0,250
7685,2014-05-06,[ 08:05 ],0,838
7686,2014-05-06,[ 08:06 ],0,838
7687,2014-05-06,[ 08:07 ],0,1655
7688,2014-05-06,[ 08:08 ],0,1821
7689,2014-05-06,[ 08:09 ],0,1753
7690,2014-05-06,[ 08:10 ],0,1749
7691,2014-05-06,[ 08:11 ],0,752
7692,2014-05-06,[ 08:12 ],0,740
7693,2014-05-06,[ 08:13 ],0,185
7694,2014-05-06,[ 08:14 ],0,183
7695,2014-05-06,[ 08:15 ],0,181
7696,2014-05-06,[ 08:16 ],0,181
7697,2014-05-06,[ 08:17 ],0,179
7698,2014-05-06,[ 08:18 ],0,182
7699,2014-05-06,[ 08:19 ],0,182
7700,2014-05-06,[ 08:20 ],0,183
7701,2014-05-06,[ 08:21 ],0,182
7702,2014-05-06,[ 08:22 ],0,180
7703,2014-05-06,[ 08:23 ],0,182
7704,2014-05-06,[ 08:24 ],0,183
7705,2014-05-06,[ 08:25 ],0,183
7706,2014-05-06,[ 08:26 ],0,182
7707,2014-05-06,[ 08:27 ],0,182
7708,2014-05-06,[ 08:28 ],0,183
7709,2014-05-06,[ 08:29 ],0,183
7710,2014-05-06,[ 08:30 ],0,183
7711,2014-05-06,[ 08:31 ],0,181
7712,2014-05-06,[ 08:32 ],0,184
7713,2014-05-06,[ 08:33 ],0,281
7714,2014-05-06,[ 08:34 ],0,283
7715,2014-05-06,[ 08:35 ],0,321
7716,2014-05-06,[ 08:36 ],0,295
7717,2014-05-06,[ 08:37 ],0,185
7718,2014-05-06,[ 08:38 ],0,181
7719,2014-05-06,[ 08:39 ],0,182
7720,2014-05-06,[ 08:40 ],0,183
7721,2014-05-06,[ 08:41 ],0,185
7722,2014-05-06,[ 08:42 ],0,183
7723,2014-05-06,[ 08:43 ],0,184
7724,2014-05-06,[ 08:44 ],0,184
7725,2014-05-06,[ 08:45 ],0,183
7726,2014-05-06,[ 08:46 ],0,182
7727,2014-05-06,[ 08:47 ],0,183
7728,2014-05-06,[ 08:48 ],0,184
7729,2014-05-06,[ 08:49 ],0,184
7730,2014-05-06,[ 08:50 ],0,184
7731,2014-05-06,[ 08:51 ],0,183
7732,2014-05-06,[ 08:52 ],0,183
7733,2014-05-06,[ 08:53 ],0,184
7734,2014-05-06,[ 08:54 ],0,261
7735,2014-05-06,[ 08:55 ],0,251
7736,2014-05-06,[ 08:56 ],0,252
7737,2014-05-06,[ 08:57 ],0,252
7738,2014-05-06,[ 08:58 ],0,253
7739,2014-05-06,[ 08:59 ],0,249
7740,2014-05-06,[ 09:00 ],0,249
7741,2014-05-06,[ 09:01 ],0,250
7742,2014-05-06,[ 09:02 ],0,250
7743,2014-05-06,[ 09:03 ],0,248
7744,2014-05-06,[ 09:04 ],0,250
7745,2014-05-06,[ 09:05 ],0,183
7746,2014-05-06,[ 09:06 ],0,183
7747,2014-05-06,[ 09:07 ],0,184
7748,2014-05-06,[ 09:08 ],0,183
7749,2014-05-06,[ 09:09 ],0,184
7750,2014-05-06,[ 09:10 ],0,184
7751,2014-05-06,[ 09:11 ],0,184
7752,2014-05-06,[ 09:12 ],0,184
7753,2014-05-06,[ 09:13 ],0,184
7754,2014-05-06,[ 09:14 ],0,184
7755,2014-05-06,[ 09:15 ],0,252
7756,2014-05-06,[ 09:16 ],0,251
7757,2014-05-06,[ 09:17 ],0,249
7758,2014-05-06,[ 09:18 ],0,251
7759,2014-05-06,[ 09:19 ],0,252
7760,2014-05-06,[ 09:20 ],0,252
7761,2014-05-06,[ 09:21 ],0,252
7762,2014-05-06,[ 09:22 ],0,248
7763,2014-05-06,[ 09:23 ],0,250
7764,2014-05-06,[ 09:24 ],0,250
7765,2014-05-06,[ 09:25 ],0,253
7766,2014-05-06,[ 09:26 ],0,247
7767,2014-05-06,[ 09:27 ],0,247
7768,2014-05-06,[ 09:28 ],0,251
7769,2014-05-06,[ 09:29 ],0,250
7770,2014-05-06,[ 09:30 ],0,250
7771,2014-05-06,[ 09:31 ],0,250
7772,2014-05-06,[ 09:32 ],0,247
7773,2014-05-06,[ 09:33 ],0,249
7774,2014-05-06,[ 09:34 ],0,249
7775,2014-05-06,[ 09:35 ],0,250
7776,2014-05-06,[ 09:36 ],0,250
7777,2014-05-06,[ 09:37 ],0,248
7778,2014-05-06,[ 09:38 ],0,248
7779,2014-05-06,[ 09:39 ],0,246
7780,2014-05-06,[ 09:40 ],0,181
7781,2014-05-06,[ 09:41 ],0,182
7782,2014-05-06,[ 09:42 ],0,179
7783,2014-05-06,[ 09:43 ],0,180
7784,2014-05-06,[ 09:44 ],0,180
7785,2014-05-06,[ 09:45 ],0,180
7786,2014-05-06,[ 09:46 ],0,180
7787,2014-05-06,[ 09:47 ],0,178
7788,2014-05-06,[ 09:48 ],0,178
7789,2014-05-06,[ 09:49 ],0,180
7790,2014-05-06,[ 09:50 ],0,178
7791,2014-05-06,[ 09:51 ],0,179
7792,2014-05-06,[ 09:52 ],0,179
7793,2014-05-06,[ 09:53 ],0,178
7794,2014-05-06,[ 09:54 ],0,181
7795,2014-05-06,[ 09:55 ],0,181
7796,2014-05-06,[ 09:56 ],0,180
7797,2014-05-06,[ 09:57 ],0,181
7798,2014-05-06,[ 09:58 ],0,180
7799,2014-05-06,[ 09:59 ],0,179
7800,2014-05-06,[ 10:00 ],0,180
7801,2014-05-06,[ 10:01 ],0,180
7802,2014-05-06,[ 10:02 ],0,180
7803,2014-05-06,[ 10:03 ],0,182
7804,2014-05-06,[ 10:04 ],0,182
7805,2014-05-06,[ 10:05 ],0,184
7806,2014-05-06,[ 10:06 ],0,180
7807,2014-05-06,[ 10:07 ],0,180
7808,2014-05-06,[ 10:08 ],0,179
7809,2014-05-06,[ 10:09 ],0,179
7810,2014-05-06,[ 10:10 ],0,179
7811,2014-05-06,[ 10:11 ],0,183
7812,2014-05-06,[ 10:12 ],0,182
7813,2014-05-06,[ 10:13 ],0,180
7814,2014-05-06,[ 10:14 ],0,179
7815,2014-05-06,[ 10:15 ],0,182
7816,2014-05-06,[ 10:16 ],0,182
7817,2014-05-06,[ 10:17 ],0,182
7818,2014-05-06,[ 10:18 ],0,181
7819,2014-05-06,[ 10:19 ],0,182
7820,2014-05-06,[ 10:20 ],0,182
7821,2014-05-06,[ 10:21 ],0,182
7822,2014-05-06,[ 10:22 ],0,180
7823,2014-05-06,[ 10:23 ],0,276
7824,2014-05-06,[ 10:24 ],0,252
7825,2014-05-06,[ 10:25 ],0,250
7826,2014-05-06,[ 10:26 ],0,250
7827,2014-05-06,[ 10:27 ],0,251
7828,2014-05-06,[ 10:28 ],0,247
7829,2014-05-06,[ 10:29 ],0,245
7830,2014-05-06,[ 10:30 ],0,246
7831,2014-05-06,[ 10:31 ],0,246
7832,2014-05-06,[ 10:32 ],0,246
7833,2014-05-06,[ 10:33 ],0,245
7834,2014-05-06,[ 10:34 ],0,243
7835,2014-05-06,[ 10:35 ],0,183
7836,2014-05-06,[ 10:36 ],0,181
7837,2014-05-06,[ 10:37 ],0,180
7838,2014-05-06,[ 10:38 ],0,181
7839,2014-05-06,[ 10:39 ],0,180
7840,2014-05-06,[ 10:40 ],0,182
7841,2014-05-06,[ 10:41 ],0,179
7842,2014-05-06,[ 10:42 ],0,181
7843,2014-05-06,[ 10:43 ],0,181
7844,2014-05-06,[ 10:44 ],0,179
7845,2014-05-06,[ 10:45 ],0,180
7846,2014-05-06,[ 10:46 ],0,247
7847,2014-05-06,[ 10:47 ],0,249
7848,2014-05-06,[ 10:48 ],0,245
7849,2014-05-06,[ 10:49 ],0,248
7850,2014-05-06,[ 10:50 ],0,249
7851,2014-05-06,[ 10:51 ],0,249
7852,2014-05-06,[ 10:52 ],0,253
7853,2014-05-06,[ 10:53 ],0,251
7854,2014-05-06,[ 10:54 ],0,250
7855,2014-05-06,[ 10:55 ],0,247
7856,2014-05-06,[ 10:56 ],0,248
7857,2014-05-06,[ 10:57 ],0,247
7858,2014-05-06,[ 10:58 ],0,250
7859,2014-05-06,[ 10:59 ],0,249
7860,2014-05-06,[ 11:00 ],0,249
7861,2014-05-06,[ 11:01 ],0,251
7862,2014-05-06,[ 11:02 ],0,248
7863,2014-05-06,[ 11:03 ],0,252
7864,2014-05-06,[ 11:04 ],0,250
7865,2014-05-06,[ 11:05 ],0,251
7866,2014-05-06,[ 11:06 ],0,253
7867,2014-05-06,[ 11:07 ],0,248
7868,2014-05-06,[ 11:08 ],0,247
7869,2014-05-06,[ 11:09 ],0,264
7870,2014-05-06,[ 11:10 ],0,264
7871,2014-05-06,[ 11:11 ],0,180
7872,2014-05-06,[ 11:12 ],0,184
7873,2014-05-06,[ 11:13 ],0,182
7874,2014-05-06,[ 11:14 ],0,181
7875,2014-05-06,[ 11:15 ],0,182
7876,2014-05-06,[ 11:16 ],0,185
7877,2014-05-06,[ 11:17 ],0,185
7878,2014-05-06,[ 11:18 ],0,185
7879,2014-05-06,[ 11:19 ],0,184
7880,2014-05-06,[ 11:20 ],0,183
7881,2014-05-06,[ 11:21 ],0,184
7882,2014-05-06,[ 11:22 ],0,184
7883,2014-05-06,[ 11:23 ],0,183
7884,2014-05-06,[ 11:24 ],0,184
7885,2014-05-06,[ 11:25 ],0,184
7886,2014-05-06,[ 11:26 ],0,185
7887,2014-05-06,[ 11:27 ],0,182
7888,2014-05-06,[ 11:28 ],0,185
7889,2014-05-06,[ 11:29 ],0,184
7890,2014-05-06,[ 11:30 ],0,185
7891,2014-05-06,[ 11:31 ],0,182
7892,2014-05-06,[ 11:32 ],0,183
7893,2014-05-06,[ 11:33 ],0,183
7894,2014-05-06,[ 11:34 ],0,182
7895,2014-05-06,[ 11:35 ],0,182
7896,2014-05-06,[ 11:36 ],0,180
7897,2014-05-06,[ 11:37 ],0,182
7898,2014-05-06,[ 11:38 ],0,183
7899,2014-05-06,[ 11:39 ],0,265
7900,2014-05-06,[ 11:40 ],0,259
7901,2014-05-06,[ 11:41 ],0,254
7902,2014-05-06,[ 11:42 ],0,256
7903,2014-05-06,[ 11:43 ],0,458
7904,2014-05-06,[ 11:44 ],0,356
7905,2014-05-06,[ 11:45 ],0,343
7906,2014-05-06,[ 11:46 ],0,352
7907,2014-05-06,[ 11:47 ],0,348
7908,2014-05-06,[ 11:48 ],0,363
7909,2014-05-06,[ 11:49 ],0,345
7910,2014-05-06,[ 11:50 ],0,354
7911,2014-05-06,[ 11:51 ],0,343
7912,2014-05-06,[ 11:52 ],0,351
7913,2014-05-06,[ 11:53 ],0,294
7914,2014-05-06,[ 11:54 ],0,289
7915,2014-05-06,[ 11:55 ],0,270
7916,2014-05-06,[ 11:56 ],0,284
7917,2014-05-06,[ 11:57 ],0,295
7918,2014-05-06,[ 11:58 ],0,315
7919,2014-05-06,[ 11:59 ],0,304
7920,2014-05-06,[ 12:00 ],0,294
7921,2014-05-06,[ 12:01 ],0,295
7922,2014-05-06,[ 12:02 ],0,516
7923,2014-05-06,[ 12:03 ],0,359
7924,2014-05-06,[ 12:04 ],0,356
7925,2014-05-06,[ 12:05 ],0,356
7926,2014-05-06,[ 12:06 ],0,367
7927,2014-05-06,[ 12:07 ],0,367
7928,2014-05-06,[ 12:08 ],0,374
7929,2014-05-06,[ 12:09 ],0,357
7930,2014-05-06,[ 12:10 ],0,363
7931,2014-05-06,[ 12:11 ],0,353
7932,2014-05-06,[ 12:12 ],0,370
7933,2014-05-06,[ 12:13 ],0,353
7934,2014-05-06,[ 12:14 ],0,357
7935,2014-05-06,[ 12:15 ],0,357
7936,2014-05-06,[ 12:16 ],0,342
7937,2014-05-06,[ 12:17 ],0,343
7938,2014-05-06,[ 12:18 ],0,361
7939,2014-05-06,[ 12:19 ],0,361
7940,2014-05-06,[ 12:20 ],0,354
7941,2014-05-06,[ 12:21 ],0,351
7942,2014-05-06,[ 12:22 ],0,348
7943,2014-05-06,[ 12:23 ],0,364
7944,2014-05-06,[ 12:24 ],0,351
7945,2014-05-06,[ 12:25 ],0,351
7946,2014-05-06,[ 12:26 ],0,354
7947,2014-05-06,[ 12:27 ],0,346
7948,2014-05-06,[ 12:28 ],0,363
7949,2014-05-06,[ 12:29 ],0,358
7950,2014-05-06,[ 12:30 ],0,370
7951,2014-05-06,[ 12:31 ],0,367
7952,2014-05-06,[ 12:32 ],0,342
7953,2014-05-06,[ 12:33 ],0,350
7954,2014-05-06,[ 12:34 ],0,368
7955,2014-05-06,[ 12:35 ],0,377
7956,2014-05-06,[ 12:36 ],0,361
7957,2014-05-06,[ 12:37 ],0,350
7958,2014-05-06,[ 12:38 ],0,350
7959,2014-05-06,[ 12:39 ],0,354
7960,2014-05-06,[ 12:40 ],0,369
7961,2014-05-06,[ 12:41 ],0,355
7962,2014-05-06,[ 12:42 ],0,341
7963,2014-05-06,[ 12:43 ],0,364
7964,2014-05-06,[ 12:44 ],0,370
7965,2014-05-06,[ 12:45 ],0,353
7966,2014-05-06,[ 12:46 ],0,346
7967,2014-05-06,[ 12:47 ],0,364
7968,2014-05-06,[ 12:48 ],0,356
7969,2014-05-06,[ 12:49 ],0,359
7970,2014-05-06,[ 12:50 ],0,353
7971,2014-05-06,[ 12:51 ],0,351
7972,2014-05-06,[ 12:52 ],0,358
7973,2014-05-06,[ 12:53 ],0,350
7974,2014-05-06,[ 12:54 ],0,346
7975,2014-05-06,[ 12:55 ],0,347
7976,2014-05-06,[ 12:56 ],0,350
7977,2014-05-06,[ 12:57 ],0,348
7978,2014-05-06,[ 12:58 ],0,352
7979,2014-05-06,[ 12:59 ],0,345
7980,2014-05-06,[ 13:00 ],0,372
7981,2014-05-06,[ 13:01 ],0,341
7982,2014-05-06,[ 13:02 ],0,371
7983,2014-05-06,[ 13:03 ],0,348
7984,2014-05-06,[ 13:04 ],0,355
7985,2014-05-06,[ 13:05 ],0,352
7986,2014-05-06,[ 13:06 ],0,347
7987,2014-05-06,[ 13:07 ],0,351
7988,2014-05-06,[ 13:08 ],0,368
7989,2014-05-06,[ 13:09 ],0,333
7990,2014-05-06,[ 13:10 ],0,342
7991,2014-05-06,[ 13:11 ],0,348
7992,2014-05-06,[ 13:12 ],0,364
7993,2014-05-06,[ 13:13 ],0,348
7994,2014-05-06,[ 13:14 ],0,364
7995,2014-05-06,[ 13:15 ],0,351
7996,2014-05-06,[ 13:16 ],0,344
7997,2014-05-06,[ 13:17 ],0,252
7998,2014-05-06,[ 13:18 ],0,252
7999,2014-05-06,[ 13:19 ],0,252
8000,2014-05-06,[ 13:20 ],0,251
8001,2014-05-06,[ 13:21 ],0,250
8002,2014-05-06,[ 13:22 ],0,253
8003,2014-05-06,[ 13:23 ],0,251
8004,2014-05-06,[ 13:24 ],0,251
8005,2014-05-06,[ 13:25 ],0,250
8006,2014-05-06,[ 13:26 ],0,252
8007,2014-05-06,[ 13:27 ],0,248
8008,2014-05-06,[ 13:28 ],0,251
8009,2014-05-06,[ 13:29 ],0,250
8010,2014-05-06,[ 13:30 ],0,250
8011,2014-05-06,[ 13:31 ],0,252
8012,2014-05-06,[ 13:32 ],0,252
8013,2014-05-06,[ 13:33 ],0,248
8014,2014-05-06,[ 13:34 ],0,249
8015,2014-05-06,[ 13:35 ],0,251
8016,2014-05-06,[ 13:36 ],0,250
8017,2014-05-06,[ 13:37 ],0,249
8018,2014-05-06,[ 13:38 ],0,251
8019,2014-05-06,[ 13:39 ],0,250
8020,2014-05-06,[ 13:40 ],0,250
8021,2014-05-06,[ 13:41 ],0,247
8022,2014-05-06,[ 13:42 ],0,251
8023,2014-05-06,[ 13:43 ],0,249
8024,2014-05-06,[ 13:44 ],0,251
8025,2014-05-06,[ 13:45 ],0,251
8026,2014-05-06,[ 13:46 ],0,248
8027,2014-05-06,[ 13:47 ],0,249
8028,2014-05-06,[ 13:48 ],0,248
8029,2014-05-06,[ 13:49 ],0,250
8030,2014-05-06,[ 13:50 ],0,249
8031,2014-05-06,[ 13:51 ],0,249
8032,2014-05-06,[ 13:52 ],0,250
8033,2014-05-06,[ 13:53 ],0,250
8034,2014-05-06,[ 13:54 ],0,249
8035,2014-05-06,[ 13:55 ],0,249
8036,2014-05-06,[ 13:56 ],0,248
8037,2014-05-06,[ 13:57 ],0,251
8038,2014-05-06,[ 13:58 ],0,248
8039,2014-05-06,[ 13:59 ],0,247
8040,2014-05-06,[ 14:00 ],0,251
8041,2014-05-06,[ 14:01 ],0,249
8042,2014-05-06,[ 14:02 ],0,248
8043,2014-05-06,[ 14:03 ],0,250
8044,2014-05-06,[ 14:04 ],0,249
8045,2014-05-06,[ 14:05 ],0,247
8046,2014-05-06,[ 14:06 ],0,247
8047,2014-05-06,[ 14:07 ],0,248
8048,2014-05-06,[ 14:08 ],0,249
8049,2014-05-06,[ 14:09 ],0,250
8050,2014-05-06,[ 14:10 ],0,248
8051,2014-05-06,[ 14:11 ],0,248
8052,2014-05-06,[ 14:12 ],0,247
8053,2014-05-06,[ 14:13 ],0,247
8054,2014-05-06,[ 14:14 ],0,246
8055,2014-05-06,[ 14:15 ],0,247
8056,2014-05-06,[ 14:16 ],0,246
8057,2014-05-06,[ 14:17 ],0,248
8058,2014-05-06,[ 14:18 ],0,248
8059,2014-05-06,[ 14:19 ],0,248
8060,2014-05-06,[ 14:20 ],0,248
8061,2014-05-06,[ 14:21 ],0,248
8062,2014-05-06,[ 14:22 ],0,252
8063,2014-05-06,[ 14:23 ],0,249
8064,2014-05-06,[ 14:24 ],0,243
8065,2014-05-06,[ 14:25 ],0,243
8066,2014-05-06,[ 14:26 ],0,240
8067,2014-05-06,[ 14:27 ],0,239
8068,2014-05-06,[ 14:28 ],0,239
8069,2014-05-06,[ 14:29 ],0,238
8070,2014-05-06,[ 14:30 ],0,235
8071,2014-05-06,[ 14:31 ],0,236
8072,2014-05-06,[ 14:32 ],0,237
8073,2014-05-06,[ 14:33 ],0,235
8074,2014-05-06,[ 14:34 ],0,245
8075,2014-05-06,[ 14:35 ],0,245
8076,2014-05-06,[ 14:36 ],0,245
8077,2014-05-06,[ 14:37 ],0,245
8078,2014-05-06,[ 14:38 ],0,248
8079,2014-05-06,[ 14:39 ],0,248
8080,2014-05-06,[ 14:40 ],0,246
8081,2014-05-06,[ 14:41 ],0,247
8082,2014-05-06,[ 14:42 ],0,245
8083,2014-05-06,[ 14:43 ],0,241
8084,2014-05-06,[ 14:44 ],0,238
8085,2014-05-06,[ 14:45 ],0,238
8086,2014-05-06,[ 14:46 ],0,239
8087,2014-05-06,[ 14:47 ],0,238
8088,2014-05-06,[ 14:48 ],0,234
8089,2014-05-06,[ 14:49 ],0,235
8090,2014-05-06,[ 14:50 ],0,232
8091,2014-05-06,[ 14:51 ],0,236
8092,2014-05-06,[ 14:52 ],0,240
8093,2014-05-06,[ 14:53 ],0,239
8094,2014-05-06,[ 14:54 ],0,243
8095,2014-05-06,[ 14:55 ],0,242
8096,2014-05-06,[ 14:56 ],0,246
8097,2014-05-06,[ 14:57 ],0,247
8098,2014-05-06,[ 14:58 ],0,247
8099,2014-05-06,[ 14:59 ],0,239
8100,2014-05-06,[ 15:00 ],0,180
8101,2014-05-06,[ 15:01 ],0,178
8102,2014-05-06,[ 15:02 ],0,178
8103,2014-05-06,[ 15:03 ],0,400
8104,2014-05-06,[ 15:04 ],0,405
8105,2014-05-06,[ 15:05 ],0,403
8106,2014-05-06,[ 15:06 ],0,402
8107,2014-05-06,[ 15:07 ],0,403
8108,2014-05-06,[ 15:08 ],0,402
8109,2014-05-06,[ 15:09 ],0,402
8110,2014-05-06,[ 15:10 ],0,402
8111,2014-05-06,[ 15:11 ],0,403
8112,2014-05-06,[ 15:12 ],0,703
8113,2014-05-06,[ 15:13 ],0,906
8114,2014-05-06,[ 15:14 ],0,1205
8115,2014-05-06,[ 15:15 ],0,2940
8116,2014-05-06,[ 15:16 ],0,2946
8117,2014-05-06,[ 15:17 ],0,2800
8118,2014-05-06,[ 15:18 ],0,2759
8119,2014-05-06,[ 15:19 ],0,2718
8120,2014-05-06,[ 15:20 ],0,2589
8121,2014-05-06,[ 15:21 ],0,2613
8122,2014-05-06,[ 15:22 ],0,2678
8123,2014-05-06,[ 15:23 ],0,2652
8124,2014-05-06,[ 15:24 ],0,2652
8125,2014-05-06,[ 15:25 ],0,2712
8126,2014-05-06,[ 15:26 ],0,2758
8127,2014-05-06,[ 15:27 ],0,2410
8128,2014-05-06,[ 15:28 ],0,2638
8129,2014-05-06,[ 15:29 ],0,2807
8130,2014-05-06,[ 15:30 ],0,2667
8131,2014-05-06,[ 15:31 ],0,2745
8132,2014-05-06,[ 15:32 ],0,2138
8133,2014-05-06,[ 15:33 ],0,970
8134,2014-05-06,[ 15:34 ],0,1234
8135,2014-05-06,[ 15:35 ],0,995
8136,2014-05-06,[ 15:36 ],0,1382
8137,2014-05-06,[ 15:37 ],0,2581
8138,2014-05-06,[ 15:38 ],0,2600
8139,2014-05-06,[ 15:39 ],0,976
8140,2014-05-06,[ 15:40 ],0,963
8141,2014-05-06,[ 15:41 ],0,1237
8142,2014-05-06,[ 15:42 ],0,1008
8143,2014-05-06,[ 15:43 ],0,3124
8144,2014-05-06,[ 15:44 ],0,5240
8145,2014-05-06,[ 15:45 ],0,5082
8146,2014-05-06,[ 15:46 ],0,1091
8147,2014-05-06,[ 15:47 ],0,954
8148,2014-05-06,[ 15:48 ],0,964
8149,2014-05-06,[ 15:49 ],0,977
8150,2014-05-06,[ 15:50 ],0,2635
8151,2014-05-06,[ 15:51 ],0,2564
8152,2014-05-06,[ 15:52 ],0,927
8153,2014-05-06,[ 15:53 ],0,1390
8154,2014-05-06,[ 15:54 ],0,928
8155,2014-05-06,[ 15:55 ],0,948
8156,2014-05-06,[ 15:56 ],0,963
8157,2014-05-06,[ 15:57 ],0,922
8158,2014-05-06,[ 15:58 ],0,953
8159,2014-05-06,[ 15:59 ],0,957
8160,2014-05-06,[ 16:00 ],0,1574
8161,2014-05-06,[ 16:01 ],0,978
8162,2014-05-06,[ 16:02 ],0,963
8163,2014-05-06,[ 16:03 ],0,943
8164,2014-05-06,[ 16:04 ],0,931
8165,2014-05-06,[ 16:05 ],0,935
8166,2014-05-06,[ 16:06 ],0,919
8167,2014-05-06,[ 16:07 ],0,628
8168,2014-05-06,[ 16:08 ],0,967
8169,2014-05-06,[ 16:09 ],0,267
8170,2014-05-06,[ 16:10 ],0,855
8171,2014-05-06,[ 16:11 ],0,422
8172,2014-05-06,[ 16:12 ],0,818
8173,2014-05-06,[ 16:13 ],0,957
8174,2014-05-06,[ 16:14 ],0,871
8175,2014-05-06,[ 16:15 ],0,414
8176,2014-05-06,[ 16:16 ],0,735
8177,2014-05-06,[ 16:17 ],0,910
8178,2014-05-06,[ 16:18 ],0,934
8179,2014-05-06,[ 16:19 ],0,904
8180,2014-05-06,[ 16:20 ],0,1447
8181,2014-05-06,[ 16:21 ],0,1447
8182,2014-05-06,[ 16:22 ],0,1658
8183,2014-05-06,[ 16:23 ],0,795
8184,2014-05-06,[ 16:24 ],0,855
8185,2014-05-06,[ 16:25 ],0,1090
8186,2014-05-06,[ 16:26 ],0,654
8187,2014-05-06,[ 16:27 ],0,602
8188,2014-05-06,[ 16:28 ],0,753
8189,2014-05-06,[ 16:29 ],0,779
8190,2014-05-06,[ 16:30 ],0,927
8191,2014-05-06,[ 16:31 ],0,1486
8192,2014-05-06,[ 16:32 ],0,1415
8193,2014-05-06,[ 16:33 ],0,1328
8194,2014-05-06,[ 16:34 ],0,764
8195,2014-05-06,[ 16:35 ],0,898
8196,2014-05-06,[ 16:36 ],0,510
8197,2014-05-06,[ 16:37 ],0,647
8198,2014-05-06,[ 16:38 ],0,1105
8199,2014-05-06,[ 16:39 ],0,656
8200,2014-05-06,[ 16:40 ],0,592
8201,2014-05-06,[ 16:41 ],0,585
8202,2014-05-06,[ 16:42 ],0,519
8203,2014-05-06,[ 16:43 ],0,753
8204,2014-05-06,[ 16:44 ],0,812
8205,2014-05-06,[ 16:45 ],0,773
8206,2014-05-06,[ 16:46 ],0,772
8207,2014-05-06,[ 16:47 ],0,281
8208,2014-05-06,[ 16:48 ],0,504
8209,2014-05-06,[ 16:49 ],0,251
8210,2014-05-06,[ 16:50 ],0,250
8211,2014-05-06,[ 16:51 ],0,248
8212,2014-05-06,[ 16:52 ],0,250
8213,2014-05-06,[ 16:53 ],0,251
8214,2014-05-06,[ 16:54 ],0,251
8215,2014-05-06,[ 16:55 ],0,246
8216,2014-05-06,[ 16:56 ],0,246
8217,2014-05-06,[ 16:57 ],0,245
8218,2014-05-06,[ 16:58 ],0,247
8219,2014-05-06,[ 16:59 ],0,246
8220,2014-05-06,[ 17:00 ],0,207
8221,2014-05-06,[ 17:01 ],0,158
8222,2014-05-06,[ 17:02 ],0,172
8223,2014-05-06,[ 17:03 ],0,206
8224,2014-05-06,[ 17:04 ],0,245
8225,2014-05-06,[ 17:05 ],0,316
8226,2014-05-06,[ 17:06 ],0,332
8227,2014-05-06,[ 17:07 ],0,278
8228,2014-05-06,[ 17:08 ],0,281
8229,2014-05-06,[ 17:09 ],0,275
8230,2014-05-06,[ 17:10 ],0,315
8231,2014-05-06,[ 17:11 ],0,357
8232,2014-05-06,[ 17:12 ],0,332
8233,2014-05-06,[ 17:13 ],0,346
8234,2014-05-06,[ 17:14 ],0,2887
8235,2014-05-06,[ 17:15 ],0,2719
8236,2014-05-06,[ 17:16 ],0,2621
8237,2014-05-06,[ 17:17 ],0,334
8238,2014-05-06,[ 17:18 ],0,335
8239,2014-05-06,[ 17:19 ],0,335
8240,2014-05-06,[ 17:20 ],0,302
8241,2014-05-06,[ 17:21 ],0,319
8242,2014-05-06,[ 17:22 ],0,332
8243,2014-05-06,[ 17:23 ],0,298
8244,2014-05-06,[ 17:24 ],0,285
8245,2014-05-06,[ 17:25 ],0,258
8246,2014-05-06,[ 17:26 ],0,216
8247,2014-05-06,[ 17:27 ],0,217
8248,2014-05-06,[ 17:28 ],0,185
8249,2014-05-06,[ 17:29 ],0,184
8250,2014-05-06,[ 17:30 ],0,2578
8251,2014-05-06,[ 17:31 ],0,2587
8252,2014-05-06,[ 17:32 ],0,185
8253,2014-05-06,[ 17:33 ],0,199
8254,2014-05-06,[ 17:34 ],0,193
8255,2014-05-06,[ 17:35 ],0,259
8256,2014-05-06,[ 17:36 ],0,259
8257,2014-05-06,[ 17:37 ],0,288
8258,2014-05-06,[ 17:38 ],0,294
8259,2014-05-06,[ 17:39 ],0,294
8260,2014-05-06,[ 17:40 ],0,257
8261,2014-05-06,[ 17:41 ],0,259
8262,2014-05-06,[ 17:42 ],0,256
8263,2014-05-06,[ 17:43 ],0,280
8264,2014-05-06,[ 17:44 ],0,256
8265,2014-05-06,[ 17:45 ],0,308
8266,2014-05-06,[ 17:46 ],0,324
8267,2014-05-06,[ 17:47 ],0,341
8268,2014-05-06,[ 17:48 ],0,366
8269,2014-05-06,[ 17:49 ],0,422
8270,2014-05-06,[ 17:50 ],0,330
8271,2014-05-06,[ 17:51 ],0,345
8272,2014-05-06,[ 17:52 ],0,336
8273,2014-05-06,[ 17:53 ],0,340
8274,2014-05-06,[ 17:54 ],0,337
8275,2014-05-06,[ 17:55 ],0,337
8276,2014-05-06,[ 17:56 ],0,331
8277,2014-05-06,[ 17:57 ],0,294
8278,2014-05-06,[ 17:58 ],0,289
8279,2014-05-06,[ 17:59 ],0,294
8280,2014-05-06,[ 18:00 ],0,312
8281,2014-05-06,[ 18:01 ],0,299
8282,2014-05-06,[ 18:02 ],0,304
8283,2014-05-06,[ 18:03 ],0,310
8284,2014-05-06,[ 18:04 ],0,327
8285,2014-05-06,[ 18:05 ],0,320
8286,2014-05-06,[ 18:06 ],0,331
8287,2014-05-06,[ 18:07 ],0,281
8288,2014-05-06,[ 18:08 ],0,294
8289,2014-05-06,[ 18:09 ],0,285
8290,2014-05-06,[ 18:10 ],0,291
8291,2014-05-06,[ 18:11 ],0,306
8292,2014-05-06,[ 18:12 ],0,306
8293,2014-05-06,[ 18:13 ],0,269
8294,2014-05-06,[ 18:14 ],0,293
8295,2014-05-06,[ 18:15 ],0,275
8296,2014-05-06,[ 18:16 ],0,280
8297,2014-05-06,[ 18:17 ],0,289
8298,2014-05-06,[ 18:18 ],0,289
8299,2014-05-06,[ 18:19 ],0,2025
8300,2014-05-06,[ 18:20 ],0,1959
8301,2014-05-06,[ 18:21 ],0,281
8302,2014-05-06,[ 18:22 ],0,278
8303,2014-05-06,[ 18:23 ],0,295
8304,2014-05-06,[ 18:24 ],0,281
8305,2014-05-06,[ 18:25 ],0,323
8306,2014-05-06,[ 18:26 ],0,311
8307,2014-05-06,[ 18:27 ],0,302
8308,2014-05-06,[ 18:28 ],0,304
8309,2014-05-06,[ 18:29 ],0,317
8310,2014-05-06,[ 18:30 ],0,327
8311,2014-05-06,[ 18:31 ],0,308
8312,2014-05-06,[ 18:32 ],0,304
8313,2014-05-06,[ 18:33 ],0,307
8314,2014-05-06,[ 18:34 ],0,309
8315,2014-05-06,[ 18:35 ],0,387
8316,2014-05-06,[ 18:36 ],0,322
8317,2014-05-06,[ 18:37 ],0,299
8318,2014-05-06,[ 18:38 ],0,294
8319,2014-05-06,[ 18:39 ],0,304
8320,2014-05-06,[ 18:40 ],0,310
8321,2014-05-06,[ 18:41 ],0,298
8322,2014-05-06,[ 18:42 ],0,304
8323,2014-05-06,[ 18:43 ],0,304
8324,2014-05-06,[ 18:44 ],0,311
8325,2014-05-06,[ 18:45 ],0,273
8326,2014-05-06,[ 18:46 ],0,217
8327,2014-05-06,[ 18:47 ],0,215
8328,2014-05-06,[ 18:48 ],0,168
8329,2014-05-06,[ 18:49 ],0,403
8330,2014-05-06,[ 18:50 ],0,415
8331,2014-05-06,[ 18:51 ],0,429
8332,2014-05-06,[ 18:52 ],0,429
8333,2014-05-06,[ 18:53 ],0,424
8334,2014-05-06,[ 18:54 ],0,427
8335,2014-05-06,[ 18:55 ],0,439
8336,2014-05-06,[ 18:56 ],0,462
8337,2014-05-06,[ 18:57 ],0,487
8338,2014-05-06,[ 18:58 ],0,493
8339,2014-05-06,[ 18:59 ],0,469
8340,2014-05-06,[ 19:00 ],0,484
8341,2014-05-06,[ 19:01 ],0,444
8342,2014-05-06,[ 19:02 ],0,456
8343,2014-05-06,[ 19:03 ],0,416
8344,2014-05-06,[ 19:04 ],0,401
8345,2014-05-06,[ 19:05 ],0,425
8346,2014-05-06,[ 19:06 ],0,425
8347,2014-05-06,[ 19:07 ],0,426
8348,2014-05-06,[ 19:08 ],0,414
8349,2014-05-06,[ 19:09 ],0,422
8350,2014-05-06,[ 19:10 ],0,424
8351,2014-05-06,[ 19:11 ],0,424
8352,2014-05-06,[ 19:12 ],0,422
8353,2014-05-06,[ 19:13 ],0,418
8354,2014-05-06,[ 19:14 ],0,416
8355,2014-05-06,[ 19:15 ],0,426
8356,2014-05-06,[ 19:16 ],0,405
8357,2014-05-06,[ 19:17 ],0,393
8358,2014-05-06,[ 19:18 ],0,463
8359,2014-05-06,[ 19:19 ],0,457
8360,2014-05-06,[ 19:20 ],0,407
8361,2014-05-06,[ 19:21 ],0,481
8362,2014-05-06,[ 19:22 ],0,478
8363,2014-05-06,[ 19:23 ],0,490
8364,2014-05-06,[ 19:24 ],0,483
8365,2014-05-06,[ 19:25 ],0,475
8366,2014-05-06,[ 19:26 ],0,476
8367,2014-05-06,[ 19:27 ],0,479
8368,2014-05-06,[ 19:28 ],0,485
8369,2014-05-06,[ 19:29 ],0,485
8370,2014-05-06,[ 19:30 ],0,484
8371,2014-05-06,[ 19:31 ],0,486
8372,2014-05-06,[ 19:32 ],0,481
8373,2014-05-06,[ 19:33 ],0,416
8374,2014-05-06,[ 19:34 ],0,422
8375,2014-05-06,[ 19:35 ],0,416
8376,2014-05-06,[ 19:36 ],0,407
8377,2014-05-06,[ 19:37 ],0,412
8378,2014-05-06,[ 19:38 ],0,409
8379,2014-05-06,[ 19:39 ],0,415
8380,2014-05-06,[ 19:40 ],0,399
8381,2014-05-06,[ 19:41 ],0,405
8382,2014-05-06,[ 19:42 ],0,402
8383,2014-05-06,[ 19:43 ],0,402
8384,2014-05-06,[ 19:44 ],0,394
8385,2014-05-06,[ 19:45 ],0,379
8386,2014-05-06,[ 19:46 ],0,451
8387,2014-05-06,[ 19:47 ],0,511
8388,2014-05-06,[ 19:48 ],0,519
8389,2014-05-06,[ 19:49 ],0,468
8390,2014-05-06,[ 19:50 ],0,475
8391,2014-05-06,[ 19:51 ],0,456
8392,2014-05-06,[ 19:52 ],0,460
8393,2014-05-06,[ 19:53 ],0,470
8394,2014-05-06,[ 19:54 ],0,480
8395,2014-05-06,[ 19:55 ],0,491
8396,2014-05-06,[ 19:56 ],0,483
8397,2014-05-06,[ 19:57 ],0,473
8398,2014-05-06,[ 19:58 ],0,472
8399,2014-05-06,[ 19:59 ],0,471
8400,2014-05-06,[ 20:00 ],0,470
8401,2014-05-06,[ 20:01 ],0,463
8402,2014-05-06,[ 20:02 ],0,473
8403,2014-05-06,[ 20:03 ],0,500
8404,2014-05-06,[ 20:04 ],0,473
8405,2014-05-06,[ 20:05 ],0,475
8406,2014-05-06,[ 20:06 ],0,479
8407,2014-05-06,[ 20:07 ],0,491
8408,2014-05-06,[ 20:08 ],0,479
8409,2014-05-06,[ 20:09 ],0,470
8410,2014-05-06,[ 20:10 ],0,479
8411,2014-05-06,[ 20:11 ],0,479
8412,2014-05-06,[ 20:12 ],0,486
8413,2014-05-06,[ 20:13 ],0,483
8414,2014-05-06,[ 20:14 ],0,482
8415,2014-05-06,[ 20:15 ],0,479
8416,2014-05-06,[ 20:16 ],0,472
8417,2014-05-06,[ 20:17 ],0,469
8418,2014-05-06,[ 20:18 ],0,475
8419,2014-05-06,[ 20:19 ],0,478
8420,2014-05-06,[ 20:20 ],0,491
8421,2014-05-06,[ 20:21 ],0,492
8422,2014-05-06,[ 20:22 ],0,478
8423,2014-05-06,[ 20:23 ],0,479
8424,2014-05-06,[ 20:24 ],0,484
8425,2014-05-06,[ 20:25 ],0,475
8426,2014-05-06,[ 20:26 ],0,436
8427,2014-05-06,[ 20:27 ],0,363
8428,2014-05-06,[ 20:28 ],0,359
8429,2014-05-06,[ 20:29 ],0,363
8430,2014-05-06,[ 20:30 ],0,363
8431,2014-05-06,[ 20:31 ],0,358
8432,2014-05-06,[ 20:32 ],0,359
8433,2014-05-06,[ 20:33 ],0,267
8434,2014-05-06,[ 20:34 ],0,267
8435,2014-05-06,[ 20:35 ],0,404
8436,2014-05-06,[ 20:36 ],0,404
8437,2014-05-06,[ 20:37 ],0,269
8438,2014-05-06,[ 20:38 ],0,253
8439,2014-05-06,[ 20:39 ],0,247
8440,2014-05-06,[ 20:40 ],0,234
8441,2014-05-06,[ 20:41 ],0,269
8442,2014-05-06,[ 20:42 ],0,241
8443,2014-05-06,[ 20:43 ],0,204
8444,2014-05-06,[ 20:44 ],0,203
8445,2014-05-06,[ 20:45 ],0,203
8446,2014-05-06,[ 20:46 ],0,202
8447,2014-05-06,[ 20:47 ],0,202
8448,2014-05-06,[ 20:48 ],0,169
8449,2014-05-06,[ 20:49 ],0,170
8450,2014-05-06,[ 20:50 ],0,173
8451,2014-05-06,[ 20:51 ],0,173
8452,2014-05-06,[ 20:52 ],0,178
8453,2014-05-06,[ 20:53 ],0,179
8454,2014-05-06,[ 20:54 ],0,181
8455,2014-05-06,[ 20:55 ],0,181
8456,2014-05-06,[ 20:56 ],0,178
8457,2014-05-06,[ 20:57 ],0,180
8458,2014-05-06,[ 20:58 ],0,214
8459,2014-05-06,[ 20:59 ],0,179
8460,2014-05-06,[ 21:00 ],0,180
8461,2014-05-06,[ 21:01 ],0,218
8462,2014-05-06,[ 21:02 ],0,222
8463,2014-05-06,[ 21:03 ],0,221
8464,2014-05-06,[ 21:04 ],0,218
8465,2014-05-06,[ 21:05 ],0,222
8466,2014-05-06,[ 21:06 ],0,221
8467,2014-05-06,[ 21:07 ],0,222
8468,2014-05-06,[ 21:08 ],0,222
8469,2014-05-06,[ 21:09 ],0,219
8470,2014-05-06,[ 21:10 ],0,217
8471,2014-05-06,[ 21:11 ],0,221
8472,2014-05-06,[ 21:12 ],0,970
8473,2014-05-06,[ 21:13 ],0,970
8474,2014-05-06,[ 21:14 ],0,273
8475,2014-05-06,[ 21:15 ],0,274
8476,2014-05-06,[ 21:16 ],0,276
8477,2014-05-06,[ 21:17 ],0,275
8478,2014-05-06,[ 21:18 ],0,275
8479,2014-05-06,[ 21:19 ],0,273
8480,2014-05-06,[ 21:20 ],0,275
8481,2014-05-06,[ 21:21 ],0,273
8482,2014-05-06,[ 21:22 ],0,273
8483,2014-05-06,[ 21:23 ],0,273
8484,2014-05-06,[ 21:24 ],0,213
8485,2014-05-06,[ 21:25 ],0,213
8486,2014-05-06,[ 21:26 ],0,212
8487,2014-05-06,[ 21:27 ],0,207
8488,2014-05-06,[ 21:28 ],0,213
8489,2014-05-06,[ 21:29 ],0,212
8490,2014-05-06,[ 21:30 ],0,212
8491,2014-05-06,[ 21:31 ],0,212
8492,2014-05-06,[ 21:32 ],0,171
8493,2014-05-06,[ 21:33 ],0,173
8494,2014-05-06,[ 21:34 ],0,171
8495,2014-05-06,[ 21:35 ],0,171
8496,2014-05-06,[ 21:36 ],0,172
8497,2014-05-06,[ 21:37 ],0,171
8498,2014-05-06,[ 21:38 ],0,174
8499,2014-05-06,[ 21:39 ],0,171
8500,2014-05-06,[ 21:40 ],0,172
8501,2014-05-06,[ 21:41 ],0,171
8502,2014-05-06,[ 21:42 ],0,172
8503,2014-05-06,[ 21:43 ],0,232
8504,2014-05-06,[ 21:44 ],0,236
8505,2014-05-06,[ 21:45 ],0,229
8506,2014-05-06,[ 21:46 ],0,228
8507,2014-05-06,[ 21:47 ],0,229
8508,2014-05-06,[ 21:48 ],0,238
8509,2014-05-06,[ 21:49 ],0,238
8510,2014-05-06,[ 21:50 ],0,238
8511,2014-05-06,[ 21:51 ],0,237
8512,2014-05-06,[ 21:52 ],0,232
8513,2014-05-06,[ 21:53 ],0,232
8514,2014-05-06,[ 21:54 ],0,232
8515,2014-05-06,[ 21:55 ],0,234
8516,2014-05-06,[ 21:56 ],0,231
8517,2014-05-06,[ 21:57 ],0,234
8518,2014-05-06,[ 21:58 ],0,229
8519,2014-05-06,[ 21:59 ],0,235
8520,2014-05-06,[ 22:00 ],0,232
8521,2014-05-06,[ 22:01 ],0,234
8522,2014-05-06,[ 22:02 ],0,229
8523,2014-05-06,[ 22:03 ],0,235
8524,2014-05-06,[ 22:04 ],0,234
8525,2014-05-06,[ 22:05 ],0,234
8526,2014-05-06,[ 22:06 ],0,229
8527,2014-05-06,[ 22:07 ],0,231
8528,2014-05-06,[ 22:08 ],0,229
8529,2014-05-06,[ 22:09 ],0,227
8530,2014-05-06,[ 22:10 ],0,231
8531,2014-05-06,[ 22:11 ],0,229
8532,2014-05-06,[ 22:12 ],0,227
8533,2014-05-06,[ 22:13 ],0,227
8534,2014-05-06,[ 22:14 ],0,226
8535,2014-05-06,[ 22:15 ],0,228
8536,2014-05-06,[ 22:16 ],0,229
8537,2014-05-06,[ 22:17 ],0,228
8538,2014-05-06,[ 22:18 ],0,228
8539,2014-05-06,[ 22:19 ],0,232
8540,2014-05-06,[ 22:20 ],0,229
8541,2014-05-06,[ 22:21 ],0,228
8542,2014-05-06,[ 22:22 ],0,228
8543,2014-05-06,[ 22:23 ],0,227
8544,2014-05-06,[ 22:24 ],0,225
8545,2014-05-06,[ 22:25 ],0,226
8546,2014-05-06,[ 22:26 ],0,226
8547,2014-05-06,[ 22:27 ],0,168
8548,2014-05-06,[ 22:28 ],0,168
8549,2014-05-06,[ 22:29 ],0,167
8550,2014-05-06,[ 22:30 ],0,167
8551,2014-05-06,[ 22:31 ],0,168
8552,2014-05-06,[ 22:32 ],0,167
8553,2014-05-06,[ 22:33 ],0,163
8554,2014-05-06,[ 22:34 ],0,163
8555,2014-05-06,[ 22:35 ],0,167
8556,2014-05-06,[ 22:36 ],0,166
8557,2014-05-06,[ 22:37 ],0,166
8558,2014-05-06,[ 22:38 ],0,166
8559,2014-05-06,[ 22:39 ],0,165
8560,2014-05-06,[ 22:40 ],0,167
8561,2014-05-06,[ 22:41 ],0,163
8562,2014-05-06,[ 22:42 ],0,166
8563,2014-05-06,[ 22:43 ],0,162
8564,2014-05-06,[ 22:44 ],0,165
8565,2014-05-06,[ 22:45 ],0,165
8566,2014-05-06,[ 22:46 ],0,163
8567,2014-05-06,[ 22:47 ],0,162
8568,2014-05-06,[ 22:48 ],0,165
8569,2014-05-06,[ 22:49 ],0,167
8570,2014-05-06,[ 22:50 ],0,165
8571,2014-05-06,[ 22:51 ],0,166
8572,2014-05-06,[ 22:52 ],0,163
8573,2014-05-06,[ 22:53 ],0,163
8574,2014-05-06,[ 22:54 ],0,163
8575,2014-05-06,[ 22:55 ],0,163
8576,2014-05-06,[ 22:56 ],0,166
8577,2014-05-06,[ 22:57 ],0,165
8578,2014-05-06,[ 22:58 ],0,162
8579,2014-05-06,[ 22:59 ],0,163
8580,2014-05-06,[ 23:00 ],0,165
8581,2014-05-06,[ 23:01 ],0,166
8582,2014-05-06,[ 23:02 ],0,163
8583,2014-05-06,[ 23:03 ],0,234
8584,2014-05-06,[ 23:04 ],0,226
8585,2014-05-06,[ 23:05 ],0,224
8586,2014-05-06,[ 23:06 ],0,223
8587,2014-05-06,[ 23:07 ],0,222
8588,2014-05-06,[ 23:08 ],0,216
8589,2014-05-06,[ 23:09 ],0,218
8590,2014-05-06,[ 23:10 ],0,218
8591,2014-05-06,[ 23:11 ],0,216
8592,2014-05-06,[ 23:12 ],0,216
8593,2014-05-06,[ 23:13 ],0,215
8594,2014-05-06,[ 23:14 ],0,211
8595,2014-05-06,[ 23:15 ],0,162
8596,2014-05-06,[ 23:16 ],0,160
8597,2014-05-06,[ 23:17 ],0,161
8598,2014-05-06,[ 23:18 ],0,161
8599,2014-05-06,[ 23:19 ],0,161
8600,2014-05-06,[ 23:20 ],0,160
8601,2014-05-06,[ 23:21 ],0,161
8602,2014-05-06,[ 23:22 ],0,161
8603,2014-05-06,[ 23:23 ],0,163
8604,2014-05-06,[ 23:24 ],0,162
8605,2014-05-06,[ 23:25 ],0,162
8606,2014-05-06,[ 23:26 ],0,163
8607,2014-05-06,[ 23:27 ],0,160
8608,2014-05-06,[ 23:28 ],0,160
8609,2014-05-06,[ 23:29 ],0,161
8610,2014-05-06,[ 23:30 ],0,163
8611,2014-05-06,[ 23:31 ],0,162
8612,2014-05-06,[ 23:32 ],0,162
8613,2014-05-06,[ 23:33 ],0,161
8614,2014-05-06,[ 23:34 ],0,162
8615,2014-05-06,[ 23:35 ],0,162
8616,2014-05-06,[ 23:36 ],0,162
8617,2014-05-06,[ 23:37 ],0,162
8618,2014-05-06,[ 23:38 ],0,160
8619,2014-05-06,[ 23:39 ],0,161
8620,2014-05-06,[ 23:40 ],0,160
8621,2014-05-06,[ 23:41 ],0,162
8622,2014-05-06,[ 23:42 ],0,162
8623,2014-05-06,[ 23:43 ],0,163
8624,2014-05-06,[ 23:44 ],0,163
8625,2014-05-06,[ 23:45 ],0,163
8626,2014-05-06,[ 23:46 ],0,162
8627,2014-05-06,[ 23:47 ],0,227
8628,2014-05-06,[ 23:48 ],0,228
8629,2014-05-06,[ 23:49 ],0,218
8630,2014-05-06,[ 23:50 ],0,225
8631,2014-05-06,[ 23:51 ],0,223
8632,2014-05-06,[ 23:52 ],0,224
8633,2014-05-06,[ 23:53 ],0,226
8634,2014-05-06,[ 23:54 ],0,224
8635,2014-05-06,[ 23:55 ],0,223
8636,2014-05-06,[ 23:56 ],0,225
8637,2014-05-06,[ 23:57 ],0,221
8638,2014-05-06,[ 23:58 ],0,222
8639,2014-05-06,[ 23:59 ],0,223
8640,2014-05-07,[ 00:00 ],0,223
8641,2014-05-07,[ 00:01 ],0,224
8642,2014-05-07,[ 00:02 ],0,226
8643,2014-05-07,[ 00:03 ],0,225
8644,2014-05-07,[ 00:04 ],0,226
8645,2014-05-07,[ 00:05 ],0,222
8646,2014-05-07,[ 00:06 ],0,223
8647,2014-05-07,[ 00:07 ],0,225
8648,2014-05-07,[ 00:08 ],0,223
8649,2014-05-07,[ 00:09 ],0,221
8650,2014-05-07,[ 00:10 ],0,224
8651,2014-05-07,[ 00:11 ],0,221
8652,2014-05-07,[ 00:12 ],0,221
8653,2014-05-07,[ 00:13 ],0,226
8654,2014-05-07,[ 00:14 ],0,221
8655,2014-05-07,[ 00:15 ],0,221
8656,2014-05-07,[ 00:16 ],0,221
8657,2014-05-07,[ 00:17 ],0,221
8658,2014-05-07,[ 00:18 ],0,223
8659,2014-05-07,[ 00:19 ],0,222
8660,2014-05-07,[ 00:20 ],0,222
8661,2014-05-07,[ 00:21 ],0,219
8662,2014-05-07,[ 00:22 ],0,221
8663,2014-05-07,[ 00:23 ],0,222
8664,2014-05-07,[ 00:24 ],0,221
8665,2014-05-07,[ 00:25 ],0,219
8666,2014-05-07,[ 00:26 ],0,163
8667,2014-05-07,[ 00:27 ],0,163
8668,2014-05-07,[ 00:28 ],0,162
8669,2014-05-07,[ 00:29 ],0,161
8670,2014-05-07,[ 00:30 ],0,162
8671,2014-05-07,[ 00:31 ],0,162
8672,2014-05-07,[ 00:32 ],0,162
8673,2014-05-07,[ 00:33 ],0,163
8674,2014-05-07,[ 00:34 ],0,162
8675,2014-05-07,[ 00:35 ],0,162
8676,2014-05-07,[ 00:36 ],0,162
8677,2014-05-07,[ 00:37 ],0,162
8678,2014-05-07,[ 00:38 ],0,161
8679,2014-05-07,[ 00:39 ],0,161
8680,2014-05-07,[ 00:40 ],0,162
8681,2014-05-07,[ 00:41 ],0,161
8682,2014-05-07,[ 00:42 ],0,161
8683,2014-05-07,[ 00:43 ],0,161
8684,2014-05-07,[ 00:44 ],0,162
8685,2014-05-07,[ 00:45 ],0,163
8686,2014-05-07,[ 00:46 ],0,160
8687,2014-05-07,[ 00:47 ],0,160
8688,2014-05-07,[ 00:48 ],0,160
8689,2014-05-07,[ 00:49 ],0,161
8690,2014-05-07,[ 00:50 ],0,161
8691,2014-05-07,[ 00:51 ],0,161
8692,2014-05-07,[ 00:52 ],0,161
8693,2014-05-07,[ 00:53 ],0,162
8694,2014-05-07,[ 00:54 ],0,162
8695,2014-05-07,[ 00:55 ],0,163
8696,2014-05-07,[ 00:56 ],0,163
8697,2014-05-07,[ 00:57 ],0,231
8698,2014-05-07,[ 00:58 ],0,227
8699,2014-05-07,[ 00:59 ],0,219
8700,2014-05-07,[ 01:00 ],0,222
8701,2014-05-07,[ 01:01 ],0,219
8702,2014-05-07,[ 01:02 ],0,221
8703,2014-05-07,[ 01:03 ],0,219
8704,2014-05-07,[ 01:04 ],0,216
8705,2014-05-07,[ 01:05 ],0,234
8706,2014-05-07,[ 01:06 ],0,236
8707,2014-05-07,[ 01:07 ],0,216
8708,2014-05-07,[ 01:08 ],0,214
8709,2014-05-07,[ 01:09 ],0,163
8710,2014-05-07,[ 01:10 ],0,162
8711,2014-05-07,[ 01:11 ],0,170
8712,2014-05-07,[ 01:12 ],0,169
8713,2014-05-07,[ 01:13 ],0,169
8714,2014-05-07,[ 01:14 ],0,171
8715,2014-05-07,[ 01:15 ],0,170
8716,2014-05-07,[ 01:16 ],0,169
8717,2014-05-07,[ 01:17 ],0,169
8718,2014-05-07,[ 01:18 ],0,169
8719,2014-05-07,[ 01:19 ],0,169
8720,2014-05-07,[ 01:20 ],0,201
8721,2014-05-07,[ 01:21 ],0,201
8722,2014-05-07,[ 01:22 ],0,201
8723,2014-05-07,[ 01:23 ],0,201
8724,2014-05-07,[ 01:24 ],0,201
8725,2014-05-07,[ 01:25 ],0,201
8726,2014-05-07,[ 01:26 ],0,200
8727,2014-05-07,[ 01:27 ],0,199
8728,2014-05-07,[ 01:28 ],0,201
8729,2014-05-07,[ 01:29 ],0,200
8730,2014-05-07,[ 01:30 ],0,200
8731,2014-05-07,[ 01:31 ],0,202
8732,2014-05-07,[ 01:32 ],0,201
8733,2014-05-07,[ 01:33 ],0,215
8734,2014-05-07,[ 01:34 ],0,213
8735,2014-05-07,[ 01:35 ],0,200
8736,2014-05-07,[ 01:36 ],0,202
8737,2014-05-07,[ 01:37 ],0,168
8738,2014-05-07,[ 01:38 ],0,167
8739,2014-05-07,[ 01:39 ],0,166
8740,2014-05-07,[ 01:40 ],0,161
8741,2014-05-07,[ 01:41 ],0,160
8742,2014-05-07,[ 01:42 ],0,159
8743,2014-05-07,[ 01:43 ],0,161
8744,2014-05-07,[ 01:44 ],0,163
8745,2014-05-07,[ 01:45 ],0,160
8746,2014-05-07,[ 01:46 ],0,161
8747,2014-05-07,[ 01:47 ],0,161
8748,2014-05-07,[ 01:48 ],0,161
8749,2014-05-07,[ 01:49 ],0,162
8750,2014-05-07,[ 01:50 ],0,160
8751,2014-05-07,[ 01:51 ],0,160
8752,2014-05-07,[ 01:52 ],0,160
8753,2014-05-07,[ 01:53 ],0,160
8754,2014-05-07,[ 01:54 ],0,161
8755,2014-05-07,[ 01:55 ],0,161
8756,2014-05-07,[ 01:56 ],0,228
8757,2014-05-07,[ 01:57 ],0,221
8758,2014-05-07,[ 01:58 ],0,218
8759,2014-05-07,[ 01:59 ],0,219
8760,2014-05-07,[ 02:00 ],0,223
8761,2014-05-07,[ 02:01 ],0,222
8762,2014-05-07,[ 02:02 ],0,222
8763,2014-05-07,[ 02:03 ],0,223
8764,2014-05-07,[ 02:04 ],0,221
8765,2014-05-07,[ 02:05 ],0,218
8766,2014-05-07,[ 02:06 ],0,217
8767,2014-05-07,[ 02:07 ],0,219
8768,2014-05-07,[ 02:08 ],0,217
8769,2014-05-07,[ 02:09 ],0,216
8770,2014-05-07,[ 02:10 ],0,219
8771,2014-05-07,[ 02:11 ],0,218
8772,2014-05-07,[ 02:12 ],0,217
8773,2014-05-07,[ 02:13 ],0,221
8774,2014-05-07,[ 02:14 ],0,218
8775,2014-05-07,[ 02:15 ],0,219
8776,2014-05-07,[ 02:16 ],0,221
8777,2014-05-07,[ 02:17 ],0,221
8778,2014-05-07,[ 02:18 ],0,219
8779,2014-05-07,[ 02:19 ],0,221
8780,2014-05-07,[ 02:20 ],0,221
8781,2014-05-07,[ 02:21 ],0,219
8782,2014-05-07,[ 02:22 ],0,222
8783,2014-05-07,[ 02:23 ],0,221
8784,2014-05-07,[ 02:24 ],0,223
8785,2014-05-07,[ 02:25 ],0,221
8786,2014-05-07,[ 02:26 ],0,221
8787,2014-05-07,[ 02:27 ],0,222
8788,2014-05-07,[ 02:28 ],0,221
8789,2014-05-07,[ 02:29 ],0,219
8790,2014-05-07,[ 02:30 ],0,222
8791,2014-05-07,[ 02:31 ],0,218
8792,2014-05-07,[ 02:32 ],0,221
8793,2014-05-07,[ 02:33 ],0,223
8794,2014-05-07,[ 02:34 ],0,223
8795,2014-05-07,[ 02:35 ],0,219
8796,2014-05-07,[ 02:36 ],0,215
8797,2014-05-07,[ 02:37 ],0,161
8798,2014-05-07,[ 02:38 ],0,161
8799,2014-05-07,[ 02:39 ],0,161
8800,2014-05-07,[ 02:40 ],0,162
8801,2014-05-07,[ 02:41 ],0,162
8802,2014-05-07,[ 02:42 ],0,160
8803,2014-05-07,[ 02:43 ],0,161
8804,2014-05-07,[ 02:44 ],0,161
8805,2014-05-07,[ 02:45 ],0,161
8806,2014-05-07,[ 02:46 ],0,160
8807,2014-05-07,[ 02:47 ],0,161
8808,2014-05-07,[ 02:48 ],0,160
8809,2014-05-07,[ 02:49 ],0,160
8810,2014-05-07,[ 02:50 ],0,159
8811,2014-05-07,[ 02:51 ],0,161
8812,2014-05-07,[ 02:52 ],0,160
8813,2014-05-07,[ 02:53 ],0,159
8814,2014-05-07,[ 02:54 ],0,158
8815,2014-05-07,[ 02:55 ],0,161
8816,2014-05-07,[ 02:56 ],0,159
8817,2014-05-07,[ 02:57 ],0,159
8818,2014-05-07,[ 02:58 ],0,159
8819,2014-05-07,[ 02:59 ],0,160
8820,2014-05-07,[ 03:00 ],0,162
8821,2014-05-07,[ 03:01 ],0,163
8822,2014-05-07,[ 03:02 ],0,162
8823,2014-05-07,[ 03:03 ],0,163
8824,2014-05-07,[ 03:04 ],0,162
8825,2014-05-07,[ 03:05 ],0,163
8826,2014-05-07,[ 03:06 ],0,163
8827,2014-05-07,[ 03:07 ],0,161
8828,2014-05-07,[ 03:08 ],0,161
8829,2014-05-07,[ 03:09 ],0,161
8830,2014-05-07,[ 03:10 ],0,159
8831,2014-05-07,[ 03:11 ],0,158
8832,2014-05-07,[ 03:12 ],0,158
8833,2014-05-07,[ 03:13 ],0,161
8834,2014-05-07,[ 03:14 ],0,159
8835,2014-05-07,[ 03:15 ],0,239
8836,2014-05-07,[ 03:16 ],0,239
8837,2014-05-07,[ 03:17 ],0,217
8838,2014-05-07,[ 03:18 ],0,218
8839,2014-05-07,[ 03:19 ],0,218
8840,2014-05-07,[ 03:20 ],0,218
8841,2014-05-07,[ 03:21 ],0,216
8842,2014-05-07,[ 03:22 ],0,215
8843,2014-05-07,[ 03:23 ],0,214
8844,2014-05-07,[ 03:24 ],0,216
8845,2014-05-07,[ 03:25 ],0,214
8846,2014-05-07,[ 03:26 ],0,213
8847,2014-05-07,[ 03:27 ],0,161
8848,2014-05-07,[ 03:28 ],0,159
8849,2014-05-07,[ 03:29 ],0,159
8850,2014-05-07,[ 03:30 ],0,159
8851,2014-05-07,[ 03:31 ],0,159
8852,2014-05-07,[ 03:32 ],0,159
8853,2014-05-07,[ 03:33 ],0,158
8854,2014-05-07,[ 03:34 ],0,157
8855,2014-05-07,[ 03:35 ],0,157
8856,2014-05-07,[ 03:36 ],0,158
8857,2014-05-07,[ 03:37 ],0,159
8858,2014-05-07,[ 03:38 ],0,159
8859,2014-05-07,[ 03:39 ],0,157
8860,2014-05-07,[ 03:40 ],0,159
8861,2014-05-07,[ 03:41 ],0,159
8862,2014-05-07,[ 03:42 ],0,160
8863,2014-05-07,[ 03:43 ],0,158
8864,2014-05-07,[ 03:44 ],0,158
8865,2014-05-07,[ 03:45 ],0,160
8866,2014-05-07,[ 03:46 ],0,160
8867,2014-05-07,[ 03:47 ],0,158
8868,2014-05-07,[ 03:48 ],0,161
8869,2014-05-07,[ 03:49 ],0,160
8870,2014-05-07,[ 03:50 ],0,161
8871,2014-05-07,[ 03:51 ],0,160
8872,2014-05-07,[ 03:52 ],0,160
8873,2014-05-07,[ 03:53 ],0,161
8874,2014-05-07,[ 03:54 ],0,160
8875,2014-05-07,[ 03:55 ],0,160
8876,2014-05-07,[ 03:56 ],0,159
8877,2014-05-07,[ 03:57 ],0,158
8878,2014-05-07,[ 03:58 ],0,159
8879,2014-05-07,[ 03:59 ],0,160
8880,2014-05-07,[ 04:00 ],0,162
8881,2014-05-07,[ 04:01 ],0,161
8882,2014-05-07,[ 04:02 ],0,161
8883,2014-05-07,[ 04:03 ],0,161
8884,2014-05-07,[ 04:04 ],0,161
8885,2014-05-07,[ 04:05 ],0,165
8886,2014-05-07,[ 04:06 ],0,158
8887,2014-05-07,[ 04:07 ],0,158
8888,2014-05-07,[ 04:08 ],0,159
8889,2014-05-07,[ 04:09 ],0,162
8890,2014-05-07,[ 04:10 ],0,237
8891,2014-05-07,[ 04:11 ],0,224
8892,2014-05-07,[ 04:12 ],0,214
8893,2014-05-07,[ 04:13 ],0,215
8894,2014-05-07,[ 04:14 ],0,219
8895,2014-05-07,[ 04:15 ],0,221
8896,2014-05-07,[ 04:16 ],0,221
8897,2014-05-07,[ 04:17 ],0,221
8898,2014-05-07,[ 04:18 ],0,219
8899,2014-05-07,[ 04:19 ],0,218
8900,2014-05-07,[ 04:20 ],0,216
8901,2014-05-07,[ 04:21 ],0,217
8902,2014-05-07,[ 04:22 ],0,218
8903,2014-05-07,[ 04:23 ],0,215
8904,2014-05-07,[ 04:24 ],0,213
8905,2014-05-07,[ 04:25 ],0,216
8906,2014-05-07,[ 04:26 ],0,215
8907,2014-05-07,[ 04:27 ],0,213
8908,2014-05-07,[ 04:28 ],0,214
8909,2014-05-07,[ 04:29 ],0,211
8910,2014-05-07,[ 04:30 ],0,213
8911,2014-05-07,[ 04:31 ],0,213
8912,2014-05-07,[ 04:32 ],0,213
8913,2014-05-07,[ 04:33 ],0,216
8914,2014-05-07,[ 04:34 ],0,212
8915,2014-05-07,[ 04:35 ],0,214
8916,2014-05-07,[ 04:36 ],0,216
8917,2014-05-07,[ 04:37 ],0,216
8918,2014-05-07,[ 04:38 ],0,214
8919,2014-05-07,[ 04:39 ],0,216
8920,2014-05-07,[ 04:40 ],0,215
8921,2014-05-07,[ 04:41 ],0,215
8922,2014-05-07,[ 04:42 ],0,214
8923,2014-05-07,[ 04:43 ],0,213
8924,2014-05-07,[ 04:44 ],0,215
8925,2014-05-07,[ 04:45 ],0,216
8926,2014-05-07,[ 04:46 ],0,217
8927,2014-05-07,[ 04:47 ],0,239
8928,2014-05-07,[ 04:48 ],0,2728
8929,2014-05-07,[ 04:49 ],0,2717
8930,2014-05-07,[ 04:50 ],0,2641
8931,2014-05-07,[ 04:51 ],0,269
8932,2014-05-07,[ 04:52 ],0,208
8933,2014-05-07,[ 04:53 ],0,234
8934,2014-05-07,[ 04:54 ],0,217
8935,2014-05-07,[ 04:55 ],0,238
8936,2014-05-07,[ 04:56 ],0,241
8937,2014-05-07,[ 04:57 ],0,1931
8938,2014-05-07,[ 04:58 ],0,1964
8939,2014-05-07,[ 04:59 ],0,1932
8940,2014-05-07,[ 05:00 ],0,1927
8941,2014-05-07,[ 05:01 ],0,1854
8942,2014-05-07,[ 05:02 ],0,238
8943,2014-05-07,[ 05:03 ],0,1861
8944,2014-05-07,[ 05:04 ],0,1845
8945,2014-05-07,[ 05:05 ],0,241
8946,2014-05-07,[ 05:06 ],0,234
8947,2014-05-07,[ 05:07 ],0,236
8948,2014-05-07,[ 05:08 ],0,245
8949,2014-05-07,[ 05:09 ],0,251
8950,2014-05-07,[ 05:10 ],0,251
8951,2014-05-07,[ 05:11 ],0,241
8952,2014-05-07,[ 05:12 ],0,237
8953,2014-05-07,[ 05:13 ],0,241
8954,2014-05-07,[ 05:14 ],0,237
8955,2014-05-07,[ 05:15 ],0,235
8956,2014-05-07,[ 05:16 ],0,157
8957,2014-05-07,[ 05:17 ],0,157
8958,2014-05-07,[ 05:18 ],0,157
8959,2014-05-07,[ 05:19 ],0,162
8960,2014-05-07,[ 05:20 ],0,163
8961,2014-05-07,[ 05:21 ],0,157
8962,2014-05-07,[ 05:22 ],0,156
8963,2014-05-07,[ 05:23 ],0,156
8964,2014-05-07,[ 05:24 ],0,157
8965,2014-05-07,[ 05:25 ],0,157
8966,2014-05-07,[ 05:26 ],0,157
8967,2014-05-07,[ 05:27 ],0,157
8968,2014-05-07,[ 05:28 ],0,157
8969,2014-05-07,[ 05:29 ],0,158
8970,2014-05-07,[ 05:30 ],0,158
8971,2014-05-07,[ 05:31 ],0,155
8972,2014-05-07,[ 05:32 ],0,156
8973,2014-05-07,[ 05:33 ],0,156
8974,2014-05-07,[ 05:34 ],0,157
8975,2014-05-07,[ 05:35 ],0,217
8976,2014-05-07,[ 05:36 ],0,215
8977,2014-05-07,[ 05:37 ],0,210
8978,2014-05-07,[ 05:38 ],0,212
8979,2014-05-07,[ 05:39 ],0,211
8980,2014-05-07,[ 05:40 ],0,211
8981,2014-05-07,[ 05:41 ],0,208
8982,2014-05-07,[ 05:42 ],0,208
8983,2014-05-07,[ 05:43 ],0,207
8984,2014-05-07,[ 05:44 ],0,206
8985,2014-05-07,[ 05:45 ],0,204
8986,2014-05-07,[ 05:46 ],0,205
8987,2014-05-07,[ 05:47 ],0,154
8988,2014-05-07,[ 05:48 ],0,154
8989,2014-05-07,[ 05:49 ],0,156
8990,2014-05-07,[ 05:50 ],0,156
8991,2014-05-07,[ 05:51 ],0,366
8992,2014-05-07,[ 05:52 ],0,365
8993,2014-05-07,[ 05:53 ],0,365
8994,2014-05-07,[ 05:54 ],0,371
8995,2014-05-07,[ 05:55 ],0,371
8996,2014-05-07,[ 05:56 ],0,371
8997,2014-05-07,[ 05:57 ],0,370
8998,2014-05-07,[ 05:58 ],0,370
8999,2014-05-07,[ 05:59 ],0,370
9000,2014-05-07,[ 06:00 ],0,375
9001,2014-05-07,[ 06:01 ],0,371
9002,2014-05-07,[ 06:02 ],0,371
9003,2014-05-07,[ 06:03 ],0,162
9004,2014-05-07,[ 06:04 ],0,165
9005,2014-05-07,[ 06:05 ],0,165
9006,2014-05-07,[ 06:06 ],0,161
9007,2014-05-07,[ 06:07 ],0,158
9008,2014-05-07,[ 06:08 ],0,160
9009,2014-05-07,[ 06:09 ],0,160
9010,2014-05-07,[ 06:10 ],0,158
9011,2014-05-07,[ 06:11 ],0,160
9012,2014-05-07,[ 06:12 ],0,159
9013,2014-05-07,[ 06:13 ],0,159
9014,2014-05-07,[ 06:14 ],0,159
9015,2014-05-07,[ 06:15 ],0,159
9016,2014-05-07,[ 06:16 ],0,272
9017,2014-05-07,[ 06:17 ],0,221
9018,2014-05-07,[ 06:18 ],0,211
9019,2014-05-07,[ 06:19 ],0,212
9020,2014-05-07,[ 06:20 ],0,211
9021,2014-05-07,[ 06:21 ],0,210
9022,2014-05-07,[ 06:22 ],0,210
9023,2014-05-07,[ 06:23 ],0,211
9024,2014-05-07,[ 06:24 ],0,210
9025,2014-05-07,[ 06:25 ],0,208
9026,2014-05-07,[ 06:26 ],0,210
9027,2014-05-07,[ 06:27 ],0,206
9028,2014-05-07,[ 06:28 ],0,210
9029,2014-05-07,[ 06:29 ],0,206
9030,2014-05-07,[ 06:30 ],0,207
9031,2014-05-07,[ 06:31 ],0,208
9032,2014-05-07,[ 06:32 ],0,210
9033,2014-05-07,[ 06:33 ],0,206
9034,2014-05-07,[ 06:34 ],0,208
9035,2014-05-07,[ 06:35 ],0,208
9036,2014-05-07,[ 06:36 ],0,207
9037,2014-05-07,[ 06:37 ],0,208
9038,2014-05-07,[ 06:38 ],0,208
9039,2014-05-07,[ 06:39 ],0,208
9040,2014-05-07,[ 06:40 ],0,208
9041,2014-05-07,[ 06:41 ],0,211
9042,2014-05-07,[ 06:42 ],0,210
9043,2014-05-07,[ 06:43 ],0,207
9044,2014-05-07,[ 06:44 ],0,210
9045,2014-05-07,[ 06:45 ],0,208
9046,2014-05-07,[ 06:46 ],0,207
9047,2014-05-07,[ 06:47 ],0,210
9048,2014-05-07,[ 06:48 ],0,207
9049,2014-05-07,[ 06:49 ],0,207
9050,2014-05-07,[ 06:50 ],0,210
9051,2014-05-07,[ 06:51 ],0,212
9052,2014-05-07,[ 06:52 ],0,215
9053,2014-05-07,[ 06:53 ],0,221
9054,2014-05-07,[ 06:54 ],0,218
9055,2014-05-07,[ 06:55 ],0,217
9056,2014-05-07,[ 06:56 ],0,212
9057,2014-05-07,[ 06:57 ],0,217
9058,2014-05-07,[ 06:58 ],0,214
9059,2014-05-07,[ 06:59 ],0,212
9060,2014-05-07,[ 07:00 ],0,287
9061,2014-05-07,[ 07:01 ],0,277
9062,2014-05-07,[ 07:02 ],0,276
9063,2014-05-07,[ 07:03 ],0,275
9064,2014-05-07,[ 07:04 ],0,294
9065,2014-05-07,[ 07:05 ],0,286
9066,2014-05-07,[ 07:06 ],0,264
9067,2014-05-07,[ 07:07 ],0,285
9068,2014-05-07,[ 07:08 ],0,269
9069,2014-05-07,[ 07:09 ],0,273
9070,2014-05-07,[ 07:10 ],0,277
9071,2014-05-07,[ 07:11 ],0,264
9072,2014-05-07,[ 07:12 ],0,283
9073,2014-05-07,[ 07:13 ],0,272
9074,2014-05-07,[ 07:14 ],0,259
9075,2014-05-07,[ 07:15 ],0,273
9076,2014-05-07,[ 07:16 ],0,273
9077,2014-05-07,[ 07:17 ],0,193
9078,2014-05-07,[ 07:18 ],0,187
9079,2014-05-07,[ 07:19 ],0,212
9080,2014-05-07,[ 07:20 ],0,202
9081,2014-05-07,[ 07:21 ],0,178
9082,2014-05-07,[ 07:22 ],0,180
9083,2014-05-07,[ 07:23 ],0,180
9084,2014-05-07,[ 07:24 ],0,155
9085,2014-05-07,[ 07:25 ],0,155
9086,2014-05-07,[ 07:26 ],0,155
9087,2014-05-07,[ 07:27 ],0,155
9088,2014-05-07,[ 07:28 ],0,156
9089,2014-05-07,[ 07:29 ],0,155
9090,2014-05-07,[ 07:30 ],0,156
9091,2014-05-07,[ 07:31 ],0,156
9092,2014-05-07,[ 07:32 ],0,155
9093,2014-05-07,[ 07:33 ],0,156
9094,2014-05-07,[ 07:34 ],0,155
9095,2014-05-07,[ 07:35 ],0,155
9096,2014-05-07,[ 07:36 ],0,155
9097,2014-05-07,[ 07:37 ],0,154
9098,2014-05-07,[ 07:38 ],0,156
9099,2014-05-07,[ 07:39 ],0,156
9100,2014-05-07,[ 07:40 ],0,155
9101,2014-05-07,[ 07:41 ],0,151
9102,2014-05-07,[ 07:42 ],0,152
9103,2014-05-07,[ 07:43 ],0,155
9104,2014-05-07,[ 07:44 ],0,153
9105,2014-05-07,[ 07:45 ],0,179
9106,2014-05-07,[ 07:46 ],0,178
9107,2014-05-07,[ 07:47 ],0,178
9108,2014-05-07,[ 07:48 ],0,2581
9109,2014-05-07,[ 07:49 ],0,2542
9110,2014-05-07,[ 07:50 ],0,2568
9111,2014-05-07,[ 07:51 ],0,157
9112,2014-05-07,[ 07:52 ],0,156
9113,2014-05-07,[ 07:53 ],0,165
9114,2014-05-07,[ 07:54 ],0,166
9115,2014-05-07,[ 07:55 ],0,1944
9116,2014-05-07,[ 07:56 ],0,1978
9117,2014-05-07,[ 07:57 ],0,1915
9118,2014-05-07,[ 07:58 ],0,157
9119,2014-05-07,[ 07:59 ],0,156
9120,2014-05-07,[ 08:00 ],0,182
9121,2014-05-07,[ 08:01 ],0,185
9122,2014-05-07,[ 08:02 ],0,192
9123,2014-05-07,[ 08:03 ],0,1850
9124,2014-05-07,[ 08:04 ],0,1947
9125,2014-05-07,[ 08:05 ],0,1947
9126,2014-05-07,[ 08:06 ],0,1957
9127,2014-05-07,[ 08:07 ],0,286
9128,2014-05-07,[ 08:08 ],0,274
9129,2014-05-07,[ 08:09 ],0,266
9130,2014-05-07,[ 08:10 ],0,276
9131,2014-05-07,[ 08:11 ],0,304
9132,2014-05-07,[ 08:12 ],0,355
9133,2014-05-07,[ 08:13 ],0,311
9134,2014-05-07,[ 08:14 ],0,271
9135,2014-05-07,[ 08:15 ],0,322
9136,2014-05-07,[ 08:16 ],0,322
9137,2014-05-07,[ 08:17 ],0,238
9138,2014-05-07,[ 08:18 ],0,235
9139,2014-05-07,[ 08:19 ],0,256
9140,2014-05-07,[ 08:20 ],0,228
9141,2014-05-07,[ 08:21 ],0,158
9142,2014-05-07,[ 08:22 ],0,156
9143,2014-05-07,[ 08:23 ],0,156
9144,2014-05-07,[ 08:24 ],0,158
9145,2014-05-07,[ 08:25 ],0,159
9146,2014-05-07,[ 08:26 ],0,214
9147,2014-05-07,[ 08:27 ],0,211
9148,2014-05-07,[ 08:28 ],0,208
9149,2014-05-07,[ 08:29 ],0,213
9150,2014-05-07,[ 08:30 ],0,213
9151,2014-05-07,[ 08:31 ],0,216
9152,2014-05-07,[ 08:32 ],0,217
9153,2014-05-07,[ 08:33 ],0,213
9154,2014-05-07,[ 08:34 ],0,215
9155,2014-05-07,[ 08:35 ],0,251
9156,2014-05-07,[ 08:36 ],0,257
9157,2014-05-07,[ 08:37 ],0,253
9158,2014-05-07,[ 08:38 ],0,211
9159,2014-05-07,[ 08:39 ],0,213
9160,2014-05-07,[ 08:40 ],0,210
9161,2014-05-07,[ 08:41 ],0,211
9162,2014-05-07,[ 08:42 ],0,208
9163,2014-05-07,[ 08:43 ],0,211
9164,2014-05-07,[ 08:44 ],0,211
9165,2014-05-07,[ 08:45 ],0,213
9166,2014-05-07,[ 08:46 ],0,214
9167,2014-05-07,[ 08:47 ],0,212
9168,2014-05-07,[ 08:48 ],0,211
9169,2014-05-07,[ 08:49 ],0,212
9170,2014-05-07,[ 08:50 ],0,212
9171,2014-05-07,[ 08:51 ],0,248
9172,2014-05-07,[ 08:52 ],0,249
9173,2014-05-07,[ 08:53 ],0,249
9174,2014-05-07,[ 08:54 ],0,212
9175,2014-05-07,[ 08:55 ],0,212
9176,2014-05-07,[ 08:56 ],0,212
9177,2014-05-07,[ 08:57 ],0,210
9178,2014-05-07,[ 08:58 ],0,212
9179,2014-05-07,[ 08:59 ],0,213
9180,2014-05-07,[ 09:00 ],0,216
9181,2014-05-07,[ 09:01 ],0,216
9182,2014-05-07,[ 09:02 ],0,215
9183,2014-05-07,[ 09:03 ],0,214
9184,2014-05-07,[ 09:04 ],0,210
9185,2014-05-07,[ 09:05 ],0,157
9186,2014-05-07,[ 09:06 ],0,178
9187,2014-05-07,[ 09:07 ],0,181
9188,2014-05-07,[ 09:08 ],0,184
9189,2014-05-07,[ 09:09 ],0,156
9190,2014-05-07,[ 09:10 ],0,156
9191,2014-05-07,[ 09:11 ],0,157
9192,2014-05-07,[ 09:12 ],0,156
9193,2014-05-07,[ 09:13 ],0,158
9194,2014-05-07,[ 09:14 ],0,156
9195,2014-05-07,[ 09:15 ],0,161
9196,2014-05-07,[ 09:16 ],0,160
9197,2014-05-07,[ 09:17 ],0,182
9198,2014-05-07,[ 09:18 ],0,182
9199,2014-05-07,[ 09:19 ],0,182
9200,2014-05-07,[ 09:20 ],0,182
9201,2014-05-07,[ 09:21 ],0,178
9202,2014-05-07,[ 09:22 ],0,157
9203,2014-05-07,[ 09:23 ],0,158
9204,2014-05-07,[ 09:24 ],0,178
9205,2014-05-07,[ 09:25 ],0,181
9206,2014-05-07,[ 09:26 ],0,182
9207,2014-05-07,[ 09:27 ],0,180
9208,2014-05-07,[ 09:28 ],0,179
9209,2014-05-07,[ 09:29 ],0,179
9210,2014-05-07,[ 09:30 ],0,181
9211,2014-05-07,[ 09:31 ],0,180
9212,2014-05-07,[ 09:32 ],0,181
9213,2014-05-07,[ 09:33 ],0,281
9214,2014-05-07,[ 09:34 ],0,257
9215,2014-05-07,[ 09:35 ],0,248
9216,2014-05-07,[ 09:36 ],0,250
9217,2014-05-07,[ 09:37 ],0,250
9218,2014-05-07,[ 09:38 ],0,249
9219,2014-05-07,[ 09:39 ],0,247
9220,2014-05-07,[ 09:40 ],0,243
9221,2014-05-07,[ 09:41 ],0,248
9222,2014-05-07,[ 09:42 ],0,248
9223,2014-05-07,[ 09:43 ],0,245
9224,2014-05-07,[ 09:44 ],0,243
9225,2014-05-07,[ 09:45 ],0,241
9226,2014-05-07,[ 09:46 ],0,179
9227,2014-05-07,[ 09:47 ],0,182
9228,2014-05-07,[ 09:48 ],0,181
9229,2014-05-07,[ 09:49 ],0,181
9230,2014-05-07,[ 09:50 ],0,179
9231,2014-05-07,[ 09:51 ],0,181
9232,2014-05-07,[ 09:52 ],0,182
9233,2014-05-07,[ 09:53 ],0,181
9234,2014-05-07,[ 09:54 ],0,182
9235,2014-05-07,[ 09:55 ],0,180
9236,2014-05-07,[ 09:56 ],0,179
9237,2014-05-07,[ 09:57 ],0,178
9238,2014-05-07,[ 09:58 ],0,179
9239,2014-05-07,[ 09:59 ],0,181
9240,2014-05-07,[ 10:00 ],0,181
9241,2014-05-07,[ 10:01 ],0,182
9242,2014-05-07,[ 10:02 ],0,182
9243,2014-05-07,[ 10:03 ],0,181
9244,2014-05-07,[ 10:04 ],0,182
9245,2014-05-07,[ 10:05 ],0,184
9246,2014-05-07,[ 10:06 ],0,181
9247,2014-05-07,[ 10:07 ],0,180
9248,2014-05-07,[ 10:08 ],0,181
9249,2014-05-07,[ 10:09 ],0,181
9250,2014-05-07,[ 10:10 ],0,182
9251,2014-05-07,[ 10:11 ],0,182
9252,2014-05-07,[ 10:12 ],0,182
9253,2014-05-07,[ 10:13 ],0,181
9254,2014-05-07,[ 10:14 ],0,181
9255,2014-05-07,[ 10:15 ],0,181
9256,2014-05-07,[ 10:16 ],0,182
9257,2014-05-07,[ 10:17 ],0,182
9258,2014-05-07,[ 10:18 ],0,179
9259,2014-05-07,[ 10:19 ],0,182
9260,2014-05-07,[ 10:20 ],0,182
9261,2014-05-07,[ 10:21 ],0,178
9262,2014-05-07,[ 10:22 ],0,155
9263,2014-05-07,[ 10:23 ],0,156
9264,2014-05-07,[ 10:24 ],0,156
9265,2014-05-07,[ 10:25 ],0,156
9266,2014-05-07,[ 10:26 ],0,156
9267,2014-05-07,[ 10:27 ],0,156
9268,2014-05-07,[ 10:28 ],0,156
9269,2014-05-07,[ 10:29 ],0,179
9270,2014-05-07,[ 10:30 ],0,179
9271,2014-05-07,[ 10:31 ],0,258
9272,2014-05-07,[ 10:32 ],0,259
9273,2014-05-07,[ 10:33 ],0,211
9274,2014-05-07,[ 10:34 ],0,212
9275,2014-05-07,[ 10:35 ],0,211
9276,2014-05-07,[ 10:36 ],0,210
9277,2014-05-07,[ 10:37 ],0,208
9278,2014-05-07,[ 10:38 ],0,208
9279,2014-05-07,[ 10:39 ],0,211
9280,2014-05-07,[ 10:40 ],0,243
9281,2014-05-07,[ 10:41 ],0,246
9282,2014-05-07,[ 10:42 ],0,251
9283,2014-05-07,[ 10:43 ],0,253
9284,2014-05-07,[ 10:44 ],0,253
9285,2014-05-07,[ 10:45 ],0,254
9286,2014-05-07,[ 10:46 ],0,254
9287,2014-05-07,[ 10:47 ],0,254
9288,2014-05-07,[ 10:48 ],0,253
9289,2014-05-07,[ 10:49 ],0,249
9290,2014-05-07,[ 10:50 ],0,249
9291,2014-05-07,[ 10:51 ],0,250
9292,2014-05-07,[ 10:52 ],0,249
9293,2014-05-07,[ 10:53 ],0,249
9294,2014-05-07,[ 10:54 ],0,249
9295,2014-05-07,[ 10:55 ],0,247
9296,2014-05-07,[ 10:56 ],0,247
9297,2014-05-07,[ 10:57 ],0,249
9298,2014-05-07,[ 10:58 ],0,247
9299,2014-05-07,[ 10:59 ],0,247
9300,2014-05-07,[ 11:00 ],0,251
9301,2014-05-07,[ 11:01 ],0,250
9302,2014-05-07,[ 11:02 ],0,251
9303,2014-05-07,[ 11:03 ],0,251
9304,2014-05-07,[ 11:04 ],0,251
9305,2014-05-07,[ 11:05 ],0,250
9306,2014-05-07,[ 11:06 ],0,248
9307,2014-05-07,[ 11:07 ],0,249
9308,2014-05-07,[ 11:08 ],0,250
9309,2014-05-07,[ 11:09 ],0,250
9310,2014-05-07,[ 11:10 ],0,250
9311,2014-05-07,[ 11:11 ],0,251
9312,2014-05-07,[ 11:12 ],0,249
9313,2014-05-07,[ 11:13 ],0,250
9314,2014-05-07,[ 11:14 ],0,249
9315,2014-05-07,[ 11:15 ],0,252
9316,2014-05-07,[ 11:16 ],0,180
9317,2014-05-07,[ 11:17 ],0,181
9318,2014-05-07,[ 11:18 ],0,181
9319,2014-05-07,[ 11:19 ],0,181
9320,2014-05-07,[ 11:20 ],0,182
9321,2014-05-07,[ 11:21 ],0,183
9322,2014-05-07,[ 11:22 ],0,182
9323,2014-05-07,[ 11:23 ],0,180
9324,2014-05-07,[ 11:24 ],0,181
9325,2014-05-07,[ 11:25 ],0,181
9326,2014-05-07,[ 11:26 ],0,179
9327,2014-05-07,[ 11:27 ],0,179
9328,2014-05-07,[ 11:28 ],0,181
9329,2014-05-07,[ 11:29 ],0,181
9330,2014-05-07,[ 11:30 ],0,181
9331,2014-05-07,[ 11:31 ],0,181
9332,2014-05-07,[ 11:32 ],0,179
9333,2014-05-07,[ 11:33 ],0,181
9334,2014-05-07,[ 11:34 ],0,180
9335,2014-05-07,[ 11:35 ],0,181
9336,2014-05-07,[ 11:36 ],0,180
9337,2014-05-07,[ 11:37 ],0,178
9338,2014-05-07,[ 11:38 ],0,179
9339,2014-05-07,[ 11:39 ],0,179
9340,2014-05-07,[ 11:40 ],0,182
9341,2014-05-07,[ 11:41 ],0,184
9342,2014-05-07,[ 11:42 ],0,184
9343,2014-05-07,[ 11:43 ],0,180
9344,2014-05-07,[ 11:44 ],0,180
9345,2014-05-07,[ 11:45 ],0,183
9346,2014-05-07,[ 11:46 ],0,190
9347,2014-05-07,[ 11:47 ],0,181
9348,2014-05-07,[ 11:48 ],0,1885
9349,2014-05-07,[ 11:49 ],0,1884
9350,2014-05-07,[ 11:50 ],0,1877
9351,2014-05-07,[ 11:51 ],0,1860
9352,2014-05-07,[ 11:52 ],0,251
9353,2014-05-07,[ 11:53 ],0,247
9354,2014-05-07,[ 11:54 ],0,327
9355,2014-05-07,[ 11:55 ],0,323
9356,2014-05-07,[ 11:56 ],0,339
9357,2014-05-07,[ 11:57 ],0,365
9358,2014-05-07,[ 11:58 ],0,350
9359,2014-05-07,[ 11:59 ],0,364
9360,2014-05-07,[ 12:00 ],0,343
9361,2014-05-07,[ 12:01 ],0,352
9362,2014-05-07,[ 12:02 ],0,354
9363,2014-05-07,[ 12:03 ],0,281
9364,2014-05-07,[ 12:04 ],0,267
9365,2014-05-07,[ 12:05 ],0,275
9366,2014-05-07,[ 12:06 ],0,271
9367,2014-05-07,[ 12:07 ],0,283
9368,2014-05-07,[ 12:08 ],0,282
9369,2014-05-07,[ 12:09 ],0,253
9370,2014-05-07,[ 12:10 ],0,275
9371,2014-05-07,[ 12:11 ],0,265
9372,2014-05-07,[ 12:12 ],0,262
9373,2014-05-07,[ 12:13 ],0,231
9374,2014-05-07,[ 12:14 ],0,241
9375,2014-05-07,[ 12:15 ],0,221
9376,2014-05-07,[ 12:16 ],0,231
9377,2014-05-07,[ 12:17 ],0,249
9378,2014-05-07,[ 12:18 ],0,236
9379,2014-05-07,[ 12:19 ],0,260
9380,2014-05-07,[ 12:20 ],0,237
9381,2014-05-07,[ 12:21 ],0,239
9382,2014-05-07,[ 12:22 ],0,254
9383,2014-05-07,[ 12:23 ],0,254
9384,2014-05-07,[ 12:24 ],0,265
9385,2014-05-07,[ 12:25 ],0,277
9386,2014-05-07,[ 12:26 ],0,275
9387,2014-05-07,[ 12:27 ],0,253
9388,2014-05-07,[ 12:28 ],0,251
9389,2014-05-07,[ 12:29 ],0,250
9390,2014-05-07,[ 12:30 ],0,254
9391,2014-05-07,[ 12:31 ],0,241
9392,2014-05-07,[ 12:32 ],0,241
9393,2014-05-07,[ 12:33 ],0,249
9394,2014-05-07,[ 12:34 ],0,245
9395,2014-05-07,[ 12:35 ],0,258
9396,2014-05-07,[ 12:36 ],0,240
9397,2014-05-07,[ 12:37 ],0,242
9398,2014-05-07,[ 12:38 ],0,251
9399,2014-05-07,[ 12:39 ],0,251
9400,2014-05-07,[ 12:40 ],0,261
9401,2014-05-07,[ 12:41 ],0,261
9402,2014-05-07,[ 12:42 ],0,258
9403,2014-05-07,[ 12:43 ],0,249
9404,2014-05-07,[ 12:44 ],0,306
9405,2014-05-07,[ 12:45 ],0,294
9406,2014-05-07,[ 12:46 ],0,288
9407,2014-05-07,[ 12:47 ],0,313
9408,2014-05-07,[ 12:48 ],0,306
9409,2014-05-07,[ 12:49 ],0,312
9410,2014-05-07,[ 12:50 ],0,293
9411,2014-05-07,[ 12:51 ],0,214
9412,2014-05-07,[ 12:52 ],0,213
9413,2014-05-07,[ 12:53 ],0,246
9414,2014-05-07,[ 12:54 ],0,249
9415,2014-05-07,[ 12:55 ],0,249
9416,2014-05-07,[ 12:56 ],0,211
9417,2014-05-07,[ 12:57 ],0,211
9418,2014-05-07,[ 12:58 ],0,211
9419,2014-05-07,[ 12:59 ],0,210
9420,2014-05-07,[ 13:00 ],0,215
9421,2014-05-07,[ 13:01 ],0,214
9422,2014-05-07,[ 13:02 ],0,212
9423,2014-05-07,[ 13:03 ],0,212
9424,2014-05-07,[ 13:04 ],0,211
9425,2014-05-07,[ 13:05 ],0,213
9426,2014-05-07,[ 13:06 ],0,211
9427,2014-05-07,[ 13:07 ],0,210
9428,2014-05-07,[ 13:08 ],0,212
9429,2014-05-07,[ 13:09 ],0,211
9430,2014-05-07,[ 13:10 ],0,210
9431,2014-05-07,[ 13:11 ],0,212
9432,2014-05-07,[ 13:12 ],0,212
9433,2014-05-07,[ 13:13 ],0,213
9434,2014-05-07,[ 13:14 ],0,214
9435,2014-05-07,[ 13:15 ],0,212
9436,2014-05-07,[ 13:16 ],0,212
9437,2014-05-07,[ 13:17 ],0,211
9438,2014-05-07,[ 13:18 ],0,256
9439,2014-05-07,[ 13:19 ],0,249
9440,2014-05-07,[ 13:20 ],0,249
9441,2014-05-07,[ 13:21 ],0,215
9442,2014-05-07,[ 13:22 ],0,213
9443,2014-05-07,[ 13:23 ],0,208
9444,2014-05-07,[ 13:24 ],0,208
9445,2014-05-07,[ 13:25 ],0,205
9446,2014-05-07,[ 13:26 ],0,184
9447,2014-05-07,[ 13:27 ],0,179
9448,2014-05-07,[ 13:28 ],0,181
9449,2014-05-07,[ 13:29 ],0,179
9450,2014-05-07,[ 13:30 ],0,180
9451,2014-05-07,[ 13:31 ],0,180
9452,2014-05-07,[ 13:32 ],0,184
9453,2014-05-07,[ 13:33 ],0,179
9454,2014-05-07,[ 13:34 ],0,180
9455,2014-05-07,[ 13:35 ],0,178
9456,2014-05-07,[ 13:36 ],0,180
9457,2014-05-07,[ 13:37 ],0,180
9458,2014-05-07,[ 13:38 ],0,181
9459,2014-05-07,[ 13:39 ],0,180
9460,2014-05-07,[ 13:40 ],0,178
9461,2014-05-07,[ 13:41 ],0,181
9462,2014-05-07,[ 13:42 ],0,179
9463,2014-05-07,[ 13:43 ],0,179
9464,2014-05-07,[ 13:44 ],0,180
9465,2014-05-07,[ 13:45 ],0,178
9466,2014-05-07,[ 13:46 ],0,180
9467,2014-05-07,[ 13:47 ],0,180
9468,2014-05-07,[ 13:48 ],0,180
9469,2014-05-07,[ 13:49 ],0,180
9470,2014-05-07,[ 13:50 ],0,180
9471,2014-05-07,[ 13:51 ],0,180
9472,2014-05-07,[ 13:52 ],0,180
9473,2014-05-07,[ 13:53 ],0,179
9474,2014-05-07,[ 13:54 ],0,179
9475,2014-05-07,[ 13:55 ],0,178
9476,2014-05-07,[ 13:56 ],0,181
9477,2014-05-07,[ 13:57 ],0,180
9478,2014-05-07,[ 13:58 ],0,181
9479,2014-05-07,[ 13:59 ],0,179
9480,2014-05-07,[ 14:00 ],0,182
9481,2014-05-07,[ 14:01 ],0,182
9482,2014-05-07,[ 14:02 ],0,183
9483,2014-05-07,[ 14:03 ],0,181
9484,2014-05-07,[ 14:04 ],0,181
9485,2014-05-07,[ 14:05 ],0,180
9486,2014-05-07,[ 14:06 ],0,261
9487,2014-05-07,[ 14:07 ],0,261
9488,2014-05-07,[ 14:08 ],0,247
9489,2014-05-07,[ 14:09 ],0,248
9490,2014-05-07,[ 14:10 ],0,248
9491,2014-05-07,[ 14:11 ],0,247
9492,2014-05-07,[ 14:12 ],0,245
9493,2014-05-07,[ 14:13 ],0,245
9494,2014-05-07,[ 14:14 ],0,248
9495,2014-05-07,[ 14:15 ],0,246
9496,2014-05-07,[ 14:16 ],0,246
9497,2014-05-07,[ 14:17 ],0,243
9498,2014-05-07,[ 14:18 ],0,178
9499,2014-05-07,[ 14:19 ],0,180
9500,2014-05-07,[ 14:20 ],0,179
9501,2014-05-07,[ 14:21 ],0,179
9502,2014-05-07,[ 14:22 ],0,180
9503,2014-05-07,[ 14:23 ],0,179
9504,2014-05-07,[ 14:24 ],0,179
9505,2014-05-07,[ 14:25 ],0,182
9506,2014-05-07,[ 14:26 ],0,181
9507,2014-05-07,[ 14:27 ],0,181
9508,2014-05-07,[ 14:28 ],0,180
9509,2014-05-07,[ 14:29 ],0,179
9510,2014-05-07,[ 14:30 ],0,180
9511,2014-05-07,[ 14:31 ],0,181
9512,2014-05-07,[ 14:32 ],0,181
9513,2014-05-07,[ 14:33 ],0,179
9514,2014-05-07,[ 14:34 ],0,180
9515,2014-05-07,[ 14:35 ],0,181
9516,2014-05-07,[ 14:36 ],0,181
9517,2014-05-07,[ 14:37 ],0,179
9518,2014-05-07,[ 14:38 ],0,181
9519,2014-05-07,[ 14:39 ],0,183
9520,2014-05-07,[ 14:40 ],0,182
9521,2014-05-07,[ 14:41 ],0,181
9522,2014-05-07,[ 14:42 ],0,184
9523,2014-05-07,[ 14:43 ],0,180
9524,2014-05-07,[ 14:44 ],0,181
9525,2014-05-07,[ 14:45 ],0,181
9526,2014-05-07,[ 14:46 ],0,179
9527,2014-05-07,[ 14:47 ],0,182
9528,2014-05-07,[ 14:48 ],0,182
9529,2014-05-07,[ 14:49 ],0,179
9530,2014-05-07,[ 14:50 ],0,182
9531,2014-05-07,[ 14:51 ],0,182
9532,2014-05-07,[ 14:52 ],0,182
9533,2014-05-07,[ 14:53 ],0,179
9534,2014-05-07,[ 14:54 ],0,181
9535,2014-05-07,[ 14:55 ],0,180
9536,2014-05-07,[ 14:56 ],0,180
9537,2014-05-07,[ 14:57 ],0,182
9538,2014-05-07,[ 14:58 ],0,181
9539,2014-05-07,[ 14:59 ],0,2621
9540,2014-05-07,[ 15:00 ],0,2621
9541,2014-05-07,[ 15:01 ],0,2601
9542,2014-05-07,[ 15:02 ],0,2537
9543,2014-05-07,[ 15:03 ],0,183
9544,2014-05-07,[ 15:04 ],0,192
9545,2014-05-07,[ 15:05 ],0,182
9546,2014-05-07,[ 15:06 ],0,182
9547,2014-05-07,[ 15:07 ],0,269
9548,2014-05-07,[ 15:08 ],0,247
9549,2014-05-07,[ 15:09 ],0,254
9550,2014-05-07,[ 15:10 ],0,250
9551,2014-05-07,[ 15:11 ],0,252
9552,2014-05-07,[ 15:12 ],0,251
9553,2014-05-07,[ 15:13 ],0,252
9554,2014-05-07,[ 15:14 ],0,251
9555,2014-05-07,[ 15:15 ],0,247
9556,2014-05-07,[ 15:16 ],0,249
9557,2014-05-07,[ 15:17 ],0,250
9558,2014-05-07,[ 15:18 ],0,248
9559,2014-05-07,[ 15:19 ],0,248
9560,2014-05-07,[ 15:20 ],0,247
9561,2014-05-07,[ 15:21 ],0,245
9562,2014-05-07,[ 15:22 ],0,245
9563,2014-05-07,[ 15:23 ],0,246
9564,2014-05-07,[ 15:24 ],0,246
9565,2014-05-07,[ 15:25 ],0,247
9566,2014-05-07,[ 15:26 ],0,245
9567,2014-05-07,[ 15:27 ],0,245
9568,2014-05-07,[ 15:28 ],0,247
9569,2014-05-07,[ 15:29 ],0,246
9570,2014-05-07,[ 15:30 ],0,210
9571,2014-05-07,[ 15:31 ],0,208
9572,2014-05-07,[ 15:32 ],0,211
9573,2014-05-07,[ 15:33 ],0,212
9574,2014-05-07,[ 15:34 ],0,208
9575,2014-05-07,[ 15:35 ],0,210
9576,2014-05-07,[ 15:36 ],0,208
9577,2014-05-07,[ 15:37 ],0,210
9578,2014-05-07,[ 15:38 ],0,206
9579,2014-05-07,[ 15:39 ],0,247
9580,2014-05-07,[ 15:40 ],0,250
9581,2014-05-07,[ 15:41 ],0,247
9582,2014-05-07,[ 15:42 ],0,242
9583,2014-05-07,[ 15:43 ],0,208
9584,2014-05-07,[ 15:44 ],0,213
9585,2014-05-07,[ 15:45 ],0,214
9586,2014-05-07,[ 15:46 ],0,210
9587,2014-05-07,[ 15:47 ],0,210
9588,2014-05-07,[ 15:48 ],0,207
9589,2014-05-07,[ 15:49 ],0,206
9590,2014-05-07,[ 15:50 ],0,206
9591,2014-05-07,[ 15:51 ],0,206
9592,2014-05-07,[ 15:52 ],0,156
9593,2014-05-07,[ 15:53 ],0,156
9594,2014-05-07,[ 15:54 ],0,156
9595,2014-05-07,[ 15:55 ],0,156
9596,2014-05-07,[ 15:56 ],0,157
9597,2014-05-07,[ 15:57 ],0,156
9598,2014-05-07,[ 15:58 ],0,156
9599,2014-05-07,[ 15:59 ],0,156
9600,2014-05-07,[ 16:00 ],0,157
9601,2014-05-07,[ 16:01 ],0,157
9602,2014-05-07,[ 16:02 ],0,157
9603,2014-05-07,[ 16:03 ],0,158
9604,2014-05-07,[ 16:04 ],0,160
9605,2014-05-07,[ 16:05 ],0,159
9606,2014-05-07,[ 16:06 ],0,156
9607,2014-05-07,[ 16:07 ],0,156
9608,2014-05-07,[ 16:08 ],0,156
9609,2014-05-07,[ 16:09 ],0,157
9610,2014-05-07,[ 16:10 ],0,154
9611,2014-05-07,[ 16:11 ],0,156
9612,2014-05-07,[ 16:12 ],0,155
9613,2014-05-07,[ 16:13 ],0,156
9614,2014-05-07,[ 16:14 ],0,265
9615,2014-05-07,[ 16:15 ],0,269
9616,2014-05-07,[ 16:16 ],0,269
9617,2014-05-07,[ 16:17 ],0,269
9618,2014-05-07,[ 16:18 ],0,260
9619,2014-05-07,[ 16:19 ],0,267
9620,2014-05-07,[ 16:20 ],0,271
9621,2014-05-07,[ 16:21 ],0,156
9622,2014-05-07,[ 16:22 ],0,156
9623,2014-05-07,[ 16:23 ],0,157
9624,2014-05-07,[ 16:24 ],0,156
9625,2014-05-07,[ 16:25 ],0,158
9626,2014-05-07,[ 16:26 ],0,156
9627,2014-05-07,[ 16:27 ],0,157
9628,2014-05-07,[ 16:28 ],0,168
9629,2014-05-07,[ 16:29 ],0,166
9630,2014-05-07,[ 16:30 ],0,156
9631,2014-05-07,[ 16:31 ],0,156
9632,2014-05-07,[ 16:32 ],0,181
9633,2014-05-07,[ 16:33 ],0,180
9634,2014-05-07,[ 16:34 ],0,257
9635,2014-05-07,[ 16:35 ],0,257
9636,2014-05-07,[ 16:36 ],0,266
9637,2014-05-07,[ 16:37 ],0,266
9638,2014-05-07,[ 16:38 ],0,248
9639,2014-05-07,[ 16:39 ],0,274
9640,2014-05-07,[ 16:40 ],0,250
9641,2014-05-07,[ 16:41 ],0,267
9642,2014-05-07,[ 16:42 ],0,271
9643,2014-05-07,[ 16:43 ],0,269
9644,2014-05-07,[ 16:44 ],0,262
9645,2014-05-07,[ 16:45 ],0,253
9646,2014-05-07,[ 16:46 ],0,214
9647,2014-05-07,[ 16:47 ],0,228
9648,2014-05-07,[ 16:48 ],0,228
9649,2014-05-07,[ 16:49 ],0,223
9650,2014-05-07,[ 16:50 ],0,234
9651,2014-05-07,[ 16:51 ],0,217
9652,2014-05-07,[ 16:52 ],0,171
9653,2014-05-07,[ 16:53 ],0,170
9654,2014-05-07,[ 16:54 ],0,169
9655,2014-05-07,[ 16:55 ],0,171
9656,2014-05-07,[ 16:56 ],0,172
9657,2014-05-07,[ 16:57 ],0,171
9658,2014-05-07,[ 16:58 ],0,172
9659,2014-05-07,[ 16:59 ],0,172
9660,2014-05-07,[ 17:00 ],0,171
9661,2014-05-07,[ 17:01 ],0,171
9662,2014-05-07,[ 17:02 ],0,200
9663,2014-05-07,[ 17:03 ],0,201
9664,2014-05-07,[ 17:04 ],0,201
9665,2014-05-07,[ 17:05 ],0,171
9666,2014-05-07,[ 17:06 ],0,171
9667,2014-05-07,[ 17:07 ],0,171
9668,2014-05-07,[ 17:08 ],0,206
9669,2014-05-07,[ 17:09 ],0,2574
9670,2014-05-07,[ 17:10 ],0,2631
9671,2014-05-07,[ 17:11 ],0,2654
9672,2014-05-07,[ 17:12 ],0,2594
9673,2014-05-07,[ 17:13 ],0,273
9674,2014-05-07,[ 17:14 ],0,289
9675,2014-05-07,[ 17:15 ],0,288
9676,2014-05-07,[ 17:16 ],0,371
9677,2014-05-07,[ 17:17 ],0,354
9678,2014-05-07,[ 17:18 ],0,371
9679,2014-05-07,[ 17:19 ],0,355
9680,2014-05-07,[ 17:20 ],0,339
9681,2014-05-07,[ 17:21 ],0,346
9682,2014-05-07,[ 17:22 ],0,2001
9683,2014-05-07,[ 17:23 ],0,1993
9684,2014-05-07,[ 17:24 ],0,330
9685,2014-05-07,[ 17:25 ],0,342
9686,2014-05-07,[ 17:26 ],0,334
9687,2014-05-07,[ 17:27 ],0,335
9688,2014-05-07,[ 17:28 ],0,335
9689,2014-05-07,[ 17:29 ],0,351
9690,2014-05-07,[ 17:30 ],0,315
9691,2014-05-07,[ 17:31 ],0,302
9692,2014-05-07,[ 17:32 ],0,304
9693,2014-05-07,[ 17:33 ],0,326
9694,2014-05-07,[ 17:34 ],0,309
9695,2014-05-07,[ 17:35 ],0,313
9696,2014-05-07,[ 17:36 ],0,319
9697,2014-05-07,[ 17:37 ],0,310
9698,2014-05-07,[ 17:38 ],0,319
9699,2014-05-07,[ 17:39 ],0,309
9700,2014-05-07,[ 17:40 ],0,304
9701,2014-05-07,[ 17:41 ],0,310
9702,2014-05-07,[ 17:42 ],0,315
9703,2014-05-07,[ 17:43 ],0,316
9704,2014-05-07,[ 17:44 ],0,317
9705,2014-05-07,[ 17:45 ],0,1961
9706,2014-05-07,[ 17:46 ],0,1953
9707,2014-05-07,[ 17:47 ],0,351
9708,2014-05-07,[ 17:48 ],0,344
9709,2014-05-07,[ 17:49 ],0,332
9710,2014-05-07,[ 17:50 ],0,273
9711,2014-05-07,[ 17:51 ],0,236
9712,2014-05-07,[ 17:52 ],0,235
9713,2014-05-07,[ 17:53 ],0,234
9714,2014-05-07,[ 17:54 ],0,235
9715,2014-05-07,[ 17:55 ],0,232
9716,2014-05-07,[ 17:56 ],0,237
9717,2014-05-07,[ 17:57 ],0,236
9718,2014-05-07,[ 17:58 ],0,236
9719,2014-05-07,[ 17:59 ],0,273
9720,2014-05-07,[ 18:00 ],0,283
9721,2014-05-07,[ 18:01 ],0,280
9722,2014-05-07,[ 18:02 ],0,281
9723,2014-05-07,[ 18:03 ],0,177
9724,2014-05-07,[ 18:04 ],0,507
9725,2014-05-07,[ 18:05 ],0,1230
9726,2014-05-07,[ 18:06 ],0,2706
9727,2014-05-07,[ 18:07 ],0,2722
9728,2014-05-07,[ 18:08 ],0,2709
9729,2014-05-07,[ 18:09 ],0,2718
9730,2014-05-07,[ 18:10 ],0,2824
9731,2014-05-07,[ 18:11 ],0,2722
9732,2014-05-07,[ 18:12 ],0,2744
9733,2014-05-07,[ 18:13 ],0,2784
9734,2014-05-07,[ 18:14 ],0,2792
9735,2014-05-07,[ 18:15 ],0,2890
9736,2014-05-07,[ 18:16 ],0,2793
9737,2014-05-07,[ 18:17 ],0,2793
9738,2014-05-07,[ 18:18 ],0,2814
9739,2014-05-07,[ 18:19 ],0,2684
9740,2014-05-07,[ 18:20 ],0,2689
9741,2014-05-07,[ 18:21 ],0,1335
9742,2014-05-07,[ 18:22 ],0,1335
9743,2014-05-07,[ 18:23 ],0,1238
9744,2014-05-07,[ 18:24 ],0,1280
9745,2014-05-07,[ 18:25 ],0,2732
9746,2014-05-07,[ 18:26 ],0,2670
9747,2014-05-07,[ 18:27 ],0,1293
9748,2014-05-07,[ 18:28 ],0,1346
9749,2014-05-07,[ 18:29 ],0,1249
9750,2014-05-07,[ 18:30 ],0,1537
9751,2014-05-07,[ 18:31 ],0,1537
9752,2014-05-07,[ 18:32 ],0,2693
9753,2014-05-07,[ 18:33 ],0,1752
9754,2014-05-07,[ 18:34 ],0,1295
9755,2014-05-07,[ 18:35 ],0,1503
9756,2014-05-07,[ 18:36 ],0,1240
9757,2014-05-07,[ 18:37 ],0,1240
9758,2014-05-07,[ 18:38 ],0,2702
9759,2014-05-07,[ 18:39 ],0,2698
9760,2014-05-07,[ 18:40 ],0,1398
9761,2014-05-07,[ 18:41 ],0,1258
9762,2014-05-07,[ 18:42 ],0,1357
9763,2014-05-07,[ 18:43 ],0,1404
9764,2014-05-07,[ 18:44 ],0,1372
9765,2014-05-07,[ 18:45 ],0,1346
9766,2014-05-07,[ 18:46 ],0,1293
9767,2014-05-07,[ 18:47 ],0,1515
9768,2014-05-07,[ 18:48 ],0,1515
9769,2014-05-07,[ 18:49 ],0,1453
9770,2014-05-07,[ 18:50 ],0,1329
9771,2014-05-07,[ 18:51 ],0,1359
9772,2014-05-07,[ 18:52 ],0,1279
9773,2014-05-07,[ 18:53 ],0,1490
9774,2014-05-07,[ 18:54 ],0,1333
9775,2014-05-07,[ 18:55 ],0,867
9776,2014-05-07,[ 18:56 ],0,600
9777,2014-05-07,[ 18:57 ],0,854
9778,2014-05-07,[ 18:58 ],0,463
9779,2014-05-07,[ 18:59 ],0,918
9780,2014-05-07,[ 19:00 ],0,837
9781,2014-05-07,[ 19:01 ],0,821
9782,2014-05-07,[ 19:02 ],0,821
9783,2014-05-07,[ 19:03 ],0,673
9784,2014-05-07,[ 19:04 ],0,1127
9785,2014-05-07,[ 19:05 ],0,1279
9786,2014-05-07,[ 19:06 ],0,1195
9787,2014-05-07,[ 19:07 ],0,1678
9788,2014-05-07,[ 19:08 ],0,1680
9789,2014-05-07,[ 19:09 ],0,1571
9790,2014-05-07,[ 19:10 ],0,1571
9791,2014-05-07,[ 19:11 ],0,587
9792,2014-05-07,[ 19:12 ],0,907
9793,2014-05-07,[ 19:13 ],0,827
9794,2014-05-07,[ 19:14 ],0,767
9795,2014-05-07,[ 19:15 ],0,578
9796,2014-05-07,[ 19:16 ],0,1096
9797,2014-05-07,[ 19:17 ],0,1309
9798,2014-05-07,[ 19:18 ],0,1203
9799,2014-05-07,[ 19:19 ],0,966
9800,2014-05-07,[ 19:20 ],0,1857
9801,2014-05-07,[ 19:21 ],0,1798
9802,2014-05-07,[ 19:22 ],0,877
9803,2014-05-07,[ 19:23 ],0,831
9804,2014-05-07,[ 19:24 ],0,572
9805,2014-05-07,[ 19:25 ],0,871
9806,2014-05-07,[ 19:26 ],0,853
9807,2014-05-07,[ 19:27 ],0,730
9808,2014-05-07,[ 19:28 ],0,792
9809,2014-05-07,[ 19:29 ],0,792
9810,2014-05-07,[ 19:30 ],0,886
9811,2014-05-07,[ 19:31 ],0,864
9812,2014-05-07,[ 19:32 ],0,777
9813,2014-05-07,[ 19:33 ],0,772
9814,2014-05-07,[ 19:34 ],0,358
9815,2014-05-07,[ 19:35 ],0,364
9816,2014-05-07,[ 19:36 ],0,393
9817,2014-05-07,[ 19:37 ],0,318
9818,2014-05-07,[ 19:38 ],0,315
9819,2014-05-07,[ 19:39 ],0,316
9820,2014-05-07,[ 19:40 ],0,317
9821,2014-05-07,[ 19:41 ],0,317
9822,2014-05-07,[ 19:42 ],0,318
9823,2014-05-07,[ 19:43 ],0,316
9824,2014-05-07,[ 19:44 ],0,316
9825,2014-05-07,[ 19:45 ],0,318
9826,2014-05-07,[ 19:46 ],0,316
9827,2014-05-07,[ 19:47 ],0,315
9828,2014-05-07,[ 19:48 ],0,318
9829,2014-05-07,[ 19:49 ],0,370
9830,2014-05-07,[ 19:50 ],0,421
9831,2014-05-07,[ 19:51 ],0,471
9832,2014-05-07,[ 19:52 ],0,506
9833,2014-05-07,[ 19:53 ],0,510
9834,2014-05-07,[ 19:54 ],0,513
9835,2014-05-07,[ 19:55 ],0,492
9836,2014-05-07,[ 19:56 ],0,492
9837,2014-05-07,[ 19:57 ],0,506
9838,2014-05-07,[ 19:58 ],0,500
9839,2014-05-07,[ 19:59 ],0,480
9840,2014-05-07,[ 20:00 ],0,509
9841,2014-05-07,[ 20:01 ],0,469
9842,2014-05-07,[ 20:02 ],0,491
9843,2014-05-07,[ 20:03 ],0,482
9844,2014-05-07,[ 20:04 ],0,482
9845,2014-05-07,[ 20:05 ],0,492
9846,2014-05-07,[ 20:06 ],0,473
9847,2014-05-07,[ 20:07 ],0,486
9848,2014-05-07,[ 20:08 ],0,486
9849,2014-05-07,[ 20:09 ],0,481
9850,2014-05-07,[ 20:10 ],0,481
9851,2014-05-07,[ 20:11 ],0,476
9852,2014-05-07,[ 20:12 ],0,497
9853,2014-05-07,[ 20:13 ],0,478
9854,2014-05-07,[ 20:14 ],0,467
9855,2014-05-07,[ 20:15 ],0,469
9856,2014-05-07,[ 20:16 ],0,471
9857,2014-05-07,[ 20:17 ],0,480
9858,2014-05-07,[ 20:18 ],0,401
9859,2014-05-07,[ 20:19 ],0,476
9860,2014-05-07,[ 20:20 ],0,476
9861,2014-05-07,[ 20:21 ],0,391
9862,2014-05-07,[ 20:22 ],0,377
9863,2014-05-07,[ 20:23 ],0,407
9864,2014-05-07,[ 20:24 ],0,646
9865,2014-05-07,[ 20:25 ],0,631
9866,2014-05-07,[ 20:26 ],0,635
9867,2014-05-07,[ 20:27 ],0,639
9868,2014-05-07,[ 20:28 ],0,637
9869,2014-05-07,[ 20:29 ],0,642
9870,2014-05-07,[ 20:30 ],0,648
9871,2014-05-07,[ 20:31 ],0,747
9872,2014-05-07,[ 20:32 ],0,760
9873,2014-05-07,[ 20:33 ],0,786
9874,2014-05-07,[ 20:34 ],0,731
9875,2014-05-07,[ 20:35 ],0,731
9876,2014-05-07,[ 20:36 ],0,790
9877,2014-05-07,[ 20:37 ],0,563
9878,2014-05-07,[ 20:38 ],0,543
9879,2014-05-07,[ 20:39 ],0,550
9880,2014-05-07,[ 20:40 ],0,546
9881,2014-05-07,[ 20:41 ],0,566
9882,2014-05-07,[ 20:42 ],0,566
9883,2014-05-07,[ 20:43 ],0,564
9884,2014-05-07,[ 20:44 ],0,540
9885,2014-05-07,[ 20:45 ],0,544
9886,2014-05-07,[ 20:46 ],0,548
9887,2014-05-07,[ 20:47 ],0,544
9888,2014-05-07,[ 20:48 ],0,544
9889,2014-05-07,[ 20:49 ],0,717
9890,2014-05-07,[ 20:50 ],0,637
9891,2014-05-07,[ 20:51 ],0,677
9892,2014-05-07,[ 20:52 ],0,563
9893,2014-05-07,[ 20:53 ],0,3040
9894,2014-05-07,[ 20:54 ],0,3040
9895,2014-05-07,[ 20:55 ],0,3063
9896,2014-05-07,[ 20:56 ],0,3033
9897,2014-05-07,[ 20:57 ],0,3019
9898,2014-05-07,[ 20:58 ],0,3001
9899,2014-05-07,[ 20:59 ],0,2949
9900,2014-05-07,[ 21:00 ],0,2964
9901,2014-05-07,[ 21:01 ],0,2942
9902,2014-05-07,[ 21:02 ],0,2955
9903,2014-05-07,[ 21:03 ],0,2920
9904,2014-05-07,[ 21:04 ],0,2932
9905,2014-05-07,[ 21:05 ],0,615
9906,2014-05-07,[ 21:06 ],0,615
9907,2014-05-07,[ 21:07 ],0,615
9908,2014-05-07,[ 21:08 ],0,603
9909,2014-05-07,[ 21:09 ],0,609
9910,2014-05-07,[ 21:10 ],0,618
9911,2014-05-07,[ 21:11 ],0,615
9912,2014-05-07,[ 21:12 ],0,616
9913,2014-05-07,[ 21:13 ],0,601
9914,2014-05-07,[ 21:14 ],0,603
9915,2014-05-07,[ 21:15 ],0,610
9916,2014-05-07,[ 21:16 ],0,604
9917,2014-05-07,[ 21:17 ],0,605
9918,2014-05-07,[ 21:18 ],0,613
9919,2014-05-07,[ 21:19 ],0,607
9920,2014-05-07,[ 21:20 ],0,605
9921,2014-05-07,[ 21:21 ],0,600
9922,2014-05-07,[ 21:22 ],0,528
9923,2014-05-07,[ 21:23 ],0,532
9924,2014-05-07,[ 21:24 ],0,529
9925,2014-05-07,[ 21:25 ],0,271
9926,2014-05-07,[ 21:26 ],0,287
9927,2014-05-07,[ 21:27 ],0,287
9928,2014-05-07,[ 21:28 ],0,287
9929,2014-05-07,[ 21:29 ],0,286
9930,2014-05-07,[ 21:30 ],0,272
9931,2014-05-07,[ 21:31 ],0,285
9932,2014-05-07,[ 21:32 ],0,291
9933,2014-05-07,[ 21:33 ],0,292
9934,2014-05-07,[ 21:34 ],0,298
9935,2014-05-07,[ 21:35 ],0,289
9936,2014-05-07,[ 21:36 ],0,287
9937,2014-05-07,[ 21:37 ],0,270
9938,2014-05-07,[ 21:38 ],0,267
9939,2014-05-07,[ 21:39 ],0,271
9940,2014-05-07,[ 21:40 ],0,270
9941,2014-05-07,[ 21:41 ],0,270
9942,2014-05-07,[ 21:42 ],0,270
9943,2014-05-07,[ 21:43 ],0,270
9944,2014-05-07,[ 21:44 ],0,302
9945,2014-05-07,[ 21:45 ],0,188
9946,2014-05-07,[ 21:46 ],0,346
9947,2014-05-07,[ 21:47 ],0,348
9948,2014-05-07,[ 21:48 ],0,342
9949,2014-05-07,[ 21:49 ],0,345
9950,2014-05-07,[ 21:50 ],0,348
9951,2014-05-07,[ 21:51 ],0,347
9952,2014-05-07,[ 21:52 ],0,348
9953,2014-05-07,[ 21:53 ],0,346
9954,2014-05-07,[ 21:54 ],0,346
9955,2014-05-07,[ 21:55 ],0,345
9956,2014-05-07,[ 21:56 ],0,368
9957,2014-05-07,[ 21:57 ],0,2593
9958,2014-05-07,[ 21:58 ],0,2617
9959,2014-05-07,[ 21:59 ],0,2622
9960,2014-05-07,[ 22:00 ],0,2612
9961,2014-05-07,[ 22:01 ],0,2629
9962,2014-05-07,[ 22:02 ],0,2617
9963,2014-05-07,[ 22:03 ],0,2603
9964,2014-05-07,[ 22:04 ],0,2630
9965,2014-05-07,[ 22:05 ],0,2635
9966,2014-05-07,[ 22:06 ],0,2640
9967,2014-05-07,[ 22:07 ],0,2638
9968,2014-05-07,[ 22:08 ],0,2629
9969,2014-05-07,[ 22:09 ],0,2630
9970,2014-05-07,[ 22:10 ],0,2637
9971,2014-05-07,[ 22:11 ],0,2630
9972,2014-05-07,[ 22:12 ],0,2631
9973,2014-05-07,[ 22:13 ],0,2617
9974,2014-05-07,[ 22:14 ],0,2591
9975,2014-05-07,[ 22:15 ],0,253
9976,2014-05-07,[ 22:16 ],0,228
9977,2014-05-07,[ 22:17 ],0,228
9978,2014-05-07,[ 22:18 ],0,227
9979,2014-05-07,[ 22:19 ],0,226
9980,2014-05-07,[ 22:20 ],0,226
9981,2014-05-07,[ 22:21 ],0,227
9982,2014-05-07,[ 22:22 ],0,226
9983,2014-05-07,[ 22:23 ],0,227
9984,2014-05-07,[ 22:24 ],0,227
9985,2014-05-07,[ 22:25 ],0,226
9986,2014-05-07,[ 22:26 ],0,165
9987,2014-05-07,[ 22:27 ],0,163
9988,2014-05-07,[ 22:28 ],0,166
9989,2014-05-07,[ 22:29 ],0,168
9990,2014-05-07,[ 22:30 ],0,165
9991,2014-05-07,[ 22:31 ],0,167
9992,2014-05-07,[ 22:32 ],0,163
9993,2014-05-07,[ 22:33 ],0,165
9994,2014-05-07,[ 22:34 ],0,165
9995,2014-05-07,[ 22:35 ],0,167
9996,2014-05-07,[ 22:36 ],0,165
9997,2014-05-07,[ 22:37 ],0,165
9998,2014-05-07,[ 22:38 ],0,163
9999,2014-05-07,[ 22:39 ],0,163
10000,2014-05-07,[ 22:40 ],0,161
10001,2014-05-07,[ 22:41 ],0,162
10002,2014-05-07,[ 22:42 ],0,166
10003,2014-05-07,[ 22:43 ],0,163
10004,2014-05-07,[ 22:44 ],0,162
10005,2014-05-07,[ 22:45 ],0,163
10006,2014-05-07,[ 22:46 ],0,163
10007,2014-05-07,[ 22:47 ],0,163
10008,2014-05-07,[ 22:48 ],0,162
10009,2014-05-07,[ 22:49 ],0,162
10010,2014-05-07,[ 22:50 ],0,165
10011,2014-05-07,[ 22:51 ],0,165
10012,2014-05-07,[ 22:52 ],0,163
10013,2014-05-07,[ 22:53 ],0,163
10014,2014-05-07,[ 22:54 ],0,852
10015,2014-05-07,[ 22:55 ],0,222
10016,2014-05-07,[ 22:56 ],0,221
10017,2014-05-07,[ 22:57 ],0,222
10018,2014-05-07,[ 22:58 ],0,219
10019,2014-05-07,[ 22:59 ],0,218
10020,2014-05-07,[ 23:00 ],0,222
10021,2014-05-07,[ 23:01 ],0,219
10022,2014-05-07,[ 23:02 ],0,218
10023,2014-05-07,[ 23:03 ],0,221
10024,2014-05-07,[ 23:04 ],0,221
10025,2014-05-07,[ 23:05 ],0,232
10026,2014-05-07,[ 23:06 ],0,171
10027,2014-05-07,[ 23:07 ],0,170
10028,2014-05-07,[ 23:08 ],0,169
10029,2014-05-07,[ 23:09 ],0,171
10030,2014-05-07,[ 23:10 ],0,169
10031,2014-05-07,[ 23:11 ],0,169
10032,2014-05-07,[ 23:12 ],0,170
10033,2014-05-07,[ 23:13 ],0,170
10034,2014-05-07,[ 23:14 ],0,171
10035,2014-05-07,[ 23:15 ],0,171
10036,2014-05-07,[ 23:16 ],0,171
10037,2014-05-07,[ 23:17 ],0,171
10038,2014-05-07,[ 23:18 ],0,170
10039,2014-05-07,[ 23:19 ],0,171
10040,2014-05-07,[ 23:20 ],0,171
10041,2014-05-07,[ 23:21 ],0,173
10042,2014-05-07,[ 23:22 ],0,172
10043,2014-05-07,[ 23:23 ],0,171
10044,2014-05-07,[ 23:24 ],0,170
10045,2014-05-07,[ 23:25 ],0,171
10046,2014-05-07,[ 23:26 ],0,173
10047,2014-05-07,[ 23:27 ],0,171
10048,2014-05-07,[ 23:28 ],0,171
10049,2014-05-07,[ 23:29 ],0,169
10050,2014-05-07,[ 23:30 ],0,166
10051,2014-05-07,[ 23:31 ],0,165
10052,2014-05-07,[ 23:32 ],0,166
10053,2014-05-07,[ 23:33 ],0,166
10054,2014-05-07,[ 23:34 ],0,165
10055,2014-05-07,[ 23:35 ],0,165
10056,2014-05-07,[ 23:36 ],0,165
10057,2014-05-07,[ 23:37 ],0,163
10058,2014-05-07,[ 23:38 ],0,163
10059,2014-05-07,[ 23:39 ],0,165
10060,2014-05-07,[ 23:40 ],0,165
10061,2014-05-07,[ 23:41 ],0,163
10062,2014-05-07,[ 23:42 ],0,162
10063,2014-05-07,[ 23:43 ],0,163
10064,2014-05-07,[ 23:44 ],0,163
10065,2014-05-07,[ 23:45 ],0,162
10066,2014-05-07,[ 23:46 ],0,163
10067,2014-05-07,[ 23:47 ],0,163
10068,2014-05-07,[ 23:48 ],0,161
10069,2014-05-07,[ 23:49 ],0,161
10070,2014-05-07,[ 23:50 ],0,161
10071,2014-05-07,[ 23:51 ],0,163
10072,2014-05-07,[ 23:52 ],0,285
10073,2014-05-07,[ 23:53 ],0,228
10074,2014-05-07,[ 23:54 ],0,222
10075,2014-05-07,[ 23:55 ],0,223
10076,2014-05-07,[ 23:56 ],0,222
10077,2014-05-07,[ 23:57 ],0,221
10078,2014-05-07,[ 23:58 ],0,221
10079,2014-05-07,[ 23:59 ],0,221
10080,2014-05-08,[ 00:00 ],0,221
10081,2014-05-08,[ 00:01 ],0,221
10082,2014-05-08,[ 00:02 ],0,221
10083,2014-05-08,[ 00:03 ],0,219
10084,2014-05-08,[ 00:04 ],0,178
10085,2014-05-08,[ 00:05 ],0,180
10086,2014-05-08,[ 00:06 ],0,163
10087,2014-05-08,[ 00:07 ],0,162
10088,2014-05-08,[ 00:08 ],0,163
10089,2014-05-08,[ 00:09 ],0,162
10090,2014-05-08,[ 00:10 ],0,162
10091,2014-05-08,[ 00:11 ],0,162
10092,2014-05-08,[ 00:12 ],0,161
10093,2014-05-08,[ 00:13 ],0,224
10094,2014-05-08,[ 00:14 ],0,219
10095,2014-05-08,[ 00:15 ],0,217
10096,2014-05-08,[ 00:16 ],0,222
10097,2014-05-08,[ 00:17 ],0,223
10098,2014-05-08,[ 00:18 ],0,224
10099,2014-05-08,[ 00:19 ],0,224
10100,2014-05-08,[ 00:20 ],0,225
10101,2014-05-08,[ 00:21 ],0,225
10102,2014-05-08,[ 00:22 ],0,222
10103,2014-05-08,[ 00:23 ],0,224
10104,2014-05-08,[ 00:24 ],0,222
10105,2014-05-08,[ 00:25 ],0,222
10106,2014-05-08,[ 00:26 ],0,223
10107,2014-05-08,[ 00:27 ],0,222
10108,2014-05-08,[ 00:28 ],0,218
10109,2014-05-08,[ 00:29 ],0,221
10110,2014-05-08,[ 00:30 ],0,221
10111,2014-05-08,[ 00:31 ],0,219
10112,2014-05-08,[ 00:32 ],0,224
10113,2014-05-08,[ 00:33 ],0,224
10114,2014-05-08,[ 00:34 ],0,223
10115,2014-05-08,[ 00:35 ],0,224
10116,2014-05-08,[ 00:36 ],0,223
10117,2014-05-08,[ 00:37 ],0,224
10118,2014-05-08,[ 00:38 ],0,223
10119,2014-05-08,[ 00:39 ],0,223
10120,2014-05-08,[ 00:40 ],0,222
10121,2014-05-08,[ 00:41 ],0,223
10122,2014-05-08,[ 00:42 ],0,223
10123,2014-05-08,[ 00:43 ],0,219
10124,2014-05-08,[ 00:44 ],0,222
10125,2014-05-08,[ 00:45 ],0,221
10126,2014-05-08,[ 00:46 ],0,223
10127,2014-05-08,[ 00:47 ],0,222
10128,2014-05-08,[ 00:48 ],0,219
10129,2014-05-08,[ 00:49 ],0,222
10130,2014-05-08,[ 00:50 ],0,219
10131,2014-05-08,[ 00:51 ],0,161
10132,2014-05-08,[ 00:52 ],0,161
10133,2014-05-08,[ 00:53 ],0,162
10134,2014-05-08,[ 00:54 ],0,162
10135,2014-05-08,[ 00:55 ],0,162
10136,2014-05-08,[ 00:56 ],0,162
10137,2014-05-08,[ 00:57 ],0,162
10138,2014-05-08,[ 00:58 ],0,161
10139,2014-05-08,[ 00:59 ],0,162
10140,2014-05-08,[ 01:00 ],0,163
10141,2014-05-08,[ 01:01 ],0,163
10142,2014-05-08,[ 01:02 ],0,163
10143,2014-05-08,[ 01:03 ],0,163
10144,2014-05-08,[ 01:04 ],0,163
10145,2014-05-08,[ 01:05 ],0,162
10146,2014-05-08,[ 01:06 ],0,161
10147,2014-05-08,[ 01:07 ],0,159
10148,2014-05-08,[ 01:08 ],0,160
10149,2014-05-08,[ 01:09 ],0,160
10150,2014-05-08,[ 01:10 ],0,159
10151,2014-05-08,[ 01:11 ],0,160
10152,2014-05-08,[ 01:12 ],0,159
10153,2014-05-08,[ 01:13 ],0,159
10154,2014-05-08,[ 01:14 ],0,160
10155,2014-05-08,[ 01:15 ],0,159
10156,2014-05-08,[ 01:16 ],0,160
10157,2014-05-08,[ 01:17 ],0,158
10158,2014-05-08,[ 01:18 ],0,159
10159,2014-05-08,[ 01:19 ],0,159
10160,2014-05-08,[ 01:20 ],0,159
10161,2014-05-08,[ 01:21 ],0,159
10162,2014-05-08,[ 01:22 ],0,159
10163,2014-05-08,[ 01:23 ],0,159
10164,2014-05-08,[ 01:24 ],0,226
10165,2014-05-08,[ 01:25 ],0,222
10166,2014-05-08,[ 01:26 ],0,216
10167,2014-05-08,[ 01:27 ],0,221
10168,2014-05-08,[ 01:28 ],0,218
10169,2014-05-08,[ 01:29 ],0,218
10170,2014-05-08,[ 01:30 ],0,218
10171,2014-05-08,[ 01:31 ],0,214
10172,2014-05-08,[ 01:32 ],0,216
10173,2014-05-08,[ 01:33 ],0,216
10174,2014-05-08,[ 01:34 ],0,214
10175,2014-05-08,[ 01:35 ],0,213
10176,2014-05-08,[ 01:36 ],0,161
10177,2014-05-08,[ 01:37 ],0,161
10178,2014-05-08,[ 01:38 ],0,160
10179,2014-05-08,[ 01:39 ],0,160
10180,2014-05-08,[ 01:40 ],0,163
10181,2014-05-08,[ 01:41 ],0,163
10182,2014-05-08,[ 01:42 ],0,162
10183,2014-05-08,[ 01:43 ],0,162
10184,2014-05-08,[ 01:44 ],0,161
10185,2014-05-08,[ 01:45 ],0,159
10186,2014-05-08,[ 01:46 ],0,162
10187,2014-05-08,[ 01:47 ],0,162
10188,2014-05-08,[ 01:48 ],0,161
10189,2014-05-08,[ 01:49 ],0,161
10190,2014-05-08,[ 01:50 ],0,161
10191,2014-05-08,[ 01:51 ],0,161
10192,2014-05-08,[ 01:52 ],0,161
10193,2014-05-08,[ 01:53 ],0,159
10194,2014-05-08,[ 01:54 ],0,162
10195,2014-05-08,[ 01:55 ],0,162
10196,2014-05-08,[ 01:56 ],0,161
10197,2014-05-08,[ 01:57 ],0,159
10198,2014-05-08,[ 01:58 ],0,159
10199,2014-05-08,[ 01:59 ],0,162
10200,2014-05-08,[ 02:00 ],0,162
10201,2014-05-08,[ 02:01 ],0,163
10202,2014-05-08,[ 02:02 ],0,163
10203,2014-05-08,[ 02:03 ],0,163
10204,2014-05-08,[ 02:04 ],0,163
10205,2014-05-08,[ 02:05 ],0,163
10206,2014-05-08,[ 02:06 ],0,161
10207,2014-05-08,[ 02:07 ],0,160
10208,2014-05-08,[ 02:08 ],0,161
10209,2014-05-08,[ 02:09 ],0,162
10210,2014-05-08,[ 02:10 ],0,162
10211,2014-05-08,[ 02:11 ],0,163
10212,2014-05-08,[ 02:12 ],0,161
10213,2014-05-08,[ 02:13 ],0,161
10214,2014-05-08,[ 02:14 ],0,162
10215,2014-05-08,[ 02:15 ],0,160
10216,2014-05-08,[ 02:16 ],0,171
10217,2014-05-08,[ 02:17 ],0,168
10218,2014-05-08,[ 02:18 ],0,168
10219,2014-05-08,[ 02:19 ],0,168
10220,2014-05-08,[ 02:20 ],0,166
10221,2014-05-08,[ 02:21 ],0,166
10222,2014-05-08,[ 02:22 ],0,166
10223,2014-05-08,[ 02:23 ],0,166
10224,2014-05-08,[ 02:24 ],0,165
10225,2014-05-08,[ 02:25 ],0,709
10226,2014-05-08,[ 02:26 ],0,239
10227,2014-05-08,[ 02:27 ],0,235
10228,2014-05-08,[ 02:28 ],0,236
10229,2014-05-08,[ 02:29 ],0,236
10230,2014-05-08,[ 02:30 ],0,219
10231,2014-05-08,[ 02:31 ],0,219
10232,2014-05-08,[ 02:32 ],0,219
10233,2014-05-08,[ 02:33 ],0,215
10234,2014-05-08,[ 02:34 ],0,217
10235,2014-05-08,[ 02:35 ],0,217
10236,2014-05-08,[ 02:36 ],0,216
10237,2014-05-08,[ 02:37 ],0,162
10238,2014-05-08,[ 02:38 ],0,162
10239,2014-05-08,[ 02:39 ],0,162
10240,2014-05-08,[ 02:40 ],0,162
10241,2014-05-08,[ 02:41 ],0,162
10242,2014-05-08,[ 02:42 ],0,163
10243,2014-05-08,[ 02:43 ],0,163
10244,2014-05-08,[ 02:44 ],0,162
10245,2014-05-08,[ 02:45 ],0,162
10246,2014-05-08,[ 02:46 ],0,223
10247,2014-05-08,[ 02:47 ],0,218
10248,2014-05-08,[ 02:48 ],0,218
10249,2014-05-08,[ 02:49 ],0,221
10250,2014-05-08,[ 02:50 ],0,222
10251,2014-05-08,[ 02:51 ],0,224
10252,2014-05-08,[ 02:52 ],0,223
10253,2014-05-08,[ 02:53 ],0,222
10254,2014-05-08,[ 02:54 ],0,221
10255,2014-05-08,[ 02:55 ],0,223
10256,2014-05-08,[ 02:56 ],0,221
10257,2014-05-08,[ 02:57 ],0,218
10258,2014-05-08,[ 02:58 ],0,222
10259,2014-05-08,[ 02:59 ],0,222
10260,2014-05-08,[ 03:00 ],0,222
10261,2014-05-08,[ 03:01 ],0,222
10262,2014-05-08,[ 03:02 ],0,221
10263,2014-05-08,[ 03:03 ],0,219
10264,2014-05-08,[ 03:04 ],0,222
10265,2014-05-08,[ 03:05 ],0,219
10266,2014-05-08,[ 03:06 ],0,221
10267,2014-05-08,[ 03:07 ],0,222
10268,2014-05-08,[ 03:08 ],0,218
10269,2014-05-08,[ 03:09 ],0,221
10270,2014-05-08,[ 03:10 ],0,219
10271,2014-05-08,[ 03:11 ],0,221
10272,2014-05-08,[ 03:12 ],0,221
10273,2014-05-08,[ 03:13 ],0,218
10274,2014-05-08,[ 03:14 ],0,222
10275,2014-05-08,[ 03:15 ],0,223
10276,2014-05-08,[ 03:16 ],0,219
10277,2014-05-08,[ 03:17 ],0,222
10278,2014-05-08,[ 03:18 ],0,219
10279,2014-05-08,[ 03:19 ],0,219
10280,2014-05-08,[ 03:20 ],0,222
10281,2014-05-08,[ 03:21 ],0,221
10282,2014-05-08,[ 03:22 ],0,161
10283,2014-05-08,[ 03:23 ],0,163
10284,2014-05-08,[ 03:24 ],0,162
10285,2014-05-08,[ 03:25 ],0,161
10286,2014-05-08,[ 03:26 ],0,160
10287,2014-05-08,[ 03:27 ],0,161
10288,2014-05-08,[ 03:28 ],0,161
10289,2014-05-08,[ 03:29 ],0,161
10290,2014-05-08,[ 03:30 ],0,160
10291,2014-05-08,[ 03:31 ],0,163
10292,2014-05-08,[ 03:32 ],0,160
10293,2014-05-08,[ 03:33 ],0,161
10294,2014-05-08,[ 03:34 ],0,161
10295,2014-05-08,[ 03:35 ],0,161
10296,2014-05-08,[ 03:36 ],0,161
10297,2014-05-08,[ 03:37 ],0,160
10298,2014-05-08,[ 03:38 ],0,160
10299,2014-05-08,[ 03:39 ],0,160
10300,2014-05-08,[ 03:40 ],0,160
10301,2014-05-08,[ 03:41 ],0,159
10302,2014-05-08,[ 03:42 ],0,158
10303,2014-05-08,[ 03:43 ],0,161
10304,2014-05-08,[ 03:44 ],0,159
10305,2014-05-08,[ 03:45 ],0,160
10306,2014-05-08,[ 03:46 ],0,160
10307,2014-05-08,[ 03:47 ],0,160
10308,2014-05-08,[ 03:48 ],0,159
10309,2014-05-08,[ 03:49 ],0,161
10310,2014-05-08,[ 03:50 ],0,160
10311,2014-05-08,[ 03:51 ],0,159
10312,2014-05-08,[ 03:52 ],0,161
10313,2014-05-08,[ 03:53 ],0,161
10314,2014-05-08,[ 03:54 ],0,162
10315,2014-05-08,[ 03:55 ],0,163
10316,2014-05-08,[ 03:56 ],0,284
10317,2014-05-08,[ 03:57 ],0,224
10318,2014-05-08,[ 03:58 ],0,221
10319,2014-05-08,[ 03:59 ],0,223
10320,2014-05-08,[ 04:00 ],0,221
10321,2014-05-08,[ 04:01 ],0,219
10322,2014-05-08,[ 04:02 ],0,217
10323,2014-05-08,[ 04:03 ],0,217
10324,2014-05-08,[ 04:04 ],0,219
10325,2014-05-08,[ 04:05 ],0,217
10326,2014-05-08,[ 04:06 ],0,215
10327,2014-05-08,[ 04:07 ],0,212
10328,2014-05-08,[ 04:08 ],0,163
10329,2014-05-08,[ 04:09 ],0,163
10330,2014-05-08,[ 04:10 ],0,162
10331,2014-05-08,[ 04:11 ],0,162
10332,2014-05-08,[ 04:12 ],0,163
10333,2014-05-08,[ 04:13 ],0,162
10334,2014-05-08,[ 04:14 ],0,163
10335,2014-05-08,[ 04:15 ],0,163
10336,2014-05-08,[ 04:16 ],0,163
10337,2014-05-08,[ 04:17 ],0,174
10338,2014-05-08,[ 04:18 ],0,174
10339,2014-05-08,[ 04:19 ],0,174
10340,2014-05-08,[ 04:20 ],0,174
10341,2014-05-08,[ 04:21 ],0,172
10342,2014-05-08,[ 04:22 ],0,171
10343,2014-05-08,[ 04:23 ],0,173
10344,2014-05-08,[ 04:24 ],0,172
10345,2014-05-08,[ 04:25 ],0,174
10346,2014-05-08,[ 04:26 ],0,173
10347,2014-05-08,[ 04:27 ],0,173
10348,2014-05-08,[ 04:28 ],0,172
10349,2014-05-08,[ 04:29 ],0,172
10350,2014-05-08,[ 04:30 ],0,171
10351,2014-05-08,[ 04:31 ],0,171
10352,2014-05-08,[ 04:32 ],0,171
10353,2014-05-08,[ 04:33 ],0,170
10354,2014-05-08,[ 04:34 ],0,171
10355,2014-05-08,[ 04:35 ],0,171
10356,2014-05-08,[ 04:36 ],0,159
10357,2014-05-08,[ 04:37 ],0,300
10358,2014-05-08,[ 04:38 ],0,327
10359,2014-05-08,[ 04:39 ],0,324
10360,2014-05-08,[ 04:40 ],0,298
10361,2014-05-08,[ 04:41 ],0,293
10362,2014-05-08,[ 04:42 ],0,305
10363,2014-05-08,[ 04:43 ],0,280
10364,2014-05-08,[ 04:44 ],0,281
10365,2014-05-08,[ 04:45 ],0,287
10366,2014-05-08,[ 04:46 ],0,292
10367,2014-05-08,[ 04:47 ],0,282
10368,2014-05-08,[ 04:48 ],0,282
10369,2014-05-08,[ 04:49 ],0,284
10370,2014-05-08,[ 04:50 ],0,285
10371,2014-05-08,[ 04:51 ],0,292
10372,2014-05-08,[ 04:52 ],0,280
10373,2014-05-08,[ 04:53 ],0,288
10374,2014-05-08,[ 04:54 ],0,278
10375,2014-05-08,[ 04:55 ],0,283
10376,2014-05-08,[ 04:56 ],0,286
10377,2014-05-08,[ 04:57 ],0,240
10378,2014-05-08,[ 04:58 ],0,333
10379,2014-05-08,[ 04:59 ],0,330
10380,2014-05-08,[ 05:00 ],0,332
10381,2014-05-08,[ 05:01 ],0,320
10382,2014-05-08,[ 05:02 ],0,318
10383,2014-05-08,[ 05:03 ],0,317
10384,2014-05-08,[ 05:04 ],0,319
10385,2014-05-08,[ 05:05 ],0,318
10386,2014-05-08,[ 05:06 ],0,315
10387,2014-05-08,[ 05:07 ],0,1931
10388,2014-05-08,[ 05:08 ],0,1940
10389,2014-05-08,[ 05:09 ],0,1962
10390,2014-05-08,[ 05:10 ],0,254
10391,2014-05-08,[ 05:11 ],0,261
10392,2014-05-08,[ 05:12 ],0,249
10393,2014-05-08,[ 05:13 ],0,251
10394,2014-05-08,[ 05:14 ],0,258
10395,2014-05-08,[ 05:15 ],0,245
10396,2014-05-08,[ 05:16 ],0,252
10397,2014-05-08,[ 05:17 ],0,251
10398,2014-05-08,[ 05:18 ],0,315
10399,2014-05-08,[ 05:19 ],0,322
10400,2014-05-08,[ 05:20 ],0,322
10401,2014-05-08,[ 05:21 ],0,320
10402,2014-05-08,[ 05:22 ],0,326
10403,2014-05-08,[ 05:23 ],0,331
10404,2014-05-08,[ 05:24 ],0,326
10405,2014-05-08,[ 05:25 ],0,333
10406,2014-05-08,[ 05:26 ],0,318
10407,2014-05-08,[ 05:27 ],0,322
10408,2014-05-08,[ 05:28 ],0,322
10409,2014-05-08,[ 05:29 ],0,324
10410,2014-05-08,[ 05:30 ],0,321
10411,2014-05-08,[ 05:31 ],0,318
10412,2014-05-08,[ 05:32 ],0,319
10413,2014-05-08,[ 05:33 ],0,318
10414,2014-05-08,[ 05:34 ],0,323
10415,2014-05-08,[ 05:35 ],0,313
10416,2014-05-08,[ 05:36 ],0,315
10417,2014-05-08,[ 05:37 ],0,358
10418,2014-05-08,[ 05:38 ],0,366
10419,2014-05-08,[ 05:39 ],0,345
10420,2014-05-08,[ 05:40 ],0,365
10421,2014-05-08,[ 05:41 ],0,347
10422,2014-05-08,[ 05:42 ],0,346
10423,2014-05-08,[ 05:43 ],0,347
10424,2014-05-08,[ 05:44 ],0,355
10425,2014-05-08,[ 05:45 ],0,359
10426,2014-05-08,[ 05:46 ],0,330
10427,2014-05-08,[ 05:47 ],0,337
10428,2014-05-08,[ 05:48 ],0,307
10429,2014-05-08,[ 05:49 ],0,363
10430,2014-05-08,[ 05:50 ],0,358
10431,2014-05-08,[ 05:51 ],0,350
10432,2014-05-08,[ 05:52 ],0,343
10433,2014-05-08,[ 05:53 ],0,347
10434,2014-05-08,[ 05:54 ],0,343
10435,2014-05-08,[ 05:55 ],0,350
10436,2014-05-08,[ 05:56 ],0,343
10437,2014-05-08,[ 05:57 ],0,286
10438,2014-05-08,[ 05:58 ],0,283
10439,2014-05-08,[ 05:59 ],0,281
10440,2014-05-08,[ 06:00 ],0,281
10441,2014-05-08,[ 06:01 ],0,281
10442,2014-05-08,[ 06:02 ],0,281
10443,2014-05-08,[ 06:03 ],0,287
10444,2014-05-08,[ 06:04 ],0,285
10445,2014-05-08,[ 06:05 ],0,282
10446,2014-05-08,[ 06:06 ],0,287
10447,2014-05-08,[ 06:07 ],0,285
10448,2014-05-08,[ 06:08 ],0,281
10449,2014-05-08,[ 06:09 ],0,287
10450,2014-05-08,[ 06:10 ],0,283
10451,2014-05-08,[ 06:11 ],0,281
10452,2014-05-08,[ 06:12 ],0,280
10453,2014-05-08,[ 06:13 ],0,280
10454,2014-05-08,[ 06:14 ],0,280
10455,2014-05-08,[ 06:15 ],0,282
10456,2014-05-08,[ 06:16 ],0,284
10457,2014-05-08,[ 06:17 ],0,282
10458,2014-05-08,[ 06:18 ],0,282
10459,2014-05-08,[ 06:19 ],0,273
10460,2014-05-08,[ 06:20 ],0,277
10461,2014-05-08,[ 06:21 ],0,283
10462,2014-05-08,[ 06:22 ],0,287
10463,2014-05-08,[ 06:23 ],0,287
10464,2014-05-08,[ 06:24 ],0,281
10465,2014-05-08,[ 06:25 ],0,285
10466,2014-05-08,[ 06:26 ],0,284
10467,2014-05-08,[ 06:27 ],0,284
10468,2014-05-08,[ 06:28 ],0,284
10469,2014-05-08,[ 06:29 ],0,278
10470,2014-05-08,[ 06:30 ],0,278
10471,2014-05-08,[ 06:31 ],0,280
10472,2014-05-08,[ 06:32 ],0,849
10473,2014-05-08,[ 06:33 ],0,347
10474,2014-05-08,[ 06:34 ],0,348
10475,2014-05-08,[ 06:35 ],0,351
10476,2014-05-08,[ 06:36 ],0,353
10477,2014-05-08,[ 06:37 ],0,344
10478,2014-05-08,[ 06:38 ],0,343
10479,2014-05-08,[ 06:39 ],0,341
10480,2014-05-08,[ 06:40 ],0,353
10481,2014-05-08,[ 06:41 ],0,347
10482,2014-05-08,[ 06:42 ],0,339
10483,2014-05-08,[ 06:43 ],0,336
10484,2014-05-08,[ 06:44 ],0,283
10485,2014-05-08,[ 06:45 ],0,232
10486,2014-05-08,[ 06:46 ],0,231
10487,2014-05-08,[ 06:47 ],0,228
10488,2014-05-08,[ 06:48 ],0,232
10489,2014-05-08,[ 06:49 ],0,234
10490,2014-05-08,[ 06:50 ],0,227
10491,2014-05-08,[ 06:51 ],0,282
10492,2014-05-08,[ 06:52 ],0,307
10493,2014-05-08,[ 06:53 ],0,306
10494,2014-05-08,[ 06:54 ],0,298
10495,2014-05-08,[ 06:55 ],0,299
10496,2014-05-08,[ 06:56 ],0,302
10497,2014-05-08,[ 06:57 ],0,297
10498,2014-05-08,[ 06:58 ],0,294
10499,2014-05-08,[ 06:59 ],0,289
10500,2014-05-08,[ 07:00 ],0,354
10501,2014-05-08,[ 07:01 ],0,345
10502,2014-05-08,[ 07:02 ],0,344
10503,2014-05-08,[ 07:03 ],0,366
10504,2014-05-08,[ 07:04 ],0,367
10505,2014-05-08,[ 07:05 ],0,352
10506,2014-05-08,[ 07:06 ],0,352
10507,2014-05-08,[ 07:07 ],0,350
10508,2014-05-08,[ 07:08 ],0,348
10509,2014-05-08,[ 07:09 ],0,341
10510,2014-05-08,[ 07:10 ],0,343
10511,2014-05-08,[ 07:11 ],0,342
10512,2014-05-08,[ 07:12 ],0,333
10513,2014-05-08,[ 07:13 ],0,320
10514,2014-05-08,[ 07:14 ],0,343
10515,2014-05-08,[ 07:15 ],0,343
10516,2014-05-08,[ 07:16 ],0,342
10517,2014-05-08,[ 07:17 ],0,342
10518,2014-05-08,[ 07:18 ],0,346
10519,2014-05-08,[ 07:19 ],0,334
10520,2014-05-08,[ 07:20 ],0,319
10521,2014-05-08,[ 07:21 ],0,307
10522,2014-05-08,[ 07:22 ],0,317
10523,2014-05-08,[ 07:23 ],0,311
10524,2014-05-08,[ 07:24 ],0,286
10525,2014-05-08,[ 07:25 ],0,242
10526,2014-05-08,[ 07:26 ],0,237
10527,2014-05-08,[ 07:27 ],0,2547
10528,2014-05-08,[ 07:28 ],0,2603
10529,2014-05-08,[ 07:29 ],0,2754
10530,2014-05-08,[ 07:30 ],0,2774
10531,2014-05-08,[ 07:31 ],0,343
10532,2014-05-08,[ 07:32 ],0,348
10533,2014-05-08,[ 07:33 ],0,2990
10534,2014-05-08,[ 07:34 ],0,3934
10535,2014-05-08,[ 07:35 ],0,2862
10536,2014-05-08,[ 07:36 ],0,2845
10537,2014-05-08,[ 07:37 ],0,2775
10538,2014-05-08,[ 07:38 ],0,2917
10539,2014-05-08,[ 07:39 ],0,2916
10540,2014-05-08,[ 07:40 ],0,2772
10541,2014-05-08,[ 07:41 ],0,2950
10542,2014-05-08,[ 07:42 ],0,2822
10543,2014-05-08,[ 07:43 ],0,4532
10544,2014-05-08,[ 07:44 ],0,4449
10545,2014-05-08,[ 07:45 ],0,4449
10546,2014-05-08,[ 07:46 ],0,4467
10547,2014-05-08,[ 07:47 ],0,4098
10548,2014-05-08,[ 07:48 ],0,2856
10549,2014-05-08,[ 07:49 ],0,2850
10550,2014-05-08,[ 07:50 ],0,2850
10551,2014-05-08,[ 07:51 ],0,2829
10552,2014-05-08,[ 07:52 ],0,2433
10553,2014-05-08,[ 07:53 ],0,1266
10554,2014-05-08,[ 07:54 ],0,1309
10555,2014-05-08,[ 07:55 ],0,1309
10556,2014-05-08,[ 07:56 ],0,1332
10557,2014-05-08,[ 07:57 ],0,2877
10558,2014-05-08,[ 07:58 ],0,2745
10559,2014-05-08,[ 07:59 ],0,2333
10560,2014-05-08,[ 08:00 ],0,1297
10561,2014-05-08,[ 08:01 ],0,1351
10562,2014-05-08,[ 08:02 ],0,1480
10563,2014-05-08,[ 08:03 ],0,2770
10564,2014-05-08,[ 08:04 ],0,2770
10565,2014-05-08,[ 08:05 ],0,2819
10566,2014-05-08,[ 08:06 ],0,1227
10567,2014-05-08,[ 08:07 ],0,1256
10568,2014-05-08,[ 08:08 ],0,1437
10569,2014-05-08,[ 08:09 ],0,1437
10570,2014-05-08,[ 08:10 ],0,2696
10571,2014-05-08,[ 08:11 ],0,2762
10572,2014-05-08,[ 08:12 ],0,1408
10573,2014-05-08,[ 08:13 ],0,1309
10574,2014-05-08,[ 08:14 ],0,1276
10575,2014-05-08,[ 08:15 ],0,1251
10576,2014-05-08,[ 08:16 ],0,1466
10577,2014-05-08,[ 08:17 ],0,1466
10578,2014-05-08,[ 08:18 ],0,1444
10579,2014-05-08,[ 08:19 ],0,1464
10580,2014-05-08,[ 08:20 ],0,1464
10581,2014-05-08,[ 08:21 ],0,1303
10582,2014-05-08,[ 08:22 ],0,1357
10583,2014-05-08,[ 08:23 ],0,1365
10584,2014-05-08,[ 08:24 ],0,1336
10585,2014-05-08,[ 08:25 ],0,1302
10586,2014-05-08,[ 08:26 ],0,1303
10587,2014-05-08,[ 08:27 ],0,842
10588,2014-05-08,[ 08:28 ],0,935
10589,2014-05-08,[ 08:29 ],0,376
10590,2014-05-08,[ 08:30 ],0,868
10591,2014-05-08,[ 08:31 ],0,879
10592,2014-05-08,[ 08:32 ],0,837
10593,2014-05-08,[ 08:33 ],0,561
10594,2014-05-08,[ 08:34 ],0,925
10595,2014-05-08,[ 08:35 ],0,949
10596,2014-05-08,[ 08:36 ],0,884
10597,2014-05-08,[ 08:37 ],0,446
10598,2014-05-08,[ 08:38 ],0,578
10599,2014-05-08,[ 08:39 ],0,776
10600,2014-05-08,[ 08:40 ],0,978
10601,2014-05-08,[ 08:41 ],0,972
10602,2014-05-08,[ 08:42 ],0,912
10603,2014-05-08,[ 08:43 ],0,1676
10604,2014-05-08,[ 08:44 ],0,1581
10605,2014-05-08,[ 08:45 ],0,600
10606,2014-05-08,[ 08:46 ],0,429
10607,2014-05-08,[ 08:47 ],0,750
10608,2014-05-08,[ 08:48 ],0,623
10609,2014-05-08,[ 08:49 ],0,568
10610,2014-05-08,[ 08:50 ],0,398
10611,2014-05-08,[ 08:51 ],0,842
10612,2014-05-08,[ 08:52 ],0,1081
10613,2014-05-08,[ 08:53 ],0,927
10614,2014-05-08,[ 08:54 ],0,1743
10615,2014-05-08,[ 08:55 ],0,1790
10616,2014-05-08,[ 08:56 ],0,1718
10617,2014-05-08,[ 08:57 ],0,965
10618,2014-05-08,[ 08:58 ],0,962
10619,2014-05-08,[ 08:59 ],0,789
10620,2014-05-08,[ 09:00 ],0,880
10621,2014-05-08,[ 09:01 ],0,744
10622,2014-05-08,[ 09:02 ],0,567
10623,2014-05-08,[ 09:03 ],0,548
10624,2014-05-08,[ 09:04 ],0,546
10625,2014-05-08,[ 09:05 ],0,665
10626,2014-05-08,[ 09:06 ],0,794
10627,2014-05-08,[ 09:07 ],0,719
10628,2014-05-08,[ 09:08 ],0,718
10629,2014-05-08,[ 09:09 ],0,693
10630,2014-05-08,[ 09:10 ],0,470
10631,2014-05-08,[ 09:11 ],0,529
10632,2014-05-08,[ 09:12 ],0,278
10633,2014-05-08,[ 09:13 ],0,270
10634,2014-05-08,[ 09:14 ],0,261
10635,2014-05-08,[ 09:15 ],0,257
10636,2014-05-08,[ 09:16 ],0,223
10637,2014-05-08,[ 09:17 ],0,219
10638,2014-05-08,[ 09:18 ],0,216
10639,2014-05-08,[ 09:19 ],0,218
10640,2014-05-08,[ 09:20 ],0,218
10641,2014-05-08,[ 09:21 ],0,867
10642,2014-05-08,[ 09:22 ],0,1675
10643,2014-05-08,[ 09:23 ],0,1628
10644,2014-05-08,[ 09:24 ],0,1473
10645,2014-05-08,[ 09:25 ],0,691
10646,2014-05-08,[ 09:26 ],0,650
10647,2014-05-08,[ 09:27 ],0,1470
10648,2014-05-08,[ 09:28 ],0,714
10649,2014-05-08,[ 09:29 ],0,623
10650,2014-05-08,[ 09:30 ],0,1411
10651,2014-05-08,[ 09:31 ],0,1348
10652,2014-05-08,[ 09:32 ],0,1630
10653,2014-05-08,[ 09:33 ],0,1630
10654,2014-05-08,[ 09:34 ],0,478
10655,2014-05-08,[ 09:35 ],0,166
10656,2014-05-08,[ 09:36 ],0,165
10657,2014-05-08,[ 09:37 ],0,173
10658,2014-05-08,[ 09:38 ],0,2550
10659,2014-05-08,[ 09:39 ],0,2565
10660,2014-05-08,[ 09:40 ],0,2565
10661,2014-05-08,[ 09:41 ],0,171
10662,2014-05-08,[ 09:42 ],0,171
10663,2014-05-08,[ 09:43 ],0,202
10664,2014-05-08,[ 09:44 ],0,202
10665,2014-05-08,[ 09:45 ],0,204
10666,2014-05-08,[ 09:46 ],0,202
10667,2014-05-08,[ 09:47 ],0,205
10668,2014-05-08,[ 09:48 ],0,203
10669,2014-05-08,[ 09:49 ],0,203
10670,2014-05-08,[ 09:50 ],0,201
10671,2014-05-08,[ 09:51 ],0,171
10672,2014-05-08,[ 09:52 ],0,171
10673,2014-05-08,[ 09:53 ],0,171
10674,2014-05-08,[ 09:54 ],0,171
10675,2014-05-08,[ 09:55 ],0,171
10676,2014-05-08,[ 09:56 ],0,171
10677,2014-05-08,[ 09:57 ],0,171
10678,2014-05-08,[ 09:58 ],0,171
10679,2014-05-08,[ 09:59 ],0,171
10680,2014-05-08,[ 10:00 ],0,231
10681,2014-05-08,[ 10:01 ],0,227
10682,2014-05-08,[ 10:02 ],0,227
10683,2014-05-08,[ 10:03 ],0,253
10684,2014-05-08,[ 10:04 ],0,266
10685,2014-05-08,[ 10:05 ],0,265
10686,2014-05-08,[ 10:06 ],0,266
10687,2014-05-08,[ 10:07 ],0,261
10688,2014-05-08,[ 10:08 ],0,258
10689,2014-05-08,[ 10:09 ],0,242
10690,2014-05-08,[ 10:10 ],0,234
10691,2014-05-08,[ 10:11 ],0,222
10692,2014-05-08,[ 10:12 ],0,213
10693,2014-05-08,[ 10:13 ],0,206
10694,2014-05-08,[ 10:14 ],0,206
10695,2014-05-08,[ 10:15 ],0,287
10696,2014-05-08,[ 10:16 ],0,292
10697,2014-05-08,[ 10:17 ],0,292
10698,2014-05-08,[ 10:18 ],0,668
10699,2014-05-08,[ 10:19 ],0,755
10700,2014-05-08,[ 10:20 ],0,2489
10701,2014-05-08,[ 10:21 ],0,2587
10702,2014-05-08,[ 10:22 ],0,2627
10703,2014-05-08,[ 10:23 ],0,2592
10704,2014-05-08,[ 10:24 ],0,2589
10705,2014-05-08,[ 10:25 ],0,2562
10706,2014-05-08,[ 10:26 ],0,2620
10707,2014-05-08,[ 10:27 ],0,2635
10708,2014-05-08,[ 10:28 ],0,2635
10709,2014-05-08,[ 10:29 ],0,2506
10710,2014-05-08,[ 10:30 ],0,2592
10711,2014-05-08,[ 10:31 ],0,2184
10712,2014-05-08,[ 10:32 ],0,886
10713,2014-05-08,[ 10:33 ],0,943
10714,2014-05-08,[ 10:34 ],0,918
10715,2014-05-08,[ 10:35 ],0,944
10716,2014-05-08,[ 10:36 ],0,2579
10717,2014-05-08,[ 10:37 ],0,2579
10718,2014-05-08,[ 10:38 ],0,967
10719,2014-05-08,[ 10:39 ],0,932
10720,2014-05-08,[ 10:40 ],0,961
10721,2014-05-08,[ 10:41 ],0,931
10722,2014-05-08,[ 10:42 ],0,2574
10723,2014-05-08,[ 10:43 ],0,2574
10724,2014-05-08,[ 10:44 ],0,943
10725,2014-05-08,[ 10:45 ],0,894
10726,2014-05-08,[ 10:46 ],0,925
10727,2014-05-08,[ 10:47 ],0,972
10728,2014-05-08,[ 10:48 ],0,2512
10729,2014-05-08,[ 10:49 ],0,2564
10730,2014-05-08,[ 10:50 ],0,928
10731,2014-05-08,[ 10:51 ],0,911
10732,2014-05-08,[ 10:52 ],0,937
10733,2014-05-08,[ 10:53 ],0,926
10734,2014-05-08,[ 10:54 ],0,917
10735,2014-05-08,[ 10:55 ],0,971
10736,2014-05-08,[ 10:56 ],0,919
10737,2014-05-08,[ 10:57 ],0,917
10738,2014-05-08,[ 10:58 ],0,955
10739,2014-05-08,[ 10:59 ],0,970
10740,2014-05-08,[ 11:00 ],0,943
10741,2014-05-08,[ 11:01 ],0,943
10742,2014-05-08,[ 11:02 ],0,852
10743,2014-05-08,[ 11:03 ],0,887
10744,2014-05-08,[ 11:04 ],0,904
10745,2014-05-08,[ 11:05 ],0,517
10746,2014-05-08,[ 11:06 ],0,859
10747,2014-05-08,[ 11:07 ],0,916
10748,2014-05-08,[ 11:08 ],0,624
10749,2014-05-08,[ 11:09 ],0,954
10750,2014-05-08,[ 11:10 ],0,707
10751,2014-05-08,[ 11:11 ],0,751
10752,2014-05-08,[ 11:12 ],0,829
10753,2014-05-08,[ 11:13 ],0,776
10754,2014-05-08,[ 11:14 ],0,764
10755,2014-05-08,[ 11:15 ],0,865
10756,2014-05-08,[ 11:16 ],0,1473
10757,2014-05-08,[ 11:17 ],0,1375
10758,2014-05-08,[ 11:18 ],0,1375
10759,2014-05-08,[ 11:19 ],0,1508
10760,2014-05-08,[ 11:20 ],0,3285
10761,2014-05-08,[ 11:21 ],0,3249
10762,2014-05-08,[ 11:22 ],0,3229
10763,2014-05-08,[ 11:23 ],0,955
10764,2014-05-08,[ 11:24 ],0,739
10765,2014-05-08,[ 11:25 ],0,716
10766,2014-05-08,[ 11:26 ],0,750
10767,2014-05-08,[ 11:27 ],0,934
10768,2014-05-08,[ 11:28 ],0,917
10769,2014-05-08,[ 11:29 ],0,1333
10770,2014-05-08,[ 11:30 ],0,1366
10771,2014-05-08,[ 11:31 ],0,1293
10772,2014-05-08,[ 11:32 ],0,1654
10773,2014-05-08,[ 11:33 ],0,966
10774,2014-05-08,[ 11:34 ],0,969
10775,2014-05-08,[ 11:35 ],0,969
10776,2014-05-08,[ 11:36 ],0,3986
10777,2014-05-08,[ 11:37 ],0,3986
10778,2014-05-08,[ 11:38 ],0,2354
10779,2014-05-08,[ 11:39 ],0,801
10780,2014-05-08,[ 11:40 ],0,789
10781,2014-05-08,[ 11:41 ],0,774
10782,2014-05-08,[ 11:42 ],0,783
10783,2014-05-08,[ 11:43 ],0,962
10784,2014-05-08,[ 11:44 ],0,901
10785,2014-05-08,[ 11:45 ],0,899
10786,2014-05-08,[ 11:46 ],0,658
10787,2014-05-08,[ 11:47 ],0,553
10788,2014-05-08,[ 11:48 ],0,429
10789,2014-05-08,[ 11:49 ],0,424
10790,2014-05-08,[ 11:50 ],0,2893
10791,2014-05-08,[ 11:51 ],0,2833
10792,2014-05-08,[ 11:52 ],0,397
10793,2014-05-08,[ 11:53 ],0,398
10794,2014-05-08,[ 11:54 ],0,401
10795,2014-05-08,[ 11:55 ],0,398
10796,2014-05-08,[ 11:56 ],0,392
10797,2014-05-08,[ 11:57 ],0,391
10798,2014-05-08,[ 11:58 ],0,779
10799,2014-05-08,[ 11:59 ],0,743
10800,2014-05-08,[ 12:00 ],0,495
10801,2014-05-08,[ 12:01 ],0,588
10802,2014-05-08,[ 12:02 ],0,557
10803,2014-05-08,[ 12:03 ],0,784
10804,2014-05-08,[ 12:04 ],0,718
10805,2014-05-08,[ 12:05 ],0,683
10806,2014-05-08,[ 12:06 ],0,550
10807,2014-05-08,[ 12:07 ],0,439
10808,2014-05-08,[ 12:08 ],0,443
10809,2014-05-08,[ 12:09 ],0,357
10810,2014-05-08,[ 12:10 ],0,353
10811,2014-05-08,[ 12:11 ],0,348
10812,2014-05-08,[ 12:12 ],0,347
10813,2014-05-08,[ 12:13 ],0,388
10814,2014-05-08,[ 12:14 ],0,389
10815,2014-05-08,[ 12:15 ],0,407
10816,2014-05-08,[ 12:16 ],0,406
10817,2014-05-08,[ 12:17 ],0,405
10818,2014-05-08,[ 12:18 ],0,372
10819,2014-05-08,[ 12:19 ],0,368
10820,2014-05-08,[ 12:20 ],0,365
10821,2014-05-08,[ 12:21 ],0,365
10822,2014-05-08,[ 12:22 ],0,368
10823,2014-05-08,[ 12:23 ],0,363
10824,2014-05-08,[ 12:24 ],0,369
10825,2014-05-08,[ 12:25 ],0,400
10826,2014-05-08,[ 12:26 ],0,406
10827,2014-05-08,[ 12:27 ],0,405
10828,2014-05-08,[ 12:28 ],0,409
10829,2014-05-08,[ 12:29 ],0,412
10830,2014-05-08,[ 12:30 ],0,410
10831,2014-05-08,[ 12:31 ],0,409
10832,2014-05-08,[ 12:32 ],0,407
10833,2014-05-08,[ 12:33 ],0,405
10834,2014-05-08,[ 12:34 ],0,407
10835,2014-05-08,[ 12:35 ],0,405
10836,2014-05-08,[ 12:36 ],0,405
10837,2014-05-08,[ 12:37 ],0,404
10838,2014-05-08,[ 12:38 ],0,402
10839,2014-05-08,[ 12:39 ],0,409
10840,2014-05-08,[ 12:40 ],0,400
10841,2014-05-08,[ 12:41 ],0,397
10842,2014-05-08,[ 12:42 ],0,398
10843,2014-05-08,[ 12:43 ],0,398
10844,2014-05-08,[ 12:44 ],0,334
10845,2014-05-08,[ 12:45 ],0,333
10846,2014-05-08,[ 12:46 ],0,342
10847,2014-05-08,[ 12:47 ],0,337
10848,2014-05-08,[ 12:48 ],0,336
10849,2014-05-08,[ 12:49 ],0,341
10850,2014-05-08,[ 12:50 ],0,333
10851,2014-05-08,[ 12:51 ],0,310
10852,2014-05-08,[ 12:52 ],0,306
10853,2014-05-08,[ 12:53 ],0,299
10854,2014-05-08,[ 12:54 ],0,308
10855,2014-05-08,[ 12:55 ],0,300
10856,2014-05-08,[ 12:56 ],0,301
10857,2014-05-08,[ 12:57 ],0,301
10858,2014-05-08,[ 12:58 ],0,295
10859,2014-05-08,[ 12:59 ],0,302
10860,2014-05-08,[ 13:00 ],0,1274
10861,2014-05-08,[ 13:01 ],0,1274
10862,2014-05-08,[ 13:02 ],0,888
10863,2014-05-08,[ 13:03 ],0,1259
10864,2014-05-08,[ 13:04 ],0,865
10865,2014-05-08,[ 13:05 ],0,311
10866,2014-05-08,[ 13:06 ],0,827
10867,2014-05-08,[ 13:07 ],0,827
10868,2014-05-08,[ 13:08 ],0,232
10869,2014-05-08,[ 13:09 ],0,182
10870,2014-05-08,[ 13:10 ],0,184
10871,2014-05-08,[ 13:11 ],0,181
10872,2014-05-08,[ 13:12 ],0,181
10873,2014-05-08,[ 13:13 ],0,181
10874,2014-05-08,[ 13:14 ],0,183
10875,2014-05-08,[ 13:15 ],0,183
10876,2014-05-08,[ 13:16 ],0,184
10877,2014-05-08,[ 13:17 ],0,180
10878,2014-05-08,[ 13:18 ],0,171
10879,2014-05-08,[ 13:19 ],0,171
10880,2014-05-08,[ 13:20 ],0,169
10881,2014-05-08,[ 13:21 ],0,171
10882,2014-05-08,[ 13:22 ],0,171
10883,2014-05-08,[ 13:23 ],0,170
10884,2014-05-08,[ 13:24 ],0,200
10885,2014-05-08,[ 13:25 ],0,200
10886,2014-05-08,[ 13:26 ],0,196
10887,2014-05-08,[ 13:27 ],0,195
10888,2014-05-08,[ 13:28 ],0,169
10889,2014-05-08,[ 13:29 ],0,170
10890,2014-05-08,[ 13:30 ],0,170
10891,2014-05-08,[ 13:31 ],0,170
10892,2014-05-08,[ 13:32 ],0,170
10893,2014-05-08,[ 13:33 ],0,171
10894,2014-05-08,[ 13:34 ],0,169
10895,2014-05-08,[ 13:35 ],0,237
10896,2014-05-08,[ 13:36 ],0,226
10897,2014-05-08,[ 13:37 ],0,225
10898,2014-05-08,[ 13:38 ],0,226
10899,2014-05-08,[ 13:39 ],0,225
10900,2014-05-08,[ 13:40 ],0,225
10901,2014-05-08,[ 13:41 ],0,224
10902,2014-05-08,[ 13:42 ],0,223
10903,2014-05-08,[ 13:43 ],0,223
10904,2014-05-08,[ 13:44 ],0,222
10905,2014-05-08,[ 13:45 ],0,222
10906,2014-05-08,[ 13:46 ],0,217
10907,2014-05-08,[ 13:47 ],0,168
10908,2014-05-08,[ 13:48 ],0,169
10909,2014-05-08,[ 13:49 ],0,169
10910,2014-05-08,[ 13:50 ],0,168
10911,2014-05-08,[ 13:51 ],0,169
10912,2014-05-08,[ 13:52 ],0,169
10913,2014-05-08,[ 13:53 ],0,169
10914,2014-05-08,[ 13:54 ],0,168
10915,2014-05-08,[ 13:55 ],0,192
10916,2014-05-08,[ 13:56 ],0,196
10917,2014-05-08,[ 13:57 ],0,199
10918,2014-05-08,[ 13:58 ],0,196
10919,2014-05-08,[ 13:59 ],0,194
10920,2014-05-08,[ 14:00 ],0,171
10921,2014-05-08,[ 14:01 ],0,171
10922,2014-05-08,[ 14:02 ],0,172
10923,2014-05-08,[ 14:03 ],0,169
10924,2014-05-08,[ 14:04 ],0,171
10925,2014-05-08,[ 14:05 ],0,171
10926,2014-05-08,[ 14:06 ],0,171
10927,2014-05-08,[ 14:07 ],0,170
10928,2014-05-08,[ 14:08 ],0,170
10929,2014-05-08,[ 14:09 ],0,169
10930,2014-05-08,[ 14:10 ],0,229
10931,2014-05-08,[ 14:11 ],0,226
10932,2014-05-08,[ 14:12 ],0,221
10933,2014-05-08,[ 14:13 ],0,223
10934,2014-05-08,[ 14:14 ],0,227
10935,2014-05-08,[ 14:15 ],0,231
10936,2014-05-08,[ 14:16 ],0,228
10937,2014-05-08,[ 14:17 ],0,231
10938,2014-05-08,[ 14:18 ],0,228
10939,2014-05-08,[ 14:19 ],0,227
10940,2014-05-08,[ 14:20 ],0,225
10941,2014-05-08,[ 14:21 ],0,225
10942,2014-05-08,[ 14:22 ],0,227
10943,2014-05-08,[ 14:23 ],0,267
10944,2014-05-08,[ 14:24 ],0,267
10945,2014-05-08,[ 14:25 ],0,267
10946,2014-05-08,[ 14:26 ],0,269
10947,2014-05-08,[ 14:27 ],0,267
10948,2014-05-08,[ 14:28 ],0,226
10949,2014-05-08,[ 14:29 ],0,229
10950,2014-05-08,[ 14:30 ],0,227
10951,2014-05-08,[ 14:31 ],0,225
10952,2014-05-08,[ 14:32 ],0,226
10953,2014-05-08,[ 14:33 ],0,227
10954,2014-05-08,[ 14:34 ],0,228
10955,2014-05-08,[ 14:35 ],0,229
10956,2014-05-08,[ 14:36 ],0,226
10957,2014-05-08,[ 14:37 ],0,224
10958,2014-05-08,[ 14:38 ],0,227
10959,2014-05-08,[ 14:39 ],0,227
10960,2014-05-08,[ 14:40 ],0,227
10961,2014-05-08,[ 14:41 ],0,227
10962,2014-05-08,[ 14:42 ],0,228
10963,2014-05-08,[ 14:43 ],0,228
10964,2014-05-08,[ 14:44 ],0,229
10965,2014-05-08,[ 14:45 ],0,229
10966,2014-05-08,[ 14:46 ],0,171
10967,2014-05-08,[ 14:47 ],0,171
10968,2014-05-08,[ 14:48 ],0,171
10969,2014-05-08,[ 14:49 ],0,171
10970,2014-05-08,[ 14:50 ],0,171
10971,2014-05-08,[ 14:51 ],0,169
10972,2014-05-08,[ 14:52 ],0,171
10973,2014-05-08,[ 14:53 ],0,196
10974,2014-05-08,[ 14:54 ],0,196
10975,2014-05-08,[ 14:55 ],0,195
10976,2014-05-08,[ 14:56 ],0,196
10977,2014-05-08,[ 14:57 ],0,169
10978,2014-05-08,[ 14:58 ],0,167
10979,2014-05-08,[ 14:59 ],0,169
10980,2014-05-08,[ 15:00 ],0,171
10981,2014-05-08,[ 15:01 ],0,171
10982,2014-05-08,[ 15:02 ],0,171
10983,2014-05-08,[ 15:03 ],0,170
10984,2014-05-08,[ 15:04 ],0,169
10985,2014-05-08,[ 15:05 ],0,171
10986,2014-05-08,[ 15:06 ],0,171
10987,2014-05-08,[ 15:07 ],0,169
10988,2014-05-08,[ 15:08 ],0,169
10989,2014-05-08,[ 15:09 ],0,169
10990,2014-05-08,[ 15:10 ],0,169
10991,2014-05-08,[ 15:11 ],0,171
10992,2014-05-08,[ 15:12 ],0,168
10993,2014-05-08,[ 15:13 ],0,169
10994,2014-05-08,[ 15:14 ],0,171
10995,2014-05-08,[ 15:15 ],0,171
10996,2014-05-08,[ 15:16 ],0,171
10997,2014-05-08,[ 15:17 ],0,238
10998,2014-05-08,[ 15:18 ],0,227
10999,2014-05-08,[ 15:19 ],0,348
11000,2014-05-08,[ 15:20 ],0,351
11001,2014-05-08,[ 15:21 ],0,392
11002,2014-05-08,[ 15:22 ],0,365
11003,2014-05-08,[ 15:23 ],0,353
11004,2014-05-08,[ 15:24 ],0,364
11005,2014-05-08,[ 15:25 ],0,411
11006,2014-05-08,[ 15:26 ],0,411
11007,2014-05-08,[ 15:27 ],0,352
11008,2014-05-08,[ 15:28 ],0,391
11009,2014-05-08,[ 15:29 ],0,331
11010,2014-05-08,[ 15:30 ],0,313
11011,2014-05-08,[ 15:31 ],0,318
11012,2014-05-08,[ 15:32 ],0,287
11013,2014-05-08,[ 15:33 ],0,280
11014,2014-05-08,[ 15:34 ],0,287
11015,2014-05-08,[ 15:35 ],0,280
11016,2014-05-08,[ 15:36 ],0,271
11017,2014-05-08,[ 15:37 ],0,282
11018,2014-05-08,[ 15:38 ],0,278
11019,2014-05-08,[ 15:39 ],0,283
11020,2014-05-08,[ 15:40 ],0,284
11021,2014-05-08,[ 15:41 ],0,295
11022,2014-05-08,[ 15:42 ],0,288
11023,2014-05-08,[ 15:43 ],0,304
11024,2014-05-08,[ 15:44 ],0,287
11025,2014-05-08,[ 15:45 ],0,313
11026,2014-05-08,[ 15:46 ],0,319
11027,2014-05-08,[ 15:47 ],0,333
11028,2014-05-08,[ 15:48 ],0,345
11029,2014-05-08,[ 15:49 ],0,319
11030,2014-05-08,[ 15:50 ],0,324
11031,2014-05-08,[ 15:51 ],0,333
11032,2014-05-08,[ 15:52 ],0,385
11033,2014-05-08,[ 15:53 ],0,359
11034,2014-05-08,[ 15:54 ],0,340
11035,2014-05-08,[ 15:55 ],0,337
11036,2014-05-08,[ 15:56 ],0,320
11037,2014-05-08,[ 15:57 ],0,315
11038,2014-05-08,[ 15:58 ],0,321
11039,2014-05-08,[ 15:59 ],0,326
11040,2014-05-08,[ 16:00 ],0,357
11041,2014-05-08,[ 16:01 ],0,393
11042,2014-05-08,[ 16:02 ],0,398
11043,2014-05-08,[ 16:03 ],0,453
11044,2014-05-08,[ 16:04 ],0,453
11045,2014-05-08,[ 16:05 ],0,346
11046,2014-05-08,[ 16:06 ],0,337
11047,2014-05-08,[ 16:07 ],0,343
11048,2014-05-08,[ 16:08 ],0,331
11049,2014-05-08,[ 16:09 ],0,366
11050,2014-05-08,[ 16:10 ],0,341
11051,2014-05-08,[ 16:11 ],0,339
11052,2014-05-08,[ 16:12 ],0,339
11053,2014-05-08,[ 16:13 ],0,333
11054,2014-05-08,[ 16:14 ],0,320
11055,2014-05-08,[ 16:15 ],0,318
11056,2014-05-08,[ 16:16 ],0,327
11057,2014-05-08,[ 16:17 ],0,385
11058,2014-05-08,[ 16:18 ],0,420
11059,2014-05-08,[ 16:19 ],0,441
11060,2014-05-08,[ 16:20 ],0,453
11061,2014-05-08,[ 16:21 ],0,470
11062,2014-05-08,[ 16:22 ],0,470
11063,2014-05-08,[ 16:23 ],0,481
11064,2014-05-08,[ 16:24 ],0,447
11065,2014-05-08,[ 16:25 ],0,481
11066,2014-05-08,[ 16:26 ],0,507
11067,2014-05-08,[ 16:27 ],0,502
11068,2014-05-08,[ 16:28 ],0,491
11069,2014-05-08,[ 16:29 ],0,464
11070,2014-05-08,[ 16:30 ],0,472
11071,2014-05-08,[ 16:31 ],0,469
11072,2014-05-08,[ 16:32 ],0,472
11073,2014-05-08,[ 16:33 ],0,468
11074,2014-05-08,[ 16:34 ],0,473
11075,2014-05-08,[ 16:35 ],0,510
11076,2014-05-08,[ 16:36 ],0,493
11077,2014-05-08,[ 16:37 ],0,503
11078,2014-05-08,[ 16:38 ],0,478
11079,2014-05-08,[ 16:39 ],0,533
11080,2014-05-08,[ 16:40 ],0,500
11081,2014-05-08,[ 16:41 ],0,453
11082,2014-05-08,[ 16:42 ],0,483
11083,2014-05-08,[ 16:43 ],0,480
11084,2014-05-08,[ 16:44 ],0,450
11085,2014-05-08,[ 16:45 ],0,2931
11086,2014-05-08,[ 16:46 ],0,2931
11087,2014-05-08,[ 16:47 ],0,2928
11088,2014-05-08,[ 16:48 ],0,2882
11089,2014-05-08,[ 16:49 ],0,2928
11090,2014-05-08,[ 16:50 ],0,2901
11091,2014-05-08,[ 16:51 ],0,433
11092,2014-05-08,[ 16:52 ],0,415
11093,2014-05-08,[ 16:53 ],0,432
11094,2014-05-08,[ 16:54 ],0,447
11095,2014-05-08,[ 16:55 ],0,453
11096,2014-05-08,[ 16:56 ],0,446
11097,2014-05-08,[ 16:57 ],0,449
11098,2014-05-08,[ 16:58 ],0,417
11099,2014-05-08,[ 16:59 ],0,414
11100,2014-05-08,[ 17:00 ],0,439
11101,2014-05-08,[ 17:01 ],0,417
11102,2014-05-08,[ 17:02 ],0,405
11103,2014-05-08,[ 17:03 ],0,446
11104,2014-05-08,[ 17:04 ],0,2067
11105,2014-05-08,[ 17:05 ],0,2022
11106,2014-05-08,[ 17:06 ],0,427
11107,2014-05-08,[ 17:07 ],0,438
11108,2014-05-08,[ 17:08 ],0,414
11109,2014-05-08,[ 17:09 ],0,468
11110,2014-05-08,[ 17:10 ],0,570
11111,2014-05-08,[ 17:11 ],0,540
11112,2014-05-08,[ 17:12 ],0,530
11113,2014-05-08,[ 17:13 ],0,481
11114,2014-05-08,[ 17:14 ],0,480
11115,2014-05-08,[ 17:15 ],0,480
11116,2014-05-08,[ 17:16 ],0,456
11117,2014-05-08,[ 17:17 ],0,432
11118,2014-05-08,[ 17:18 ],0,430
11119,2014-05-08,[ 17:19 ],0,422
11120,2014-05-08,[ 17:20 ],0,413
11121,2014-05-08,[ 17:21 ],0,439
11122,2014-05-08,[ 17:22 ],0,2921
11123,2014-05-08,[ 17:23 ],0,2823
11124,2014-05-08,[ 17:24 ],0,498
11125,2014-05-08,[ 17:25 ],0,475
11126,2014-05-08,[ 17:26 ],0,326
11127,2014-05-08,[ 17:27 ],0,315
11128,2014-05-08,[ 17:28 ],0,340
11129,2014-05-08,[ 17:29 ],0,295
11130,2014-05-08,[ 17:30 ],0,319
11131,2014-05-08,[ 17:31 ],0,319
11132,2014-05-08,[ 17:32 ],0,313
11133,2014-05-08,[ 17:33 ],0,307
11134,2014-05-08,[ 17:34 ],0,312
11135,2014-05-08,[ 17:35 ],0,305
11136,2014-05-08,[ 17:36 ],0,1980
11137,2014-05-08,[ 17:37 ],0,297
11138,2014-05-08,[ 17:38 ],0,1969
11139,2014-05-08,[ 17:39 ],0,298
11140,2014-05-08,[ 17:40 ],0,310
11141,2014-05-08,[ 17:41 ],0,295
11142,2014-05-08,[ 17:42 ],0,298
11143,2014-05-08,[ 17:43 ],0,333
11144,2014-05-08,[ 17:44 ],0,319
11145,2014-05-08,[ 17:45 ],0,318
11146,2014-05-08,[ 17:46 ],0,343
11147,2014-05-08,[ 17:47 ],0,333
11148,2014-05-08,[ 17:48 ],0,320
11149,2014-05-08,[ 17:49 ],0,322
11150,2014-05-08,[ 17:50 ],0,346
11151,2014-05-08,[ 17:51 ],0,297
11152,2014-05-08,[ 17:52 ],0,298
11153,2014-05-08,[ 17:53 ],0,317
11154,2014-05-08,[ 17:54 ],0,320
11155,2014-05-08,[ 17:55 ],0,307
11156,2014-05-08,[ 17:56 ],0,309
11157,2014-05-08,[ 17:57 ],0,332
11158,2014-05-08,[ 17:58 ],0,292
11159,2014-05-08,[ 17:59 ],0,304
11160,2014-05-08,[ 18:00 ],0,312
11161,2014-05-08,[ 18:01 ],0,505
11162,2014-05-08,[ 18:02 ],0,398
11163,2014-05-08,[ 18:03 ],0,414
11164,2014-05-08,[ 18:04 ],0,425
11165,2014-05-08,[ 18:05 ],0,387
11166,2014-05-08,[ 18:06 ],0,380
11167,2014-05-08,[ 18:07 ],0,367
11168,2014-05-08,[ 18:08 ],0,368
11169,2014-05-08,[ 18:09 ],0,425
11170,2014-05-08,[ 18:10 ],0,372
11171,2014-05-08,[ 18:11 ],0,374
11172,2014-05-08,[ 18:12 ],0,356
11173,2014-05-08,[ 18:13 ],0,335
11174,2014-05-08,[ 18:14 ],0,335
11175,2014-05-08,[ 18:15 ],0,302
11176,2014-05-08,[ 18:16 ],0,299
11177,2014-05-08,[ 18:17 ],0,312
11178,2014-05-08,[ 18:18 ],0,1963
11179,2014-05-08,[ 18:19 ],0,1937
11180,2014-05-08,[ 18:20 ],0,1962
11181,2014-05-08,[ 18:21 ],0,1941
11182,2014-05-08,[ 18:22 ],0,1890
11183,2014-05-08,[ 18:23 ],0,1863
11184,2014-05-08,[ 18:24 ],0,1830
11185,2014-05-08,[ 18:25 ],0,359
11186,2014-05-08,[ 18:26 ],0,317
11187,2014-05-08,[ 18:27 ],0,316
11188,2014-05-08,[ 18:28 ],0,306
11189,2014-05-08,[ 18:29 ],0,300
11190,2014-05-08,[ 18:30 ],0,301
11191,2014-05-08,[ 18:31 ],0,312
11192,2014-05-08,[ 18:32 ],0,304
11193,2014-05-08,[ 18:33 ],0,304
11194,2014-05-08,[ 18:34 ],0,310
11195,2014-05-08,[ 18:35 ],0,305
11196,2014-05-08,[ 18:36 ],0,319
11197,2014-05-08,[ 18:37 ],0,332
11198,2014-05-08,[ 18:38 ],0,317
11199,2014-05-08,[ 18:39 ],0,327
11200,2014-05-08,[ 18:40 ],0,313
11201,2014-05-08,[ 18:41 ],0,310
11202,2014-05-08,[ 18:42 ],0,304
11203,2014-05-08,[ 18:43 ],0,322
11204,2014-05-08,[ 18:44 ],0,301
11205,2014-05-08,[ 18:45 ],0,358
11206,2014-05-08,[ 18:46 ],0,328
11207,2014-05-08,[ 18:47 ],0,331
11208,2014-05-08,[ 18:48 ],0,347
11209,2014-05-08,[ 18:49 ],0,347
11210,2014-05-08,[ 18:50 ],0,308
11211,2014-05-08,[ 18:51 ],0,381
11212,2014-05-08,[ 18:52 ],0,353
11213,2014-05-08,[ 18:53 ],0,365
11214,2014-05-08,[ 18:54 ],0,347
11215,2014-05-08,[ 18:55 ],0,344
11216,2014-05-08,[ 18:56 ],0,351
11217,2014-05-08,[ 18:57 ],0,439
11218,2014-05-08,[ 18:58 ],0,434
11219,2014-05-08,[ 18:59 ],0,771
11220,2014-05-08,[ 19:00 ],0,584
11221,2014-05-08,[ 19:01 ],0,587
11222,2014-05-08,[ 19:02 ],0,592
11223,2014-05-08,[ 19:03 ],0,592
11224,2014-05-08,[ 19:04 ],0,473
11225,2014-05-08,[ 19:05 ],0,463
11226,2014-05-08,[ 19:06 ],0,459
11227,2014-05-08,[ 19:07 ],0,475
11228,2014-05-08,[ 19:08 ],0,475
11229,2014-05-08,[ 19:09 ],0,496
11230,2014-05-08,[ 19:10 ],0,505
11231,2014-05-08,[ 19:11 ],0,485
11232,2014-05-08,[ 19:12 ],0,499
11233,2014-05-08,[ 19:13 ],0,499
11234,2014-05-08,[ 19:14 ],0,456
11235,2014-05-08,[ 19:15 ],0,483
11236,2014-05-08,[ 19:16 ],0,484
11237,2014-05-08,[ 19:17 ],0,478
11238,2014-05-08,[ 19:18 ],0,472
11239,2014-05-08,[ 19:19 ],0,483
11240,2014-05-08,[ 19:20 ],0,487
11241,2014-05-08,[ 19:21 ],0,488
11242,2014-05-08,[ 19:22 ],0,487
11243,2014-05-08,[ 19:23 ],0,481
11244,2014-05-08,[ 19:24 ],0,492
11245,2014-05-08,[ 19:25 ],0,479
11246,2014-05-08,[ 19:26 ],0,487
11247,2014-05-08,[ 19:27 ],0,469
11248,2014-05-08,[ 19:28 ],0,464
11249,2014-05-08,[ 19:29 ],0,492
11250,2014-05-08,[ 19:30 ],0,493
11251,2014-05-08,[ 19:31 ],0,478
11252,2014-05-08,[ 19:32 ],0,487
11253,2014-05-08,[ 19:33 ],0,482
11254,2014-05-08,[ 19:34 ],0,484
11255,2014-05-08,[ 19:35 ],0,479
11256,2014-05-08,[ 19:36 ],0,487
11257,2014-05-08,[ 19:37 ],0,485
11258,2014-05-08,[ 19:38 ],0,481
11259,2014-05-08,[ 19:39 ],0,488
11260,2014-05-08,[ 19:40 ],0,499
11261,2014-05-08,[ 19:41 ],0,499
11262,2014-05-08,[ 19:42 ],0,484
11263,2014-05-08,[ 19:43 ],0,481
11264,2014-05-08,[ 19:44 ],0,481
11265,2014-05-08,[ 19:45 ],0,479
11266,2014-05-08,[ 19:46 ],0,465
11267,2014-05-08,[ 19:47 ],0,460
11268,2014-05-08,[ 19:48 ],0,410
11269,2014-05-08,[ 19:49 ],0,391
11270,2014-05-08,[ 19:50 ],0,388
11271,2014-05-08,[ 19:51 ],0,386
11272,2014-05-08,[ 19:52 ],0,398
11273,2014-05-08,[ 19:53 ],0,402
11274,2014-05-08,[ 19:54 ],0,487
11275,2014-05-08,[ 19:55 ],0,476
11276,2014-05-08,[ 19:56 ],0,432
11277,2014-05-08,[ 19:57 ],0,411
11278,2014-05-08,[ 19:58 ],0,435
11279,2014-05-08,[ 19:59 ],0,437
11280,2014-05-08,[ 20:00 ],0,447
11281,2014-05-08,[ 20:01 ],0,447
11282,2014-05-08,[ 20:02 ],0,441
11283,2014-05-08,[ 20:03 ],0,449
11284,2014-05-08,[ 20:04 ],0,450
11285,2014-05-08,[ 20:05 ],0,438
11286,2014-05-08,[ 20:06 ],0,437
11287,2014-05-08,[ 20:07 ],0,439
11288,2014-05-08,[ 20:08 ],0,432
11289,2014-05-08,[ 20:09 ],0,443
11290,2014-05-08,[ 20:10 ],0,434
11291,2014-05-08,[ 20:11 ],0,437
11292,2014-05-08,[ 20:12 ],0,437
11293,2014-05-08,[ 20:13 ],0,441
11294,2014-05-08,[ 20:14 ],0,434
11295,2014-05-08,[ 20:15 ],0,437
11296,2014-05-08,[ 20:16 ],0,430
11297,2014-05-08,[ 20:17 ],0,430
11298,2014-05-08,[ 20:18 ],0,438
11299,2014-05-08,[ 20:19 ],0,438
11300,2014-05-08,[ 20:20 ],0,435
11301,2014-05-08,[ 20:21 ],0,437
11302,2014-05-08,[ 20:22 ],0,443
11303,2014-05-08,[ 20:23 ],0,443
11304,2014-05-08,[ 20:24 ],0,434
11305,2014-05-08,[ 20:25 ],0,509
11306,2014-05-08,[ 20:26 ],0,523
11307,2014-05-08,[ 20:27 ],0,510
11308,2014-05-08,[ 20:28 ],0,508
11309,2014-05-08,[ 20:29 ],0,515
11310,2014-05-08,[ 20:30 ],0,507
11311,2014-05-08,[ 20:31 ],0,513
11312,2014-05-08,[ 20:32 ],0,508
11313,2014-05-08,[ 20:33 ],0,507
11314,2014-05-08,[ 20:34 ],0,505
11315,2014-05-08,[ 20:35 ],0,499
11316,2014-05-08,[ 20:36 ],0,504
11317,2014-05-08,[ 20:37 ],0,505
11318,2014-05-08,[ 20:38 ],0,505
11319,2014-05-08,[ 20:39 ],0,423
11320,2014-05-08,[ 20:40 ],0,429
11321,2014-05-08,[ 20:41 ],0,429
11322,2014-05-08,[ 20:42 ],0,433
11323,2014-05-08,[ 20:43 ],0,424
11324,2014-05-08,[ 20:44 ],0,430
11325,2014-05-08,[ 20:45 ],0,439
11326,2014-05-08,[ 20:46 ],0,435
11327,2014-05-08,[ 20:47 ],0,435
11328,2014-05-08,[ 20:48 ],0,430
11329,2014-05-08,[ 20:49 ],0,436
11330,2014-05-08,[ 20:50 ],0,444
11331,2014-05-08,[ 20:51 ],0,426
11332,2014-05-08,[ 20:52 ],0,436
11333,2014-05-08,[ 20:53 ],0,422
11334,2014-05-08,[ 20:54 ],0,444
11335,2014-05-08,[ 20:55 ],0,440
11336,2014-05-08,[ 20:56 ],0,433
11337,2014-05-08,[ 20:57 ],0,429
11338,2014-05-08,[ 20:58 ],0,444
11339,2014-05-08,[ 20:59 ],0,443
11340,2014-05-08,[ 21:00 ],0,417
11341,2014-05-08,[ 21:01 ],0,420
11342,2014-05-08,[ 21:02 ],0,429
11343,2014-05-08,[ 21:03 ],0,427
11344,2014-05-08,[ 21:04 ],0,426
11345,2014-05-08,[ 21:05 ],0,418
11346,2014-05-08,[ 21:06 ],0,415
11347,2014-05-08,[ 21:07 ],0,416
11348,2014-05-08,[ 21:08 ],0,411
11349,2014-05-08,[ 21:09 ],0,425
11350,2014-05-08,[ 21:10 ],0,436
11351,2014-05-08,[ 21:11 ],0,418
11352,2014-05-08,[ 21:12 ],0,421
11353,2014-05-08,[ 21:13 ],0,432
11354,2014-05-08,[ 21:14 ],0,416
11355,2014-05-08,[ 21:15 ],0,414
11356,2014-05-08,[ 21:16 ],0,418
11357,2014-05-08,[ 21:17 ],0,499
11358,2014-05-08,[ 21:18 ],0,499
11359,2014-05-08,[ 21:19 ],0,516
11360,2014-05-08,[ 21:20 ],0,516
11361,2014-05-08,[ 21:21 ],0,505
11362,2014-05-08,[ 21:22 ],0,513
11363,2014-05-08,[ 21:23 ],0,505
11364,2014-05-08,[ 21:24 ],0,496
11365,2014-05-08,[ 21:25 ],0,506
11366,2014-05-08,[ 21:26 ],0,518
11367,2014-05-08,[ 21:27 ],0,505
11368,2014-05-08,[ 21:28 ],0,500
11369,2014-05-08,[ 21:29 ],0,514
11370,2014-05-08,[ 21:30 ],0,506
11371,2014-05-08,[ 21:31 ],0,483
11372,2014-05-08,[ 21:32 ],0,484
11373,2014-05-08,[ 21:33 ],0,318
11374,2014-05-08,[ 21:34 ],0,277
11375,2014-05-08,[ 21:35 ],0,275
11376,2014-05-08,[ 21:36 ],0,251
11377,2014-05-08,[ 21:37 ],0,252
11378,2014-05-08,[ 21:38 ],0,273
11379,2014-05-08,[ 21:39 ],0,272
11380,2014-05-08,[ 21:40 ],0,272
11381,2014-05-08,[ 21:41 ],0,254
11382,2014-05-08,[ 21:42 ],0,246
11383,2014-05-08,[ 21:43 ],0,260
11384,2014-05-08,[ 21:44 ],0,262
11385,2014-05-08,[ 21:45 ],0,261
11386,2014-05-08,[ 21:46 ],0,259
11387,2014-05-08,[ 21:47 ],0,261
11388,2014-05-08,[ 21:48 ],0,261
11389,2014-05-08,[ 21:49 ],0,261
11390,2014-05-08,[ 21:50 ],0,259
11391,2014-05-08,[ 21:51 ],0,264
11392,2014-05-08,[ 21:52 ],0,266
11393,2014-05-08,[ 21:53 ],0,266
11394,2014-05-08,[ 21:54 ],0,261
11395,2014-05-08,[ 21:55 ],0,258
11396,2014-05-08,[ 21:56 ],0,259
11397,2014-05-08,[ 21:57 ],0,259
11398,2014-05-08,[ 21:58 ],0,258
11399,2014-05-08,[ 21:59 ],0,258
11400,2014-05-08,[ 22:00 ],0,260
11401,2014-05-08,[ 22:01 ],0,260
11402,2014-05-08,[ 22:02 ],0,260
11403,2014-05-08,[ 22:03 ],0,196
11404,2014-05-08,[ 22:04 ],0,194
11405,2014-05-08,[ 22:05 ],0,192
11406,2014-05-08,[ 22:06 ],0,192
11407,2014-05-08,[ 22:07 ],0,194
11408,2014-05-08,[ 22:08 ],0,194
11409,2014-05-08,[ 22:09 ],0,194
11410,2014-05-08,[ 22:10 ],0,191
11411,2014-05-08,[ 22:11 ],0,193
11412,2014-05-08,[ 22:12 ],0,192
11413,2014-05-08,[ 22:13 ],0,190
11414,2014-05-08,[ 22:14 ],0,191
11415,2014-05-08,[ 22:15 ],0,192
11416,2014-05-08,[ 22:16 ],0,204
11417,2014-05-08,[ 22:17 ],0,204
11418,2014-05-08,[ 22:18 ],0,202
11419,2014-05-08,[ 22:19 ],0,203
11420,2014-05-08,[ 22:20 ],0,200
11421,2014-05-08,[ 22:21 ],0,191
11422,2014-05-08,[ 22:22 ],0,190
11423,2014-05-08,[ 22:23 ],0,191
11424,2014-05-08,[ 22:24 ],0,192
11425,2014-05-08,[ 22:25 ],0,192
11426,2014-05-08,[ 22:26 ],0,190
11427,2014-05-08,[ 22:27 ],0,191
11428,2014-05-08,[ 22:28 ],0,190
11429,2014-05-08,[ 22:29 ],0,188
11430,2014-05-08,[ 22:30 ],0,189
11431,2014-05-08,[ 22:31 ],0,189
11432,2014-05-08,[ 22:32 ],0,190
11433,2014-05-08,[ 22:33 ],0,194
11434,2014-05-08,[ 22:34 ],0,191
11435,2014-05-08,[ 22:35 ],0,189
11436,2014-05-08,[ 22:36 ],0,191
11437,2014-05-08,[ 22:37 ],0,194
11438,2014-05-08,[ 22:38 ],0,199
11439,2014-05-08,[ 22:39 ],0,195
11440,2014-05-08,[ 22:40 ],0,190
11441,2014-05-08,[ 22:41 ],0,278
11442,2014-05-08,[ 22:42 ],0,251
11443,2014-05-08,[ 22:43 ],0,253
11444,2014-05-08,[ 22:44 ],0,253
11445,2014-05-08,[ 22:45 ],0,254
11446,2014-05-08,[ 22:46 ],0,251
11447,2014-05-08,[ 22:47 ],0,251
11448,2014-05-08,[ 22:48 ],0,249
11449,2014-05-08,[ 22:49 ],0,249
11450,2014-05-08,[ 22:50 ],0,248
11451,2014-05-08,[ 22:51 ],0,248
11452,2014-05-08,[ 22:52 ],0,248
11453,2014-05-08,[ 22:53 ],0,245
11454,2014-05-08,[ 22:54 ],0,185
11455,2014-05-08,[ 22:55 ],0,187
11456,2014-05-08,[ 22:56 ],0,186
11457,2014-05-08,[ 22:57 ],0,187
11458,2014-05-08,[ 22:58 ],0,185
11459,2014-05-08,[ 22:59 ],0,187
11460,2014-05-08,[ 23:00 ],0,188
11461,2014-05-08,[ 23:01 ],0,188
11462,2014-05-08,[ 23:02 ],0,187
11463,2014-05-08,[ 23:03 ],0,190
11464,2014-05-08,[ 23:04 ],0,190
11465,2014-05-08,[ 23:05 ],0,190
11466,2014-05-08,[ 23:06 ],0,188
11467,2014-05-08,[ 23:07 ],0,188
11468,2014-05-08,[ 23:08 ],0,186
11469,2014-05-08,[ 23:09 ],0,186
11470,2014-05-08,[ 23:10 ],0,188
11471,2014-05-08,[ 23:11 ],0,185
11472,2014-05-08,[ 23:12 ],0,187
11473,2014-05-08,[ 23:13 ],0,189
11474,2014-05-08,[ 23:14 ],0,186
11475,2014-05-08,[ 23:15 ],0,185
11476,2014-05-08,[ 23:16 ],0,185
11477,2014-05-08,[ 23:17 ],0,185
11478,2014-05-08,[ 23:18 ],0,185
11479,2014-05-08,[ 23:19 ],0,184
11480,2014-05-08,[ 23:20 ],0,182
11481,2014-05-08,[ 23:21 ],0,185
11482,2014-05-08,[ 23:22 ],0,185
11483,2014-05-08,[ 23:23 ],0,185
11484,2014-05-08,[ 23:24 ],0,182
11485,2014-05-08,[ 23:25 ],0,183
11486,2014-05-08,[ 23:26 ],0,185
11487,2014-05-08,[ 23:27 ],0,185
11488,2014-05-08,[ 23:28 ],0,185
11489,2014-05-08,[ 23:29 ],0,184
11490,2014-05-08,[ 23:30 ],0,184
11491,2014-05-08,[ 23:31 ],0,184
11492,2014-05-08,[ 23:32 ],0,182
11493,2014-05-08,[ 23:33 ],0,182
11494,2014-05-08,[ 23:34 ],0,184
11495,2014-05-08,[ 23:35 ],0,1324
11496,2014-05-08,[ 23:36 ],0,250
11497,2014-05-08,[ 23:37 ],0,245
11498,2014-05-08,[ 23:38 ],0,245
11499,2014-05-08,[ 23:39 ],0,245
11500,2014-05-08,[ 23:40 ],0,243
11501,2014-05-08,[ 23:41 ],0,242
11502,2014-05-08,[ 23:42 ],0,240
11503,2014-05-08,[ 23:43 ],0,243
11504,2014-05-08,[ 23:44 ],0,242
11505,2014-05-08,[ 23:45 ],0,243
11506,2014-05-08,[ 23:46 ],0,250
11507,2014-05-08,[ 23:47 ],0,250
11508,2014-05-08,[ 23:48 ],0,249
11509,2014-05-08,[ 23:49 ],0,249
11510,2014-05-08,[ 23:50 ],0,248
11511,2014-05-08,[ 23:51 ],0,249
11512,2014-05-08,[ 23:52 ],0,247
11513,2014-05-08,[ 23:53 ],0,245
11514,2014-05-08,[ 23:54 ],0,248
11515,2014-05-08,[ 23:55 ],0,242
11516,2014-05-08,[ 23:56 ],0,242
11517,2014-05-08,[ 23:57 ],0,241
11518,2014-05-08,[ 23:58 ],0,243
11519,2014-05-08,[ 23:59 ],0,245
11520,2014-05-09,[ 00:00 ],0,243
11521,2014-05-09,[ 00:01 ],0,245
11522,2014-05-09,[ 00:02 ],0,245
11523,2014-05-09,[ 00:03 ],0,246
11524,2014-05-09,[ 00:04 ],0,246
11525,2014-05-09,[ 00:05 ],0,242
11526,2014-05-09,[ 00:06 ],0,243
11527,2014-05-09,[ 00:07 ],0,245
11528,2014-05-09,[ 00:08 ],0,240
11529,2014-05-09,[ 00:09 ],0,241
11530,2014-05-09,[ 00:10 ],0,243
11531,2014-05-09,[ 00:11 ],0,241
11532,2014-05-09,[ 00:12 ],0,243
11533,2014-05-09,[ 00:13 ],0,241
11534,2014-05-09,[ 00:14 ],0,243
11535,2014-05-09,[ 00:15 ],0,243
11536,2014-05-09,[ 00:16 ],0,242
11537,2014-05-09,[ 00:17 ],0,242
11538,2014-05-09,[ 00:18 ],0,247
11539,2014-05-09,[ 00:19 ],0,246
11540,2014-05-09,[ 00:20 ],0,240
11541,2014-05-09,[ 00:21 ],0,240
11542,2014-05-09,[ 00:22 ],0,178
11543,2014-05-09,[ 00:23 ],0,177
11544,2014-05-09,[ 00:24 ],0,179
11545,2014-05-09,[ 00:25 ],0,180
11546,2014-05-09,[ 00:26 ],0,177
11547,2014-05-09,[ 00:27 ],0,178
11548,2014-05-09,[ 00:28 ],0,177
11549,2014-05-09,[ 00:29 ],0,175
11550,2014-05-09,[ 00:30 ],0,175
11551,2014-05-09,[ 00:31 ],0,176
11552,2014-05-09,[ 00:32 ],0,178
11553,2014-05-09,[ 00:33 ],0,178
11554,2014-05-09,[ 00:34 ],0,178
11555,2014-05-09,[ 00:35 ],0,177
11556,2014-05-09,[ 00:36 ],0,178
11557,2014-05-09,[ 00:37 ],0,178
11558,2014-05-09,[ 00:38 ],0,178
11559,2014-05-09,[ 00:39 ],0,177
11560,2014-05-09,[ 00:40 ],0,177
11561,2014-05-09,[ 00:41 ],0,177
11562,2014-05-09,[ 00:42 ],0,178
11563,2014-05-09,[ 00:43 ],0,178
11564,2014-05-09,[ 00:44 ],0,176
11565,2014-05-09,[ 00:45 ],0,177
11566,2014-05-09,[ 00:46 ],0,178
11567,2014-05-09,[ 00:47 ],0,175
11568,2014-05-09,[ 00:48 ],0,176
11569,2014-05-09,[ 00:49 ],0,177
11570,2014-05-09,[ 00:50 ],0,178
11571,2014-05-09,[ 00:51 ],0,177
11572,2014-05-09,[ 00:52 ],0,176
11573,2014-05-09,[ 00:53 ],0,176
11574,2014-05-09,[ 00:54 ],0,176
11575,2014-05-09,[ 00:55 ],0,175
11576,2014-05-09,[ 00:56 ],0,250
11577,2014-05-09,[ 00:57 ],0,245
11578,2014-05-09,[ 00:58 ],0,241
11579,2014-05-09,[ 00:59 ],0,241
11580,2014-05-09,[ 01:00 ],0,242
11581,2014-05-09,[ 01:01 ],0,241
11582,2014-05-09,[ 01:02 ],0,241
11583,2014-05-09,[ 01:03 ],0,241
11584,2014-05-09,[ 01:04 ],0,241
11585,2014-05-09,[ 01:05 ],0,238
11586,2014-05-09,[ 01:06 ],0,237
11587,2014-05-09,[ 01:07 ],0,238
11588,2014-05-09,[ 01:08 ],0,234
11589,2014-05-09,[ 01:09 ],0,177
11590,2014-05-09,[ 01:10 ],0,176
11591,2014-05-09,[ 01:11 ],0,175
11592,2014-05-09,[ 01:12 ],0,175
11593,2014-05-09,[ 01:13 ],0,176
11594,2014-05-09,[ 01:14 ],0,175
11595,2014-05-09,[ 01:15 ],0,176
11596,2014-05-09,[ 01:16 ],0,178
11597,2014-05-09,[ 01:17 ],0,175
11598,2014-05-09,[ 01:18 ],0,174
11599,2014-05-09,[ 01:19 ],0,174
11600,2014-05-09,[ 01:20 ],0,177
11601,2014-05-09,[ 01:21 ],0,176
11602,2014-05-09,[ 01:22 ],0,178
11603,2014-05-09,[ 01:23 ],0,177
11604,2014-05-09,[ 01:24 ],0,175
11605,2014-05-09,[ 01:25 ],0,174
11606,2014-05-09,[ 01:26 ],0,177
11607,2014-05-09,[ 01:27 ],0,176
11608,2014-05-09,[ 01:28 ],0,177
11609,2014-05-09,[ 01:29 ],0,177
11610,2014-05-09,[ 01:30 ],0,175
11611,2014-05-09,[ 01:31 ],0,176
11612,2014-05-09,[ 01:32 ],0,176
11613,2014-05-09,[ 01:33 ],0,174
11614,2014-05-09,[ 01:34 ],0,175
11615,2014-05-09,[ 01:35 ],0,175
11616,2014-05-09,[ 01:36 ],0,176
11617,2014-05-09,[ 01:37 ],0,175
11618,2014-05-09,[ 01:38 ],0,176
11619,2014-05-09,[ 01:39 ],0,176
11620,2014-05-09,[ 01:40 ],0,175
11621,2014-05-09,[ 01:41 ],0,176
11622,2014-05-09,[ 01:42 ],0,175
11623,2014-05-09,[ 01:43 ],0,173
11624,2014-05-09,[ 01:44 ],0,176
11625,2014-05-09,[ 01:45 ],0,175
11626,2014-05-09,[ 01:46 ],0,388
11627,2014-05-09,[ 01:47 ],0,390
11628,2014-05-09,[ 01:48 ],0,387
11629,2014-05-09,[ 01:49 ],0,389
11630,2014-05-09,[ 01:50 ],0,389
11631,2014-05-09,[ 01:51 ],0,391
11632,2014-05-09,[ 01:52 ],0,387
11633,2014-05-09,[ 01:53 ],0,386
11634,2014-05-09,[ 01:54 ],0,383
11635,2014-05-09,[ 01:55 ],0,407
11636,2014-05-09,[ 01:56 ],0,397
11637,2014-05-09,[ 01:57 ],0,185
11638,2014-05-09,[ 01:58 ],0,185
11639,2014-05-09,[ 01:59 ],0,185
11640,2014-05-09,[ 02:00 ],0,185
11641,2014-05-09,[ 02:01 ],0,185
11642,2014-05-09,[ 02:02 ],0,184
11643,2014-05-09,[ 02:03 ],0,184
11644,2014-05-09,[ 02:04 ],0,185
11645,2014-05-09,[ 02:05 ],0,185
11646,2014-05-09,[ 02:06 ],0,185
11647,2014-05-09,[ 02:07 ],0,182
11648,2014-05-09,[ 02:08 ],0,181
11649,2014-05-09,[ 02:09 ],0,195
11650,2014-05-09,[ 02:10 ],0,193
11651,2014-05-09,[ 02:11 ],0,318
11652,2014-05-09,[ 02:12 ],0,266
11653,2014-05-09,[ 02:13 ],0,274
11654,2014-05-09,[ 02:14 ],0,252
11655,2014-05-09,[ 02:15 ],0,253
11656,2014-05-09,[ 02:16 ],0,240
11657,2014-05-09,[ 02:17 ],0,240
11658,2014-05-09,[ 02:18 ],0,236
11659,2014-05-09,[ 02:19 ],0,239
11660,2014-05-09,[ 02:20 ],0,235
11661,2014-05-09,[ 02:21 ],0,235
11662,2014-05-09,[ 02:22 ],0,236
11663,2014-05-09,[ 02:23 ],0,238
11664,2014-05-09,[ 02:24 ],0,237
11665,2014-05-09,[ 02:25 ],0,239
11666,2014-05-09,[ 02:26 ],0,238
11667,2014-05-09,[ 02:27 ],0,238
11668,2014-05-09,[ 02:28 ],0,236
11669,2014-05-09,[ 02:29 ],0,234
11670,2014-05-09,[ 02:30 ],0,236
11671,2014-05-09,[ 02:31 ],0,238
11672,2014-05-09,[ 02:32 ],0,237
11673,2014-05-09,[ 02:33 ],0,239
11674,2014-05-09,[ 02:34 ],0,235
11675,2014-05-09,[ 02:35 ],0,236
11676,2014-05-09,[ 02:36 ],0,237
11677,2014-05-09,[ 02:37 ],0,238
11678,2014-05-09,[ 02:38 ],0,237
11679,2014-05-09,[ 02:39 ],0,237
11680,2014-05-09,[ 02:40 ],0,237
11681,2014-05-09,[ 02:41 ],0,238
11682,2014-05-09,[ 02:42 ],0,238
11683,2014-05-09,[ 02:43 ],0,238
11684,2014-05-09,[ 02:44 ],0,235
11685,2014-05-09,[ 02:45 ],0,238
11686,2014-05-09,[ 02:46 ],0,241
11687,2014-05-09,[ 02:47 ],0,248
11688,2014-05-09,[ 02:48 ],0,250
11689,2014-05-09,[ 02:49 ],0,248
11690,2014-05-09,[ 02:50 ],0,247
11691,2014-05-09,[ 02:51 ],0,246
11692,2014-05-09,[ 02:52 ],0,248
11693,2014-05-09,[ 02:53 ],0,245
11694,2014-05-09,[ 02:54 ],0,242
11695,2014-05-09,[ 02:55 ],0,242
11696,2014-05-09,[ 02:56 ],0,239
11697,2014-05-09,[ 02:57 ],0,241
11698,2014-05-09,[ 02:58 ],0,240
11699,2014-05-09,[ 02:59 ],0,240
11700,2014-05-09,[ 03:00 ],0,239
11701,2014-05-09,[ 03:01 ],0,241
11702,2014-05-09,[ 03:02 ],0,239
11703,2014-05-09,[ 03:03 ],0,239
11704,2014-05-09,[ 03:04 ],0,238
11705,2014-05-09,[ 03:05 ],0,237
11706,2014-05-09,[ 03:06 ],0,237
11707,2014-05-09,[ 03:07 ],0,236
11708,2014-05-09,[ 03:08 ],0,235
11709,2014-05-09,[ 03:09 ],0,237
11710,2014-05-09,[ 03:10 ],0,234
11711,2014-05-09,[ 03:11 ],0,235
11712,2014-05-09,[ 03:12 ],0,237
11713,2014-05-09,[ 03:13 ],0,235
11714,2014-05-09,[ 03:14 ],0,176
11715,2014-05-09,[ 03:15 ],0,177
11716,2014-05-09,[ 03:16 ],0,175
11717,2014-05-09,[ 03:17 ],0,175
11718,2014-05-09,[ 03:18 ],0,175
11719,2014-05-09,[ 03:19 ],0,177
11720,2014-05-09,[ 03:20 ],0,176
11721,2014-05-09,[ 03:21 ],0,176
11722,2014-05-09,[ 03:22 ],0,176
11723,2014-05-09,[ 03:23 ],0,175
11724,2014-05-09,[ 03:24 ],0,176
11725,2014-05-09,[ 03:25 ],0,174
11726,2014-05-09,[ 03:26 ],0,177
11727,2014-05-09,[ 03:27 ],0,174
11728,2014-05-09,[ 03:28 ],0,173
11729,2014-05-09,[ 03:29 ],0,175
11730,2014-05-09,[ 03:30 ],0,173
11731,2014-05-09,[ 03:31 ],0,175
11732,2014-05-09,[ 03:32 ],0,175
11733,2014-05-09,[ 03:33 ],0,173
11734,2014-05-09,[ 03:34 ],0,174
11735,2014-05-09,[ 03:35 ],0,176
11736,2014-05-09,[ 03:36 ],0,175
11737,2014-05-09,[ 03:37 ],0,175
11738,2014-05-09,[ 03:38 ],0,178
11739,2014-05-09,[ 03:39 ],0,178
11740,2014-05-09,[ 03:40 ],0,177
11741,2014-05-09,[ 03:41 ],0,177
11742,2014-05-09,[ 03:42 ],0,176
11743,2014-05-09,[ 03:43 ],0,175
11744,2014-05-09,[ 03:44 ],0,175
11745,2014-05-09,[ 03:45 ],0,176
11746,2014-05-09,[ 03:46 ],0,175
11747,2014-05-09,[ 03:47 ],0,175
11748,2014-05-09,[ 03:48 ],0,174
11749,2014-05-09,[ 03:49 ],0,176
11750,2014-05-09,[ 03:50 ],0,176
11751,2014-05-09,[ 03:51 ],0,179
11752,2014-05-09,[ 03:52 ],0,176
11753,2014-05-09,[ 03:53 ],0,177
11754,2014-05-09,[ 03:54 ],0,177
11755,2014-05-09,[ 03:55 ],0,176
11756,2014-05-09,[ 03:56 ],0,176
11757,2014-05-09,[ 03:57 ],0,176
11758,2014-05-09,[ 03:58 ],0,247
11759,2014-05-09,[ 03:59 ],0,246
11760,2014-05-09,[ 04:00 ],0,242
11761,2014-05-09,[ 04:01 ],0,242
11762,2014-05-09,[ 04:02 ],0,241
11763,2014-05-09,[ 04:03 ],0,242
11764,2014-05-09,[ 04:04 ],0,242
11765,2014-05-09,[ 04:05 ],0,240
11766,2014-05-09,[ 04:06 ],0,240
11767,2014-05-09,[ 04:07 ],0,239
11768,2014-05-09,[ 04:08 ],0,237
11769,2014-05-09,[ 04:09 ],0,239
11770,2014-05-09,[ 04:10 ],0,239
11771,2014-05-09,[ 04:11 ],0,175
11772,2014-05-09,[ 04:12 ],0,175
11773,2014-05-09,[ 04:13 ],0,175
11774,2014-05-09,[ 04:14 ],0,176
11775,2014-05-09,[ 04:15 ],0,176
11776,2014-05-09,[ 04:16 ],0,176
11777,2014-05-09,[ 04:17 ],0,174
11778,2014-05-09,[ 04:18 ],0,177
11779,2014-05-09,[ 04:19 ],0,178
11780,2014-05-09,[ 04:20 ],0,176
11781,2014-05-09,[ 04:21 ],0,178
11782,2014-05-09,[ 04:22 ],0,181
11783,2014-05-09,[ 04:23 ],0,178
11784,2014-05-09,[ 04:24 ],0,178
11785,2014-05-09,[ 04:25 ],0,178
11786,2014-05-09,[ 04:26 ],0,174
11787,2014-05-09,[ 04:27 ],0,173
11788,2014-05-09,[ 04:28 ],0,174
11789,2014-05-09,[ 04:29 ],0,173
11790,2014-05-09,[ 04:30 ],0,173
11791,2014-05-09,[ 04:31 ],0,173
11792,2014-05-09,[ 04:32 ],0,172
11793,2014-05-09,[ 04:33 ],0,173
11794,2014-05-09,[ 04:34 ],0,174
11795,2014-05-09,[ 04:35 ],0,174
11796,2014-05-09,[ 04:36 ],0,330
11797,2014-05-09,[ 04:37 ],0,352
11798,2014-05-09,[ 04:38 ],0,341
11799,2014-05-09,[ 04:39 ],0,342
11800,2014-05-09,[ 04:40 ],0,336
11801,2014-05-09,[ 04:41 ],0,242
11802,2014-05-09,[ 04:42 ],0,242
11803,2014-05-09,[ 04:43 ],0,183
11804,2014-05-09,[ 04:44 ],0,242
11805,2014-05-09,[ 04:45 ],0,253
11806,2014-05-09,[ 04:46 ],0,260
11807,2014-05-09,[ 04:47 ],0,250
11808,2014-05-09,[ 04:48 ],0,265
11809,2014-05-09,[ 04:49 ],0,267
11810,2014-05-09,[ 04:50 ],0,267
11811,2014-05-09,[ 04:51 ],0,402
11812,2014-05-09,[ 04:52 ],0,407
11813,2014-05-09,[ 04:53 ],0,364
11814,2014-05-09,[ 04:54 ],0,353
11815,2014-05-09,[ 04:55 ],0,352
11816,2014-05-09,[ 04:56 ],0,335
11817,2014-05-09,[ 04:57 ],0,334
11818,2014-05-09,[ 04:58 ],0,333
11819,2014-05-09,[ 04:59 ],0,351
11820,2014-05-09,[ 05:00 ],0,309
11821,2014-05-09,[ 05:01 ],0,311
11822,2014-05-09,[ 05:02 ],0,311
11823,2014-05-09,[ 05:03 ],0,249
11824,2014-05-09,[ 05:04 ],0,250
11825,2014-05-09,[ 05:05 ],0,232
11826,2014-05-09,[ 05:06 ],0,229
11827,2014-05-09,[ 05:07 ],0,232
11828,2014-05-09,[ 05:08 ],0,236
11829,2014-05-09,[ 05:09 ],0,232
11830,2014-05-09,[ 05:10 ],0,236
11831,2014-05-09,[ 05:11 ],0,237
11832,2014-05-09,[ 05:12 ],0,236
11833,2014-05-09,[ 05:13 ],0,238
11834,2014-05-09,[ 05:14 ],0,246
11835,2014-05-09,[ 05:15 ],0,247
11836,2014-05-09,[ 05:16 ],0,252
11837,2014-05-09,[ 05:17 ],0,251
11838,2014-05-09,[ 05:18 ],0,250
11839,2014-05-09,[ 05:19 ],0,237
11840,2014-05-09,[ 05:20 ],0,236
11841,2014-05-09,[ 05:21 ],0,236
11842,2014-05-09,[ 05:22 ],0,238
11843,2014-05-09,[ 05:23 ],0,237
11844,2014-05-09,[ 05:24 ],0,236
11845,2014-05-09,[ 05:25 ],0,232
11846,2014-05-09,[ 05:26 ],0,236
11847,2014-05-09,[ 05:27 ],0,236
11848,2014-05-09,[ 05:28 ],0,236
11849,2014-05-09,[ 05:29 ],0,234
11850,2014-05-09,[ 05:30 ],0,231
11851,2014-05-09,[ 05:31 ],0,232
11852,2014-05-09,[ 05:32 ],0,225
11853,2014-05-09,[ 05:33 ],0,228
11854,2014-05-09,[ 05:34 ],0,228
11855,2014-05-09,[ 05:35 ],0,171
11856,2014-05-09,[ 05:36 ],0,171
11857,2014-05-09,[ 05:37 ],0,172
11858,2014-05-09,[ 05:38 ],0,172
11859,2014-05-09,[ 05:39 ],0,171
11860,2014-05-09,[ 05:40 ],0,171
11861,2014-05-09,[ 05:41 ],0,171
11862,2014-05-09,[ 05:42 ],0,172
11863,2014-05-09,[ 05:43 ],0,170
11864,2014-05-09,[ 05:44 ],0,171
11865,2014-05-09,[ 05:45 ],0,171
11866,2014-05-09,[ 05:46 ],0,171
11867,2014-05-09,[ 05:47 ],0,171
11868,2014-05-09,[ 05:48 ],0,172
11869,2014-05-09,[ 05:49 ],0,171
11870,2014-05-09,[ 05:50 ],0,171
11871,2014-05-09,[ 05:51 ],0,171
11872,2014-05-09,[ 05:52 ],0,172
11873,2014-05-09,[ 05:53 ],0,171
11874,2014-05-09,[ 05:54 ],0,172
11875,2014-05-09,[ 05:55 ],0,171
11876,2014-05-09,[ 05:56 ],0,172
11877,2014-05-09,[ 05:57 ],0,172
11878,2014-05-09,[ 05:58 ],0,171
11879,2014-05-09,[ 05:59 ],0,175
11880,2014-05-09,[ 06:00 ],0,173
11881,2014-05-09,[ 06:01 ],0,178
11882,2014-05-09,[ 06:02 ],0,175
11883,2014-05-09,[ 06:03 ],0,173
11884,2014-05-09,[ 06:04 ],0,176
11885,2014-05-09,[ 06:05 ],0,171
11886,2014-05-09,[ 06:06 ],0,172
11887,2014-05-09,[ 06:07 ],0,169
11888,2014-05-09,[ 06:08 ],0,173
11889,2014-05-09,[ 06:09 ],0,172
11890,2014-05-09,[ 06:10 ],0,170
11891,2014-05-09,[ 06:11 ],0,171
11892,2014-05-09,[ 06:12 ],0,172
11893,2014-05-09,[ 06:13 ],0,174
11894,2014-05-09,[ 06:14 ],0,170
11895,2014-05-09,[ 06:15 ],0,241
11896,2014-05-09,[ 06:16 ],0,241
11897,2014-05-09,[ 06:17 ],0,232
11898,2014-05-09,[ 06:18 ],0,232
11899,2014-05-09,[ 06:19 ],0,231
11900,2014-05-09,[ 06:20 ],0,231
11901,2014-05-09,[ 06:21 ],0,225
11902,2014-05-09,[ 06:22 ],0,231
11903,2014-05-09,[ 06:23 ],0,231
11904,2014-05-09,[ 06:24 ],0,228
11905,2014-05-09,[ 06:25 ],0,225
11906,2014-05-09,[ 06:26 ],0,227
11907,2014-05-09,[ 06:27 ],0,223
11908,2014-05-09,[ 06:28 ],0,171
11909,2014-05-09,[ 06:29 ],0,170
11910,2014-05-09,[ 06:30 ],0,172
11911,2014-05-09,[ 06:31 ],0,171
11912,2014-05-09,[ 06:32 ],0,171
11913,2014-05-09,[ 06:33 ],0,171
11914,2014-05-09,[ 06:34 ],0,173
11915,2014-05-09,[ 06:35 ],0,174
11916,2014-05-09,[ 06:36 ],0,176
11917,2014-05-09,[ 06:37 ],0,171
11918,2014-05-09,[ 06:38 ],0,171
11919,2014-05-09,[ 06:39 ],0,173
11920,2014-05-09,[ 06:40 ],0,172
11921,2014-05-09,[ 06:41 ],0,175
11922,2014-05-09,[ 06:42 ],0,680
11923,2014-05-09,[ 06:43 ],0,966
11924,2014-05-09,[ 06:44 ],0,2700
11925,2014-05-09,[ 06:45 ],0,4439
11926,2014-05-09,[ 06:46 ],0,6849
11927,2014-05-09,[ 06:47 ],0,6807
11928,2014-05-09,[ 06:48 ],0,5909
11929,2014-05-09,[ 06:49 ],0,5931
11930,2014-05-09,[ 06:50 ],0,5849
11931,2014-05-09,[ 06:51 ],0,4343
11932,2014-05-09,[ 06:52 ],0,4181
11933,2014-05-09,[ 06:53 ],0,4210
11934,2014-05-09,[ 06:54 ],0,3961
11935,2014-05-09,[ 06:55 ],0,3569
11936,2014-05-09,[ 06:56 ],0,2845
11937,2014-05-09,[ 06:57 ],0,2845
11938,2014-05-09,[ 06:58 ],0,2850
11939,2014-05-09,[ 06:59 ],0,2902
11940,2014-05-09,[ 07:00 ],0,2782
11941,2014-05-09,[ 07:01 ],0,2915
11942,2014-05-09,[ 07:02 ],0,1503
11943,2014-05-09,[ 07:03 ],0,1337
11944,2014-05-09,[ 07:04 ],0,1357
11945,2014-05-09,[ 07:05 ],0,1420
11946,2014-05-09,[ 07:06 ],0,1350
11947,2014-05-09,[ 07:07 ],0,2745
11948,2014-05-09,[ 07:08 ],0,2716
11949,2014-05-09,[ 07:09 ],0,1469
11950,2014-05-09,[ 07:10 ],0,1432
11951,2014-05-09,[ 07:11 ],0,1685
11952,2014-05-09,[ 07:12 ],0,1342
11953,2014-05-09,[ 07:13 ],0,2807
11954,2014-05-09,[ 07:14 ],0,2890
11955,2014-05-09,[ 07:15 ],0,1702
11956,2014-05-09,[ 07:16 ],0,1381
11957,2014-05-09,[ 07:17 ],0,1317
11958,2014-05-09,[ 07:18 ],0,1489
11959,2014-05-09,[ 07:19 ],0,1450
11960,2014-05-09,[ 07:20 ],0,2805
11961,2014-05-09,[ 07:21 ],0,1426
11962,2014-05-09,[ 07:22 ],0,1279
11963,2014-05-09,[ 07:23 ],0,1516
11964,2014-05-09,[ 07:24 ],0,1668
11965,2014-05-09,[ 07:25 ],0,1397
11966,2014-05-09,[ 07:26 ],0,1396
11967,2014-05-09,[ 07:27 ],0,1496
11968,2014-05-09,[ 07:28 ],0,1496
11969,2014-05-09,[ 07:29 ],0,1692
11970,2014-05-09,[ 07:30 ],0,1692
11971,2014-05-09,[ 07:31 ],0,1735
11972,2014-05-09,[ 07:32 ],0,1397
11973,2014-05-09,[ 07:33 ],0,1324
11974,2014-05-09,[ 07:34 ],0,1485
11975,2014-05-09,[ 07:35 ],0,1497
11976,2014-05-09,[ 07:36 ],0,1497
11977,2014-05-09,[ 07:37 ],0,970
11978,2014-05-09,[ 07:38 ],0,553
11979,2014-05-09,[ 07:39 ],0,680
11980,2014-05-09,[ 07:40 ],0,2010
11981,2014-05-09,[ 07:41 ],0,1950
11982,2014-05-09,[ 07:42 ],0,872
11983,2014-05-09,[ 07:43 ],0,820
11984,2014-05-09,[ 07:44 ],0,820
11985,2014-05-09,[ 07:45 ],0,700
11986,2014-05-09,[ 07:46 ],0,1113
11987,2014-05-09,[ 07:47 ],0,1113
11988,2014-05-09,[ 07:48 ],0,1670
11989,2014-05-09,[ 07:49 ],0,1848
11990,2014-05-09,[ 07:50 ],0,959
11991,2014-05-09,[ 07:51 ],0,1952
11992,2014-05-09,[ 07:52 ],0,1575
11993,2014-05-09,[ 07:53 ],0,1130
11994,2014-05-09,[ 07:54 ],0,1130
11995,2014-05-09,[ 07:55 ],0,671
11996,2014-05-09,[ 07:56 ],0,609
11997,2014-05-09,[ 07:57 ],0,792
11998,2014-05-09,[ 07:58 ],0,975
11999,2014-05-09,[ 07:59 ],0,1474
12000,2014-05-09,[ 08:00 ],0,1411
12001,2014-05-09,[ 08:01 ],0,1832
12002,2014-05-09,[ 08:02 ],0,1857
12003,2014-05-09,[ 08:03 ],0,1667
12004,2014-05-09,[ 08:04 ],0,1441
12005,2014-05-09,[ 08:05 ],0,530
12006,2014-05-09,[ 08:06 ],0,511
12007,2014-05-09,[ 08:07 ],0,765
12008,2014-05-09,[ 08:08 ],0,646
12009,2014-05-09,[ 08:09 ],0,607
12010,2014-05-09,[ 08:10 ],0,588
12011,2014-05-09,[ 08:11 ],0,498
12012,2014-05-09,[ 08:12 ],0,713
12013,2014-05-09,[ 08:13 ],0,893
12014,2014-05-09,[ 08:14 ],0,829
12015,2014-05-09,[ 08:15 ],0,810
12016,2014-05-09,[ 08:16 ],0,584
12017,2014-05-09,[ 08:17 ],0,566
12018,2014-05-09,[ 08:18 ],0,214
12019,2014-05-09,[ 08:19 ],0,212
12020,2014-05-09,[ 08:20 ],0,213
12021,2014-05-09,[ 08:21 ],0,213
12022,2014-05-09,[ 08:22 ],0,213
12023,2014-05-09,[ 08:23 ],0,202
12024,2014-05-09,[ 08:24 ],0,203
12025,2014-05-09,[ 08:25 ],0,204
12026,2014-05-09,[ 08:26 ],0,201
12027,2014-05-09,[ 08:27 ],0,203
12028,2014-05-09,[ 08:28 ],0,201
12029,2014-05-09,[ 08:29 ],0,202
12030,2014-05-09,[ 08:30 ],0,202
12031,2014-05-09,[ 08:31 ],0,205
12032,2014-05-09,[ 08:32 ],0,205
12033,2014-05-09,[ 08:33 ],0,203
12034,2014-05-09,[ 08:34 ],0,204
12035,2014-05-09,[ 08:35 ],0,204
12036,2014-05-09,[ 08:36 ],0,204
12037,2014-05-09,[ 08:37 ],0,278
12038,2014-05-09,[ 08:38 ],0,277
12039,2014-05-09,[ 08:39 ],0,272
12040,2014-05-09,[ 08:40 ],0,272
12041,2014-05-09,[ 08:41 ],0,271
12042,2014-05-09,[ 08:42 ],0,271
12043,2014-05-09,[ 08:43 ],0,270
12044,2014-05-09,[ 08:44 ],0,270
12045,2014-05-09,[ 08:45 ],0,271
12046,2014-05-09,[ 08:46 ],0,266
12047,2014-05-09,[ 08:47 ],0,265
12048,2014-05-09,[ 08:48 ],0,265
12049,2014-05-09,[ 08:49 ],0,202
12050,2014-05-09,[ 08:50 ],0,201
12051,2014-05-09,[ 08:51 ],0,204
12052,2014-05-09,[ 08:52 ],0,203
12053,2014-05-09,[ 08:53 ],0,203
12054,2014-05-09,[ 08:54 ],0,203
12055,2014-05-09,[ 08:55 ],0,203
12056,2014-05-09,[ 08:56 ],0,202
12057,2014-05-09,[ 08:57 ],0,203
12058,2014-05-09,[ 08:58 ],0,202
12059,2014-05-09,[ 08:59 ],0,206
12060,2014-05-09,[ 09:00 ],0,202
12061,2014-05-09,[ 09:01 ],0,205
12062,2014-05-09,[ 09:02 ],0,205
12063,2014-05-09,[ 09:03 ],0,206
12064,2014-05-09,[ 09:04 ],0,202
12065,2014-05-09,[ 09:05 ],0,202
12066,2014-05-09,[ 09:06 ],0,199
12067,2014-05-09,[ 09:07 ],0,200
12068,2014-05-09,[ 09:08 ],0,201
12069,2014-05-09,[ 09:09 ],0,201
12070,2014-05-09,[ 09:10 ],0,206
12071,2014-05-09,[ 09:11 ],0,204
12072,2014-05-09,[ 09:12 ],0,201
12073,2014-05-09,[ 09:13 ],0,203
12074,2014-05-09,[ 09:14 ],0,202
12075,2014-05-09,[ 09:15 ],0,204
12076,2014-05-09,[ 09:16 ],0,203
12077,2014-05-09,[ 09:17 ],0,205
12078,2014-05-09,[ 09:18 ],0,204
12079,2014-05-09,[ 09:19 ],0,205
12080,2014-05-09,[ 09:20 ],0,203
12081,2014-05-09,[ 09:21 ],0,203
12082,2014-05-09,[ 09:22 ],0,204
12083,2014-05-09,[ 09:23 ],0,205
12084,2014-05-09,[ 09:24 ],0,203
12085,2014-05-09,[ 09:25 ],0,814
12086,2014-05-09,[ 09:26 ],0,747
12087,2014-05-09,[ 09:27 ],0,657
12088,2014-05-09,[ 09:28 ],0,203
12089,2014-05-09,[ 09:29 ],0,202
12090,2014-05-09,[ 09:30 ],0,203
12091,2014-05-09,[ 09:31 ],0,280
12092,2014-05-09,[ 09:32 ],0,275
12093,2014-05-09,[ 09:33 ],0,266
12094,2014-05-09,[ 09:34 ],0,272
12095,2014-05-09,[ 09:35 ],0,272
12096,2014-05-09,[ 09:36 ],0,270
12097,2014-05-09,[ 09:37 ],0,271
12098,2014-05-09,[ 09:38 ],0,274
12099,2014-05-09,[ 09:39 ],0,272
12100,2014-05-09,[ 09:40 ],0,272
12101,2014-05-09,[ 09:41 ],0,270
12102,2014-05-09,[ 09:42 ],0,278
12103,2014-05-09,[ 09:43 ],0,270
12104,2014-05-09,[ 09:44 ],0,272
12105,2014-05-09,[ 09:45 ],0,272
12106,2014-05-09,[ 09:46 ],0,273
12107,2014-05-09,[ 09:47 ],0,273
12108,2014-05-09,[ 09:48 ],0,271
12109,2014-05-09,[ 09:49 ],0,272
12110,2014-05-09,[ 09:50 ],0,271
12111,2014-05-09,[ 09:51 ],0,271
12112,2014-05-09,[ 09:52 ],0,273
12113,2014-05-09,[ 09:53 ],0,273
12114,2014-05-09,[ 09:54 ],0,272
12115,2014-05-09,[ 09:55 ],0,272
12116,2014-05-09,[ 09:56 ],0,273
12117,2014-05-09,[ 09:57 ],0,272
12118,2014-05-09,[ 09:58 ],0,271
12119,2014-05-09,[ 09:59 ],0,270
12120,2014-05-09,[ 10:00 ],0,272
12121,2014-05-09,[ 10:01 ],0,274
12122,2014-05-09,[ 10:02 ],0,276
12123,2014-05-09,[ 10:03 ],0,276
12124,2014-05-09,[ 10:04 ],0,276
12125,2014-05-09,[ 10:05 ],0,275
12126,2014-05-09,[ 10:06 ],0,272
12127,2014-05-09,[ 10:07 ],0,274
12128,2014-05-09,[ 10:08 ],0,275
12129,2014-05-09,[ 10:09 ],0,273
12130,2014-05-09,[ 10:10 ],0,272
12131,2014-05-09,[ 10:11 ],0,269
12132,2014-05-09,[ 10:12 ],0,271
12133,2014-05-09,[ 10:13 ],0,265
12134,2014-05-09,[ 10:14 ],0,204
12135,2014-05-09,[ 10:15 ],0,203
12136,2014-05-09,[ 10:16 ],0,204
12137,2014-05-09,[ 10:17 ],0,204
12138,2014-05-09,[ 10:18 ],0,202
12139,2014-05-09,[ 10:19 ],0,200
12140,2014-05-09,[ 10:20 ],0,202
12141,2014-05-09,[ 10:21 ],0,204
12142,2014-05-09,[ 10:22 ],0,204
12143,2014-05-09,[ 10:23 ],0,203
12144,2014-05-09,[ 10:24 ],0,204
12145,2014-05-09,[ 10:25 ],0,202
12146,2014-05-09,[ 10:26 ],0,205
12147,2014-05-09,[ 10:27 ],0,202
12148,2014-05-09,[ 10:28 ],0,203
12149,2014-05-09,[ 10:29 ],0,204
12150,2014-05-09,[ 10:30 ],0,202
12151,2014-05-09,[ 10:31 ],0,202
12152,2014-05-09,[ 10:32 ],0,202
12153,2014-05-09,[ 10:33 ],0,201
12154,2014-05-09,[ 10:34 ],0,203
12155,2014-05-09,[ 10:35 ],0,202
12156,2014-05-09,[ 10:36 ],0,201
12157,2014-05-09,[ 10:37 ],0,203
12158,2014-05-09,[ 10:38 ],0,201
12159,2014-05-09,[ 10:39 ],0,202
12160,2014-05-09,[ 10:40 ],0,202
12161,2014-05-09,[ 10:41 ],0,201
12162,2014-05-09,[ 10:42 ],0,202
12163,2014-05-09,[ 10:43 ],0,204
12164,2014-05-09,[ 10:44 ],0,204
12165,2014-05-09,[ 10:45 ],0,203
12166,2014-05-09,[ 10:46 ],0,204
12167,2014-05-09,[ 10:47 ],0,201
12168,2014-05-09,[ 10:48 ],0,202
12169,2014-05-09,[ 10:49 ],0,203
12170,2014-05-09,[ 10:50 ],0,202
12171,2014-05-09,[ 10:51 ],0,203
12172,2014-05-09,[ 10:52 ],0,203
12173,2014-05-09,[ 10:53 ],0,205
12174,2014-05-09,[ 10:54 ],0,288
12175,2014-05-09,[ 10:55 ],0,273
12176,2014-05-09,[ 10:56 ],0,269
12177,2014-05-09,[ 10:57 ],0,272
12178,2014-05-09,[ 10:58 ],0,272
12179,2014-05-09,[ 10:59 ],0,271
12180,2014-05-09,[ 11:00 ],0,271
12181,2014-05-09,[ 11:01 ],0,271
12182,2014-05-09,[ 11:02 ],0,271
12183,2014-05-09,[ 11:03 ],0,267
12184,2014-05-09,[ 11:04 ],0,269
12185,2014-05-09,[ 11:05 ],0,262
12186,2014-05-09,[ 11:06 ],0,201
12187,2014-05-09,[ 11:07 ],0,200
12188,2014-05-09,[ 11:08 ],0,204
12189,2014-05-09,[ 11:09 ],0,204
12190,2014-05-09,[ 11:10 ],0,202
12191,2014-05-09,[ 11:11 ],0,203
12192,2014-05-09,[ 11:12 ],0,201
12193,2014-05-09,[ 11:13 ],0,202
12194,2014-05-09,[ 11:14 ],0,202
12195,2014-05-09,[ 11:15 ],0,204
12196,2014-05-09,[ 11:16 ],0,201
12197,2014-05-09,[ 11:17 ],0,203
12198,2014-05-09,[ 11:18 ],0,203
12199,2014-05-09,[ 11:19 ],0,203
12200,2014-05-09,[ 11:20 ],0,203
12201,2014-05-09,[ 11:21 ],0,204
12202,2014-05-09,[ 11:22 ],0,200
12203,2014-05-09,[ 11:23 ],0,203
12204,2014-05-09,[ 11:24 ],0,204
12205,2014-05-09,[ 11:25 ],0,204
12206,2014-05-09,[ 11:26 ],0,203
12207,2014-05-09,[ 11:27 ],0,204
12208,2014-05-09,[ 11:28 ],0,204
12209,2014-05-09,[ 11:29 ],0,204
12210,2014-05-09,[ 11:30 ],0,203
12211,2014-05-09,[ 11:31 ],0,205
12212,2014-05-09,[ 11:32 ],0,205
12213,2014-05-09,[ 11:33 ],0,202
12214,2014-05-09,[ 11:34 ],0,205
12215,2014-05-09,[ 11:35 ],0,205
12216,2014-05-09,[ 11:36 ],0,203
12217,2014-05-09,[ 11:37 ],0,203
12218,2014-05-09,[ 11:38 ],0,202
12219,2014-05-09,[ 11:39 ],0,201
12220,2014-05-09,[ 11:40 ],0,204
12221,2014-05-09,[ 11:41 ],0,204
12222,2014-05-09,[ 11:42 ],0,204
12223,2014-05-09,[ 11:43 ],0,205
12224,2014-05-09,[ 11:44 ],0,204
12225,2014-05-09,[ 11:45 ],0,203
12226,2014-05-09,[ 11:46 ],0,205
12227,2014-05-09,[ 11:47 ],0,205
12228,2014-05-09,[ 11:48 ],0,208
12229,2014-05-09,[ 11:49 ],0,205
12230,2014-05-09,[ 11:50 ],0,205
12231,2014-05-09,[ 11:51 ],0,205
12232,2014-05-09,[ 11:52 ],0,206
12233,2014-05-09,[ 11:53 ],0,283
12234,2014-05-09,[ 11:54 ],0,273
12235,2014-05-09,[ 11:55 ],0,273
12236,2014-05-09,[ 11:56 ],0,273
12237,2014-05-09,[ 11:57 ],0,273
12238,2014-05-09,[ 11:58 ],0,276
12239,2014-05-09,[ 11:59 ],0,278
12240,2014-05-09,[ 12:00 ],0,280
12241,2014-05-09,[ 12:01 ],0,274
12242,2014-05-09,[ 12:02 ],0,278
12243,2014-05-09,[ 12:03 ],0,273
12244,2014-05-09,[ 12:04 ],0,275
12245,2014-05-09,[ 12:05 ],0,275
12246,2014-05-09,[ 12:06 ],0,269
12247,2014-05-09,[ 12:07 ],0,272
12248,2014-05-09,[ 12:08 ],0,272
12249,2014-05-09,[ 12:09 ],0,270
12250,2014-05-09,[ 12:10 ],0,270
12251,2014-05-09,[ 12:11 ],0,271
12252,2014-05-09,[ 12:12 ],0,272
12253,2014-05-09,[ 12:13 ],0,271
12254,2014-05-09,[ 12:14 ],0,271
12255,2014-05-09,[ 12:15 ],0,271
12256,2014-05-09,[ 12:16 ],0,272
12257,2014-05-09,[ 12:17 ],0,269
12258,2014-05-09,[ 12:18 ],0,272
12259,2014-05-09,[ 12:19 ],0,272
12260,2014-05-09,[ 12:20 ],0,272
12261,2014-05-09,[ 12:21 ],0,267
12262,2014-05-09,[ 12:22 ],0,271
12263,2014-05-09,[ 12:23 ],0,269
12264,2014-05-09,[ 12:24 ],0,271
12265,2014-05-09,[ 12:25 ],0,270
12266,2014-05-09,[ 12:26 ],0,270
12267,2014-05-09,[ 12:27 ],0,271
12268,2014-05-09,[ 12:28 ],0,272
12269,2014-05-09,[ 12:29 ],0,274
12270,2014-05-09,[ 12:30 ],0,274
12271,2014-05-09,[ 12:31 ],0,272
12272,2014-05-09,[ 12:32 ],0,271
12273,2014-05-09,[ 12:33 ],0,269
12274,2014-05-09,[ 12:34 ],0,267
12275,2014-05-09,[ 12:35 ],0,202
12276,2014-05-09,[ 12:36 ],0,202
12277,2014-05-09,[ 12:37 ],0,203
12278,2014-05-09,[ 12:38 ],0,202
12279,2014-05-09,[ 12:39 ],0,203
12280,2014-05-09,[ 12:40 ],0,205
12281,2014-05-09,[ 12:41 ],0,202
12282,2014-05-09,[ 12:42 ],0,204
12283,2014-05-09,[ 12:43 ],0,201
12284,2014-05-09,[ 12:44 ],0,202
12285,2014-05-09,[ 12:45 ],0,201
12286,2014-05-09,[ 12:46 ],0,199
12287,2014-05-09,[ 12:47 ],0,201
12288,2014-05-09,[ 12:48 ],0,203
12289,2014-05-09,[ 12:49 ],0,203
12290,2014-05-09,[ 12:50 ],0,200
12291,2014-05-09,[ 12:51 ],0,203
12292,2014-05-09,[ 12:52 ],0,203
12293,2014-05-09,[ 12:53 ],0,201
12294,2014-05-09,[ 12:54 ],0,202
12295,2014-05-09,[ 12:55 ],0,204
12296,2014-05-09,[ 12:56 ],0,202
12297,2014-05-09,[ 12:57 ],0,204
12298,2014-05-09,[ 12:58 ],0,204
12299,2014-05-09,[ 12:59 ],0,204
12300,2014-05-09,[ 13:00 ],0,204
12301,2014-05-09,[ 13:01 ],0,205
12302,2014-05-09,[ 13:02 ],0,204
12303,2014-05-09,[ 13:03 ],0,208
12304,2014-05-09,[ 13:04 ],0,205
12305,2014-05-09,[ 13:05 ],0,203
12306,2014-05-09,[ 13:06 ],0,204
12307,2014-05-09,[ 13:07 ],0,200
12308,2014-05-09,[ 13:08 ],0,203
12309,2014-05-09,[ 13:09 ],0,203
12310,2014-05-09,[ 13:10 ],0,202
12311,2014-05-09,[ 13:11 ],0,203
12312,2014-05-09,[ 13:12 ],0,204
12313,2014-05-09,[ 13:13 ],0,278
12314,2014-05-09,[ 13:14 ],0,271
12315,2014-05-09,[ 13:15 ],0,271
12316,2014-05-09,[ 13:16 ],0,270
12317,2014-05-09,[ 13:17 ],0,269
12318,2014-05-09,[ 13:18 ],0,265
12319,2014-05-09,[ 13:19 ],0,270
12320,2014-05-09,[ 13:20 ],0,267
12321,2014-05-09,[ 13:21 ],0,266
12322,2014-05-09,[ 13:22 ],0,265
12323,2014-05-09,[ 13:23 ],0,265
12324,2014-05-09,[ 13:24 ],0,261
12325,2014-05-09,[ 13:25 ],0,202
12326,2014-05-09,[ 13:26 ],0,201
12327,2014-05-09,[ 13:27 ],0,203
12328,2014-05-09,[ 13:28 ],0,201
12329,2014-05-09,[ 13:29 ],0,201
12330,2014-05-09,[ 13:30 ],0,200
12331,2014-05-09,[ 13:31 ],0,202
12332,2014-05-09,[ 13:32 ],0,200
12333,2014-05-09,[ 13:33 ],0,201
12334,2014-05-09,[ 13:34 ],0,201
12335,2014-05-09,[ 13:35 ],0,203
12336,2014-05-09,[ 13:36 ],0,201
12337,2014-05-09,[ 13:37 ],0,201
12338,2014-05-09,[ 13:38 ],0,196
12339,2014-05-09,[ 13:39 ],0,201
12340,2014-05-09,[ 13:40 ],0,196
12341,2014-05-09,[ 13:41 ],0,196
12342,2014-05-09,[ 13:42 ],0,201
12343,2014-05-09,[ 13:43 ],0,202
12344,2014-05-09,[ 13:44 ],0,202
12345,2014-05-09,[ 13:45 ],0,201
12346,2014-05-09,[ 13:46 ],0,199
12347,2014-05-09,[ 13:47 ],0,202
12348,2014-05-09,[ 13:48 ],0,200
12349,2014-05-09,[ 13:49 ],0,203
12350,2014-05-09,[ 13:50 ],0,200
12351,2014-05-09,[ 13:51 ],0,202
12352,2014-05-09,[ 13:52 ],0,203
12353,2014-05-09,[ 13:53 ],0,200
12354,2014-05-09,[ 13:54 ],0,201
12355,2014-05-09,[ 13:55 ],0,203
12356,2014-05-09,[ 13:56 ],0,202
12357,2014-05-09,[ 13:57 ],0,202
12358,2014-05-09,[ 13:58 ],0,201
12359,2014-05-09,[ 13:59 ],0,199
12360,2014-05-09,[ 14:00 ],0,205
12361,2014-05-09,[ 14:01 ],0,205
12362,2014-05-09,[ 14:02 ],0,206
12363,2014-05-09,[ 14:03 ],0,203
12364,2014-05-09,[ 14:04 ],0,206
12365,2014-05-09,[ 14:05 ],0,204
12366,2014-05-09,[ 14:06 ],0,201
12367,2014-05-09,[ 14:07 ],0,201
12368,2014-05-09,[ 14:08 ],0,203
12369,2014-05-09,[ 14:09 ],0,203
12370,2014-05-09,[ 14:10 ],0,201
12371,2014-05-09,[ 14:11 ],0,202
12372,2014-05-09,[ 14:12 ],0,344
12373,2014-05-09,[ 14:13 ],0,270
12374,2014-05-09,[ 14:14 ],0,272
12375,2014-05-09,[ 14:15 ],0,272
12376,2014-05-09,[ 14:16 ],0,271
12377,2014-05-09,[ 14:17 ],0,269
12378,2014-05-09,[ 14:18 ],0,270
12379,2014-05-09,[ 14:19 ],0,269
12380,2014-05-09,[ 14:20 ],0,269
12381,2014-05-09,[ 14:21 ],0,267
12382,2014-05-09,[ 14:22 ],0,265
12383,2014-05-09,[ 14:23 ],0,266
12384,2014-05-09,[ 14:24 ],0,204
12385,2014-05-09,[ 14:25 ],0,203
12386,2014-05-09,[ 14:26 ],0,199
12387,2014-05-09,[ 14:27 ],0,202
12388,2014-05-09,[ 14:28 ],0,202
12389,2014-05-09,[ 14:29 ],0,202
12390,2014-05-09,[ 14:30 ],0,202
12391,2014-05-09,[ 14:31 ],0,202
12392,2014-05-09,[ 14:32 ],0,202
12393,2014-05-09,[ 14:33 ],0,270
12394,2014-05-09,[ 14:34 ],0,270
12395,2014-05-09,[ 14:35 ],0,266
12396,2014-05-09,[ 14:36 ],0,271
12397,2014-05-09,[ 14:37 ],0,271
12398,2014-05-09,[ 14:38 ],0,274
12399,2014-05-09,[ 14:39 ],0,275
12400,2014-05-09,[ 14:40 ],0,271
12401,2014-05-09,[ 14:41 ],0,270
12402,2014-05-09,[ 14:42 ],0,272
12403,2014-05-09,[ 14:43 ],0,270
12404,2014-05-09,[ 14:44 ],0,272
12405,2014-05-09,[ 14:45 ],0,270
12406,2014-05-09,[ 14:46 ],0,270
12407,2014-05-09,[ 14:47 ],0,269
12408,2014-05-09,[ 14:48 ],0,271
12409,2014-05-09,[ 14:49 ],0,269
12410,2014-05-09,[ 14:50 ],0,271
12411,2014-05-09,[ 14:51 ],0,270
12412,2014-05-09,[ 14:52 ],0,269
12413,2014-05-09,[ 14:53 ],0,267
12414,2014-05-09,[ 14:54 ],0,269
12415,2014-05-09,[ 14:55 ],0,270
12416,2014-05-09,[ 14:56 ],0,267
12417,2014-05-09,[ 14:57 ],0,271
12418,2014-05-09,[ 14:58 ],0,271
12419,2014-05-09,[ 14:59 ],0,269
12420,2014-05-09,[ 15:00 ],0,272
12421,2014-05-09,[ 15:01 ],0,272
12422,2014-05-09,[ 15:02 ],0,272
12423,2014-05-09,[ 15:03 ],0,271
12424,2014-05-09,[ 15:04 ],0,278
12425,2014-05-09,[ 15:05 ],0,475
12426,2014-05-09,[ 15:06 ],0,475
12427,2014-05-09,[ 15:07 ],0,459
12428,2014-05-09,[ 15:08 ],0,457
12429,2014-05-09,[ 15:09 ],0,446
12430,2014-05-09,[ 15:10 ],0,381
12431,2014-05-09,[ 15:11 ],0,387
12432,2014-05-09,[ 15:12 ],0,392
12433,2014-05-09,[ 15:13 ],0,385
12434,2014-05-09,[ 15:14 ],0,381
12435,2014-05-09,[ 15:15 ],0,385
12436,2014-05-09,[ 15:16 ],0,388
12437,2014-05-09,[ 15:17 ],0,390
12438,2014-05-09,[ 15:18 ],0,385
12439,2014-05-09,[ 15:19 ],0,304
12440,2014-05-09,[ 15:20 ],0,326
12441,2014-05-09,[ 15:21 ],0,326
12442,2014-05-09,[ 15:22 ],0,324
12443,2014-05-09,[ 15:23 ],0,312
12444,2014-05-09,[ 15:24 ],0,316
12445,2014-05-09,[ 15:25 ],0,313
12446,2014-05-09,[ 15:26 ],0,310
12447,2014-05-09,[ 15:27 ],0,316
12448,2014-05-09,[ 15:28 ],0,321
12449,2014-05-09,[ 15:29 ],0,761
12450,2014-05-09,[ 15:30 ],0,975
12451,2014-05-09,[ 15:31 ],0,2643
12452,2014-05-09,[ 15:32 ],0,2745
12453,2014-05-09,[ 15:33 ],0,2737
12454,2014-05-09,[ 15:34 ],0,2814
12455,2014-05-09,[ 15:35 ],0,2953
12456,2014-05-09,[ 15:36 ],0,2762
12457,2014-05-09,[ 15:37 ],0,2762
12458,2014-05-09,[ 15:38 ],0,2759
12459,2014-05-09,[ 15:39 ],0,2547
12460,2014-05-09,[ 15:40 ],0,2750
12461,2014-05-09,[ 15:41 ],0,2757
12462,2014-05-09,[ 15:42 ],0,2795
12463,2014-05-09,[ 15:43 ],0,2892
12464,2014-05-09,[ 15:44 ],0,2749
12465,2014-05-09,[ 15:45 ],0,2805
12466,2014-05-09,[ 15:46 ],0,2880
12467,2014-05-09,[ 15:47 ],0,2739
12468,2014-05-09,[ 15:48 ],0,1318
12469,2014-05-09,[ 15:49 ],0,1311
12470,2014-05-09,[ 15:50 ],0,1221
12471,2014-05-09,[ 15:51 ],0,1432
12472,2014-05-09,[ 15:52 ],0,1350
12473,2014-05-09,[ 15:53 ],0,2829
12474,2014-05-09,[ 15:54 ],0,2607
12475,2014-05-09,[ 15:55 ],0,1548
12476,2014-05-09,[ 15:56 ],0,1548
12477,2014-05-09,[ 15:57 ],0,1659
12478,2014-05-09,[ 15:58 ],0,1659
12479,2014-05-09,[ 15:59 ],0,2834
12480,2014-05-09,[ 16:00 ],0,2834
12481,2014-05-09,[ 16:01 ],0,1238
12482,2014-05-09,[ 16:02 ],0,1308
12483,2014-05-09,[ 16:03 ],0,1329
12484,2014-05-09,[ 16:04 ],0,1430
12485,2014-05-09,[ 16:05 ],0,1104
12486,2014-05-09,[ 16:06 ],0,2720
12487,2014-05-09,[ 16:07 ],0,1314
12488,2014-05-09,[ 16:08 ],0,1506
12489,2014-05-09,[ 16:09 ],0,1100
12490,2014-05-09,[ 16:10 ],0,3215
12491,2014-05-09,[ 16:11 ],0,3160
12492,2014-05-09,[ 16:12 ],0,3103
12493,2014-05-09,[ 16:13 ],0,1098
12494,2014-05-09,[ 16:14 ],0,1237
12495,2014-05-09,[ 16:15 ],0,1867
12496,2014-05-09,[ 16:16 ],0,1867
12497,2014-05-09,[ 16:17 ],0,1276
12498,2014-05-09,[ 16:18 ],0,1452
12499,2014-05-09,[ 16:19 ],0,1350
12500,2014-05-09,[ 16:20 ],0,1282
12501,2014-05-09,[ 16:21 ],0,1113
12502,2014-05-09,[ 16:22 ],0,909
12503,2014-05-09,[ 16:23 ],0,909
12504,2014-05-09,[ 16:24 ],0,365
12505,2014-05-09,[ 16:25 ],0,567
12506,2014-05-09,[ 16:26 ],0,654
12507,2014-05-09,[ 16:27 ],0,745
12508,2014-05-09,[ 16:28 ],0,1288
12509,2014-05-09,[ 16:29 ],0,1289
12510,2014-05-09,[ 16:30 ],0,707
12511,2014-05-09,[ 16:31 ],0,898
12512,2014-05-09,[ 16:32 ],0,1226
12513,2014-05-09,[ 16:33 ],0,1525
12514,2014-05-09,[ 16:34 ],0,1658
12515,2014-05-09,[ 16:35 ],0,1689
12516,2014-05-09,[ 16:36 ],0,1953
12517,2014-05-09,[ 16:37 ],0,1902
12518,2014-05-09,[ 16:38 ],0,1142
12519,2014-05-09,[ 16:39 ],0,733
12520,2014-05-09,[ 16:40 ],0,814
12521,2014-05-09,[ 16:41 ],0,3304
12522,2014-05-09,[ 16:42 ],0,3213
12523,2014-05-09,[ 16:43 ],0,2737
12524,2014-05-09,[ 16:44 ],0,937
12525,2014-05-09,[ 16:45 ],0,1082
12526,2014-05-09,[ 16:46 ],0,1530
12527,2014-05-09,[ 16:47 ],0,1692
12528,2014-05-09,[ 16:48 ],0,1742
12529,2014-05-09,[ 16:49 ],0,1839
12530,2014-05-09,[ 16:50 ],0,1832
12531,2014-05-09,[ 16:51 ],0,1240
12532,2014-05-09,[ 16:52 ],0,736
12533,2014-05-09,[ 16:53 ],0,684
12534,2014-05-09,[ 16:54 ],0,853
12535,2014-05-09,[ 16:55 ],0,739
12536,2014-05-09,[ 16:56 ],0,674
12537,2014-05-09,[ 16:57 ],0,672
12538,2014-05-09,[ 16:58 ],0,588
12539,2014-05-09,[ 16:59 ],0,869
12540,2014-05-09,[ 17:00 ],0,898
12541,2014-05-09,[ 17:01 ],0,775
12542,2014-05-09,[ 17:02 ],0,717
12543,2014-05-09,[ 17:03 ],0,448
12544,2014-05-09,[ 17:04 ],0,238
12545,2014-05-09,[ 17:05 ],0,234
12546,2014-05-09,[ 17:06 ],0,234
12547,2014-05-09,[ 17:07 ],0,228
12548,2014-05-09,[ 17:08 ],0,275
12549,2014-05-09,[ 17:09 ],0,275
12550,2014-05-09,[ 17:10 ],0,342
12551,2014-05-09,[ 17:11 ],0,337
12552,2014-05-09,[ 17:12 ],0,293
12553,2014-05-09,[ 17:13 ],0,293
12554,2014-05-09,[ 17:14 ],0,382
12555,2014-05-09,[ 17:15 ],0,2127
12556,2014-05-09,[ 17:16 ],0,383
12557,2014-05-09,[ 17:17 ],0,3816
12558,2014-05-09,[ 17:18 ],0,3725
12559,2014-05-09,[ 17:19 ],0,2003
12560,2014-05-09,[ 17:20 ],0,2491
12561,2014-05-09,[ 17:21 ],0,357
12562,2014-05-09,[ 17:22 ],0,350
12563,2014-05-09,[ 17:23 ],0,358
12564,2014-05-09,[ 17:24 ],0,305
12565,2014-05-09,[ 17:25 ],0,297
12566,2014-05-09,[ 17:26 ],0,315
12567,2014-05-09,[ 17:27 ],0,312
12568,2014-05-09,[ 17:28 ],0,309
12569,2014-05-09,[ 17:29 ],0,308
12570,2014-05-09,[ 17:30 ],0,318
12571,2014-05-09,[ 17:31 ],0,326
12572,2014-05-09,[ 17:32 ],0,336
12573,2014-05-09,[ 17:33 ],0,304
12574,2014-05-09,[ 17:34 ],0,2057
12575,2014-05-09,[ 17:35 ],0,2003
12576,2014-05-09,[ 17:36 ],0,337
12577,2014-05-09,[ 17:37 ],0,295
12578,2014-05-09,[ 17:38 ],0,348
12579,2014-05-09,[ 17:39 ],0,316
12580,2014-05-09,[ 17:40 ],0,2694
12581,2014-05-09,[ 17:41 ],0,2717
12582,2014-05-09,[ 17:42 ],0,328
12583,2014-05-09,[ 17:43 ],0,330
12584,2014-05-09,[ 17:44 ],0,383
12585,2014-05-09,[ 17:45 ],0,327
12586,2014-05-09,[ 17:46 ],0,327
12587,2014-05-09,[ 17:47 ],0,304
12588,2014-05-09,[ 17:48 ],0,339
12589,2014-05-09,[ 17:49 ],0,310
12590,2014-05-09,[ 17:50 ],0,318
12591,2014-05-09,[ 17:51 ],0,339
12592,2014-05-09,[ 17:52 ],0,326
12593,2014-05-09,[ 17:53 ],0,331
12594,2014-05-09,[ 17:54 ],0,298
12595,2014-05-09,[ 17:55 ],0,300
12596,2014-05-09,[ 17:56 ],0,300
12597,2014-05-09,[ 17:57 ],0,298
12598,2014-05-09,[ 17:58 ],0,332
12599,2014-05-09,[ 17:59 ],0,337
12600,2014-05-09,[ 18:00 ],0,343
12601,2014-05-09,[ 18:01 ],0,315
12602,2014-05-09,[ 18:02 ],0,275
12603,2014-05-09,[ 18:03 ],0,305
12604,2014-05-09,[ 18:04 ],0,300
12605,2014-05-09,[ 18:05 ],0,295
12606,2014-05-09,[ 18:06 ],0,295
12607,2014-05-09,[ 18:07 ],0,2725
12608,2014-05-09,[ 18:08 ],0,2659
12609,2014-05-09,[ 18:09 ],0,2626
12610,2014-05-09,[ 18:10 ],0,271
12611,2014-05-09,[ 18:11 ],0,2683
12612,2014-05-09,[ 18:12 ],0,2683
12613,2014-05-09,[ 18:13 ],0,261
12614,2014-05-09,[ 18:14 ],0,266
12615,2014-05-09,[ 18:15 ],0,320
12616,2014-05-09,[ 18:16 ],0,316
12617,2014-05-09,[ 18:17 ],0,316
12618,2014-05-09,[ 18:18 ],0,318
12619,2014-05-09,[ 18:19 ],0,270
12620,2014-05-09,[ 18:20 ],0,274
12621,2014-05-09,[ 18:21 ],0,275
12622,2014-05-09,[ 18:22 ],0,270
12623,2014-05-09,[ 18:23 ],0,272
12624,2014-05-09,[ 18:24 ],0,309
12625,2014-05-09,[ 18:25 ],0,324
12626,2014-05-09,[ 18:26 ],0,317
12627,2014-05-09,[ 18:27 ],0,322
12628,2014-05-09,[ 18:28 ],0,266
12629,2014-05-09,[ 18:29 ],0,266
12630,2014-05-09,[ 18:30 ],0,253
12631,2014-05-09,[ 18:31 ],0,269
12632,2014-05-09,[ 18:32 ],0,272
12633,2014-05-09,[ 18:33 ],0,253
12634,2014-05-09,[ 18:34 ],0,262
12635,2014-05-09,[ 18:35 ],0,261
12636,2014-05-09,[ 18:36 ],0,490
12637,2014-05-09,[ 18:37 ],0,2828
12638,2014-05-09,[ 18:38 ],0,2786
12639,2014-05-09,[ 18:39 ],0,774
12640,2014-05-09,[ 18:40 ],0,805
12641,2014-05-09,[ 18:41 ],0,805
12642,2014-05-09,[ 18:42 ],0,1552
12643,2014-05-09,[ 18:43 ],0,710
12644,2014-05-09,[ 18:44 ],0,710
12645,2014-05-09,[ 18:45 ],0,695
12646,2014-05-09,[ 18:46 ],0,680
12647,2014-05-09,[ 18:47 ],0,706
12648,2014-05-09,[ 18:48 ],0,715
12649,2014-05-09,[ 18:49 ],0,503
12650,2014-05-09,[ 18:50 ],0,487
12651,2014-05-09,[ 18:51 ],0,966
12652,2014-05-09,[ 18:52 ],0,1118
12653,2014-05-09,[ 18:53 ],0,946
12654,2014-05-09,[ 18:54 ],0,586
12655,2014-05-09,[ 18:55 ],0,580
12656,2014-05-09,[ 18:56 ],0,963
12657,2014-05-09,[ 18:57 ],0,788
12658,2014-05-09,[ 18:58 ],0,759
12659,2014-05-09,[ 18:59 ],0,750
12660,2014-05-09,[ 19:00 ],0,537
12661,2014-05-09,[ 19:01 ],0,551
12662,2014-05-09,[ 19:02 ],0,478
12663,2014-05-09,[ 19:03 ],0,468
12664,2014-05-09,[ 19:04 ],0,503
12665,2014-05-09,[ 19:05 ],0,469
12666,2014-05-09,[ 19:06 ],0,468
12667,2014-05-09,[ 19:07 ],0,453
12668,2014-05-09,[ 19:08 ],0,444
12669,2014-05-09,[ 19:09 ],0,457
12670,2014-05-09,[ 19:10 ],0,457
12671,2014-05-09,[ 19:11 ],0,483
12672,2014-05-09,[ 19:12 ],0,475
12673,2014-05-09,[ 19:13 ],0,476
12674,2014-05-09,[ 19:14 ],0,450
12675,2014-05-09,[ 19:15 ],0,460
12676,2014-05-09,[ 19:16 ],0,457
12677,2014-05-09,[ 19:17 ],0,470
12678,2014-05-09,[ 19:18 ],0,470
12679,2014-05-09,[ 19:19 ],0,452
12680,2014-05-09,[ 19:20 ],0,468
12681,2014-05-09,[ 19:21 ],0,456
12682,2014-05-09,[ 19:22 ],0,459
12683,2014-05-09,[ 19:23 ],0,462
12684,2014-05-09,[ 19:24 ],0,457
12685,2014-05-09,[ 19:25 ],0,455
12686,2014-05-09,[ 19:26 ],0,498
12687,2014-05-09,[ 19:27 ],0,456
12688,2014-05-09,[ 19:28 ],0,457
12689,2014-05-09,[ 19:29 ],0,456
12690,2014-05-09,[ 19:30 ],0,456
12691,2014-05-09,[ 19:31 ],0,456
12692,2014-05-09,[ 19:32 ],0,458
12693,2014-05-09,[ 19:33 ],0,464
12694,2014-05-09,[ 19:34 ],0,449
12695,2014-05-09,[ 19:35 ],0,449
12696,2014-05-09,[ 19:36 ],0,444
12697,2014-05-09,[ 19:37 ],0,460
12698,2014-05-09,[ 19:38 ],0,476
12699,2014-05-09,[ 19:39 ],0,476
12700,2014-05-09,[ 19:40 ],0,471
12701,2014-05-09,[ 19:41 ],0,474
12702,2014-05-09,[ 19:42 ],0,472
12703,2014-05-09,[ 19:43 ],0,469
12704,2014-05-09,[ 19:44 ],0,399
12705,2014-05-09,[ 19:45 ],0,410
12706,2014-05-09,[ 19:46 ],0,391
12707,2014-05-09,[ 19:47 ],0,407
12708,2014-05-09,[ 19:48 ],0,403
12709,2014-05-09,[ 19:49 ],0,401
12710,2014-05-09,[ 19:50 ],0,401
12711,2014-05-09,[ 19:51 ],0,391
12712,2014-05-09,[ 19:52 ],0,389
12713,2014-05-09,[ 19:53 ],0,705
12714,2014-05-09,[ 19:54 ],0,938
12715,2014-05-09,[ 19:55 ],0,2574
12716,2014-05-09,[ 19:56 ],0,2574
12717,2014-05-09,[ 19:57 ],0,2568
12718,2014-05-09,[ 19:58 ],0,2539
12719,2014-05-09,[ 19:59 ],0,2453
12720,2014-05-09,[ 20:00 ],0,2478
12721,2014-05-09,[ 20:01 ],0,2505
12722,2014-05-09,[ 20:02 ],0,2504
12723,2014-05-09,[ 20:03 ],0,2439
12724,2014-05-09,[ 20:04 ],0,2493
12725,2014-05-09,[ 20:05 ],0,2514
12726,2014-05-09,[ 20:06 ],0,902
12727,2014-05-09,[ 20:07 ],0,943
12728,2014-05-09,[ 20:08 ],0,904
12729,2014-05-09,[ 20:09 ],0,882
12730,2014-05-09,[ 20:10 ],0,879
12731,2014-05-09,[ 20:11 ],0,2503
12732,2014-05-09,[ 20:12 ],0,2435
12733,2014-05-09,[ 20:13 ],0,882
12734,2014-05-09,[ 20:14 ],0,918
12735,2014-05-09,[ 20:15 ],0,873
12736,2014-05-09,[ 20:16 ],0,901
12737,2014-05-09,[ 20:17 ],0,2564
12738,2014-05-09,[ 20:18 ],0,884
12739,2014-05-09,[ 20:19 ],0,911
12740,2014-05-09,[ 20:20 ],0,969
12741,2014-05-09,[ 20:21 ],0,922
12742,2014-05-09,[ 20:22 ],0,964
12743,2014-05-09,[ 20:23 ],0,2523
12744,2014-05-09,[ 20:24 ],0,907
12745,2014-05-09,[ 20:25 ],0,907
12746,2014-05-09,[ 20:26 ],0,917
12747,2014-05-09,[ 20:27 ],0,960
12748,2014-05-09,[ 20:28 ],0,893
12749,2014-05-09,[ 20:29 ],0,946
12750,2014-05-09,[ 20:30 ],0,918
12751,2014-05-09,[ 20:31 ],0,949
12752,2014-05-09,[ 20:32 ],0,865
12753,2014-05-09,[ 20:33 ],0,876
12754,2014-05-09,[ 20:34 ],0,840
12755,2014-05-09,[ 20:35 ],0,878
12756,2014-05-09,[ 20:36 ],0,896
12757,2014-05-09,[ 20:37 ],0,901
12758,2014-05-09,[ 20:38 ],0,941
12759,2014-05-09,[ 20:39 ],0,834
12760,2014-05-09,[ 20:40 ],0,870
12761,2014-05-09,[ 20:41 ],0,825
12762,2014-05-09,[ 20:42 ],0,542
12763,2014-05-09,[ 20:43 ],0,750
12764,2014-05-09,[ 20:44 ],0,443
12765,2014-05-09,[ 20:45 ],0,813
12766,2014-05-09,[ 20:46 ],0,719
12767,2014-05-09,[ 20:47 ],0,686
12768,2014-05-09,[ 20:48 ],0,897
12769,2014-05-09,[ 20:49 ],0,572
12770,2014-05-09,[ 20:50 ],0,805
12771,2014-05-09,[ 20:51 ],0,929
12772,2014-05-09,[ 20:52 ],0,946
12773,2014-05-09,[ 20:53 ],0,1089
12774,2014-05-09,[ 20:54 ],0,940
12775,2014-05-09,[ 20:55 ],0,883
12776,2014-05-09,[ 20:56 ],0,966
12777,2014-05-09,[ 20:57 ],0,797
12778,2014-05-09,[ 20:58 ],0,813
12779,2014-05-09,[ 20:59 ],0,721
12780,2014-05-09,[ 21:00 ],0,689
12781,2014-05-09,[ 21:01 ],0,531
12782,2014-05-09,[ 21:02 ],0,900
12783,2014-05-09,[ 21:03 ],0,914
12784,2014-05-09,[ 21:04 ],0,1226
12785,2014-05-09,[ 21:05 ],0,1305
12786,2014-05-09,[ 21:06 ],0,1198
12787,2014-05-09,[ 21:07 ],0,1307
12788,2014-05-09,[ 21:08 ],0,776
12789,2014-05-09,[ 21:09 ],0,924
12790,2014-05-09,[ 21:10 ],0,605
12791,2014-05-09,[ 21:11 ],0,591
12792,2014-05-09,[ 21:12 ],0,737
12793,2014-05-09,[ 21:13 ],0,782
12794,2014-05-09,[ 21:14 ],0,674
12795,2014-05-09,[ 21:15 ],0,665
12796,2014-05-09,[ 21:16 ],0,663
12797,2014-05-09,[ 21:17 ],0,768
12798,2014-05-09,[ 21:18 ],0,883
12799,2014-05-09,[ 21:19 ],0,870
12800,2014-05-09,[ 21:20 ],0,841
12801,2014-05-09,[ 21:21 ],0,371
12802,2014-05-09,[ 21:22 ],0,511
12803,2014-05-09,[ 21:23 ],0,511
12804,2014-05-09,[ 21:24 ],0,311
12805,2014-05-09,[ 21:25 ],0,310
12806,2014-05-09,[ 21:26 ],0,292
12807,2014-05-09,[ 21:27 ],0,291
12808,2014-05-09,[ 21:28 ],0,294
12809,2014-05-09,[ 21:29 ],0,295
12810,2014-05-09,[ 21:30 ],0,298
12811,2014-05-09,[ 21:31 ],0,295
12812,2014-05-09,[ 21:32 ],0,297
12813,2014-05-09,[ 21:33 ],0,294
12814,2014-05-09,[ 21:34 ],0,299
12815,2014-05-09,[ 21:35 ],0,299
12816,2014-05-09,[ 21:36 ],0,301
12817,2014-05-09,[ 21:37 ],0,297
12818,2014-05-09,[ 21:38 ],0,297
12819,2014-05-09,[ 21:39 ],0,300
12820,2014-05-09,[ 21:40 ],0,295
12821,2014-05-09,[ 21:41 ],0,294
12822,2014-05-09,[ 21:42 ],0,222
12823,2014-05-09,[ 21:43 ],0,223
12824,2014-05-09,[ 21:44 ],0,223
12825,2014-05-09,[ 21:45 ],0,223
12826,2014-05-09,[ 21:46 ],0,222
12827,2014-05-09,[ 21:47 ],0,225
12828,2014-05-09,[ 21:48 ],0,222
12829,2014-05-09,[ 21:49 ],0,224
12830,2014-05-09,[ 21:50 ],0,224
12831,2014-05-09,[ 21:51 ],0,223
12832,2014-05-09,[ 21:52 ],0,228
12833,2014-05-09,[ 21:53 ],0,228
12834,2014-05-09,[ 21:54 ],0,231
12835,2014-05-09,[ 21:55 ],0,227
12836,2014-05-09,[ 21:56 ],0,227
12837,2014-05-09,[ 21:57 ],0,228
12838,2014-05-09,[ 21:58 ],0,227
12839,2014-05-09,[ 21:59 ],0,228
12840,2014-05-09,[ 22:00 ],0,229
12841,2014-05-09,[ 22:01 ],0,229
12842,2014-05-09,[ 22:02 ],0,231
12843,2014-05-09,[ 22:03 ],0,231
12844,2014-05-09,[ 22:04 ],0,229
12845,2014-05-09,[ 22:05 ],0,227
12846,2014-05-09,[ 22:06 ],0,236
12847,2014-05-09,[ 22:07 ],0,228
12848,2014-05-09,[ 22:08 ],0,228
12849,2014-05-09,[ 22:09 ],0,228
12850,2014-05-09,[ 22:10 ],0,302
12851,2014-05-09,[ 22:11 ],0,295
12852,2014-05-09,[ 22:12 ],0,291
12853,2014-05-09,[ 22:13 ],0,291
12854,2014-05-09,[ 22:14 ],0,291
12855,2014-05-09,[ 22:15 ],0,288
12856,2014-05-09,[ 22:16 ],0,287
12857,2014-05-09,[ 22:17 ],0,287
12858,2014-05-09,[ 22:18 ],0,287
12859,2014-05-09,[ 22:19 ],0,286
12860,2014-05-09,[ 22:20 ],0,286
12861,2014-05-09,[ 22:21 ],0,286
12862,2014-05-09,[ 22:22 ],0,286
12863,2014-05-09,[ 22:23 ],0,229
12864,2014-05-09,[ 22:24 ],0,229
12865,2014-05-09,[ 22:25 ],0,222
12866,2014-05-09,[ 22:26 ],0,218
12867,2014-05-09,[ 22:27 ],0,218
12868,2014-05-09,[ 22:28 ],0,223
12869,2014-05-09,[ 22:29 ],0,218
12870,2014-05-09,[ 22:30 ],0,219
12871,2014-05-09,[ 22:31 ],0,218
12872,2014-05-09,[ 22:32 ],0,219
12873,2014-05-09,[ 22:33 ],0,219
12874,2014-05-09,[ 22:34 ],0,218
12875,2014-05-09,[ 22:35 ],0,219
12876,2014-05-09,[ 22:36 ],0,221
12877,2014-05-09,[ 22:37 ],0,218
12878,2014-05-09,[ 22:38 ],0,218
12879,2014-05-09,[ 22:39 ],0,218
12880,2014-05-09,[ 22:40 ],0,217
12881,2014-05-09,[ 22:41 ],0,217
12882,2014-05-09,[ 22:42 ],0,218
12883,2014-05-09,[ 22:43 ],0,217
12884,2014-05-09,[ 22:44 ],0,217
12885,2014-05-09,[ 22:45 ],0,217
12886,2014-05-09,[ 22:46 ],0,227
12887,2014-05-09,[ 22:47 ],0,216
12888,2014-05-09,[ 22:48 ],0,216
12889,2014-05-09,[ 22:49 ],0,217
12890,2014-05-09,[ 22:50 ],0,216
12891,2014-05-09,[ 22:51 ],0,217
12892,2014-05-09,[ 22:52 ],0,217
12893,2014-05-09,[ 22:53 ],0,216
12894,2014-05-09,[ 22:54 ],0,215
12895,2014-05-09,[ 22:55 ],0,235
12896,2014-05-09,[ 22:56 ],0,170
12897,2014-05-09,[ 22:57 ],0,169
12898,2014-05-09,[ 22:58 ],0,170
12899,2014-05-09,[ 22:59 ],0,168
12900,2014-05-09,[ 23:00 ],0,171
12901,2014-05-09,[ 23:01 ],0,170
12902,2014-05-09,[ 23:02 ],0,171
12903,2014-05-09,[ 23:03 ],0,173
12904,2014-05-09,[ 23:04 ],0,171
12905,2014-05-09,[ 23:05 ],0,169
12906,2014-05-09,[ 23:06 ],0,170
12907,2014-05-09,[ 23:07 ],0,246
12908,2014-05-09,[ 23:08 ],0,246
12909,2014-05-09,[ 23:09 ],0,228
12910,2014-05-09,[ 23:10 ],0,226
12911,2014-05-09,[ 23:11 ],0,234
12912,2014-05-09,[ 23:12 ],0,234
12913,2014-05-09,[ 23:13 ],0,231
12914,2014-05-09,[ 23:14 ],0,235
12915,2014-05-09,[ 23:15 ],0,235
12916,2014-05-09,[ 23:16 ],0,231
12917,2014-05-09,[ 23:17 ],0,229
12918,2014-05-09,[ 23:18 ],0,228
12919,2014-05-09,[ 23:19 ],0,231
12920,2014-05-09,[ 23:20 ],0,227
12921,2014-05-09,[ 23:21 ],0,227
12922,2014-05-09,[ 23:22 ],0,226
12923,2014-05-09,[ 23:23 ],0,227
12924,2014-05-09,[ 23:24 ],0,228
12925,2014-05-09,[ 23:25 ],0,228
12926,2014-05-09,[ 23:26 ],0,225
12927,2014-05-09,[ 23:27 ],0,223
12928,2014-05-09,[ 23:28 ],0,224
12929,2014-05-09,[ 23:29 ],0,226
12930,2014-05-09,[ 23:30 ],0,224
12931,2014-05-09,[ 23:31 ],0,226
12932,2014-05-09,[ 23:32 ],0,227
12933,2014-05-09,[ 23:33 ],0,227
12934,2014-05-09,[ 23:34 ],0,228
12935,2014-05-09,[ 23:35 ],0,224
12936,2014-05-09,[ 23:36 ],0,224
12937,2014-05-09,[ 23:37 ],0,224
12938,2014-05-09,[ 23:38 ],0,224
12939,2014-05-09,[ 23:39 ],0,225
12940,2014-05-09,[ 23:40 ],0,225
12941,2014-05-09,[ 23:41 ],0,226
12942,2014-05-09,[ 23:42 ],0,225
12943,2014-05-09,[ 23:43 ],0,225
12944,2014-05-09,[ 23:44 ],0,224
12945,2014-05-09,[ 23:45 ],0,225
12946,2014-05-09,[ 23:46 ],0,229
12947,2014-05-09,[ 23:47 ],0,229
12948,2014-05-09,[ 23:48 ],0,224
12949,2014-05-09,[ 23:49 ],0,217
12950,2014-05-09,[ 23:50 ],0,166
12951,2014-05-09,[ 23:51 ],0,166
12952,2014-05-09,[ 23:52 ],0,165
12953,2014-05-09,[ 23:53 ],0,168
12954,2014-05-09,[ 23:54 ],0,165
12955,2014-05-09,[ 23:55 ],0,165
12956,2014-05-09,[ 23:56 ],0,163
12957,2014-05-09,[ 23:57 ],0,165
12958,2014-05-09,[ 23:58 ],0,163
12959,2014-05-09,[ 23:59 ],0,165
12960,2014-05-10,[ 00:00 ],1,166
12961,2014-05-10,[ 00:01 ],1,166
12962,2014-05-10,[ 00:02 ],1,166
12963,2014-05-10,[ 00:03 ],1,167
12964,2014-05-10,[ 00:04 ],1,167
12965,2014-05-10,[ 00:05 ],1,165
12966,2014-05-10,[ 00:06 ],1,165
12967,2014-05-10,[ 00:07 ],1,163
12968,2014-05-10,[ 00:08 ],1,163
12969,2014-05-10,[ 00:09 ],1,163
12970,2014-05-10,[ 00:10 ],1,163
12971,2014-05-10,[ 00:11 ],1,163
12972,2014-05-10,[ 00:12 ],1,163
12973,2014-05-10,[ 00:13 ],1,163
12974,2014-05-10,[ 00:14 ],1,163
12975,2014-05-10,[ 00:15 ],1,163
12976,2014-05-10,[ 00:16 ],1,163
12977,2014-05-10,[ 00:17 ],1,163
12978,2014-05-10,[ 00:18 ],1,162
12979,2014-05-10,[ 00:19 ],1,162
12980,2014-05-10,[ 00:20 ],1,163
12981,2014-05-10,[ 00:21 ],1,163
12982,2014-05-10,[ 00:22 ],1,162
12983,2014-05-10,[ 00:23 ],1,161
12984,2014-05-10,[ 00:24 ],1,162
12985,2014-05-10,[ 00:25 ],1,161
12986,2014-05-10,[ 00:26 ],1,162
12987,2014-05-10,[ 00:27 ],1,277
12988,2014-05-10,[ 00:28 ],1,277
12989,2014-05-10,[ 00:29 ],1,274
12990,2014-05-10,[ 00:30 ],1,277
12991,2014-05-10,[ 00:31 ],1,273
12992,2014-05-10,[ 00:32 ],1,264
12993,2014-05-10,[ 00:33 ],1,265
12994,2014-05-10,[ 00:34 ],1,265
12995,2014-05-10,[ 00:35 ],1,264
12996,2014-05-10,[ 00:36 ],1,264
12997,2014-05-10,[ 00:37 ],1,261
12998,2014-05-10,[ 00:38 ],1,262
12999,2014-05-10,[ 00:39 ],1,262
13000,2014-05-10,[ 00:40 ],1,195
13001,2014-05-10,[ 00:41 ],1,193
13002,2014-05-10,[ 00:42 ],1,194
13003,2014-05-10,[ 00:43 ],1,195
13004,2014-05-10,[ 00:44 ],1,199
13005,2014-05-10,[ 00:45 ],1,199
13006,2014-05-10,[ 00:46 ],1,195
13007,2014-05-10,[ 00:47 ],1,195
13008,2014-05-10,[ 00:48 ],1,195
13009,2014-05-10,[ 00:49 ],1,194
13010,2014-05-10,[ 00:50 ],1,194
13011,2014-05-10,[ 00:51 ],1,194
13012,2014-05-10,[ 00:52 ],1,195
13013,2014-05-10,[ 00:53 ],1,195
13014,2014-05-10,[ 00:54 ],1,195
13015,2014-05-10,[ 00:55 ],1,199
13016,2014-05-10,[ 00:56 ],1,199
13017,2014-05-10,[ 00:57 ],1,195
13018,2014-05-10,[ 00:58 ],1,200
13019,2014-05-10,[ 00:59 ],1,195
13020,2014-05-10,[ 01:00 ],1,202
13021,2014-05-10,[ 01:01 ],1,199
13022,2014-05-10,[ 01:02 ],1,199
13023,2014-05-10,[ 01:03 ],1,205
13024,2014-05-10,[ 01:04 ],1,171
13025,2014-05-10,[ 01:05 ],1,170
13026,2014-05-10,[ 01:06 ],1,170
13027,2014-05-10,[ 01:07 ],1,169
13028,2014-05-10,[ 01:08 ],1,170
13029,2014-05-10,[ 01:09 ],1,167
13030,2014-05-10,[ 01:10 ],1,168
13031,2014-05-10,[ 01:11 ],1,169
13032,2014-05-10,[ 01:12 ],1,168
13033,2014-05-10,[ 01:13 ],1,167
13034,2014-05-10,[ 01:14 ],1,166
13035,2014-05-10,[ 01:15 ],1,167
13036,2014-05-10,[ 01:16 ],1,171
13037,2014-05-10,[ 01:17 ],1,166
13038,2014-05-10,[ 01:18 ],1,166
13039,2014-05-10,[ 01:19 ],1,165
13040,2014-05-10,[ 01:20 ],1,166
13041,2014-05-10,[ 01:21 ],1,167
13042,2014-05-10,[ 01:22 ],1,167
13043,2014-05-10,[ 01:23 ],1,167
13044,2014-05-10,[ 01:24 ],1,167
13045,2014-05-10,[ 01:25 ],1,169
13046,2014-05-10,[ 01:26 ],1,167
13047,2014-05-10,[ 01:27 ],1,243
13048,2014-05-10,[ 01:28 ],1,240
13049,2014-05-10,[ 01:29 ],1,225
13050,2014-05-10,[ 01:30 ],1,235
13051,2014-05-10,[ 01:31 ],1,229
13052,2014-05-10,[ 01:32 ],1,232
13053,2014-05-10,[ 01:33 ],1,237
13054,2014-05-10,[ 01:34 ],1,235
13055,2014-05-10,[ 01:35 ],1,231
13056,2014-05-10,[ 01:36 ],1,232
13057,2014-05-10,[ 01:37 ],1,232
13058,2014-05-10,[ 01:38 ],1,229
13059,2014-05-10,[ 01:39 ],1,231
13060,2014-05-10,[ 01:40 ],1,228
13061,2014-05-10,[ 01:41 ],1,229
13062,2014-05-10,[ 01:42 ],1,225
13063,2014-05-10,[ 01:43 ],1,227
13064,2014-05-10,[ 01:44 ],1,223
13065,2014-05-10,[ 01:45 ],1,224
13066,2014-05-10,[ 01:46 ],1,225
13067,2014-05-10,[ 01:47 ],1,223
13068,2014-05-10,[ 01:48 ],1,225
13069,2014-05-10,[ 01:49 ],1,224
13070,2014-05-10,[ 01:50 ],1,224
13071,2014-05-10,[ 01:51 ],1,224
13072,2014-05-10,[ 01:52 ],1,224
13073,2014-05-10,[ 01:53 ],1,225
13074,2014-05-10,[ 01:54 ],1,226
13075,2014-05-10,[ 01:55 ],1,228
13076,2014-05-10,[ 01:56 ],1,224
13077,2014-05-10,[ 01:57 ],1,225
13078,2014-05-10,[ 01:58 ],1,225
13079,2014-05-10,[ 01:59 ],1,226
13080,2014-05-10,[ 02:00 ],1,223
13081,2014-05-10,[ 02:01 ],1,222
13082,2014-05-10,[ 02:02 ],1,225
13083,2014-05-10,[ 02:03 ],1,225
13084,2014-05-10,[ 02:04 ],1,225
13085,2014-05-10,[ 02:05 ],1,224
13086,2014-05-10,[ 02:06 ],1,224
13087,2014-05-10,[ 02:07 ],1,161
13088,2014-05-10,[ 02:08 ],1,161
13089,2014-05-10,[ 02:09 ],1,163
13090,2014-05-10,[ 02:10 ],1,160
13091,2014-05-10,[ 02:11 ],1,162
13092,2014-05-10,[ 02:12 ],1,161
13093,2014-05-10,[ 02:13 ],1,161
13094,2014-05-10,[ 02:14 ],1,162
13095,2014-05-10,[ 02:15 ],1,163
13096,2014-05-10,[ 02:16 ],1,163
13097,2014-05-10,[ 02:17 ],1,163
13098,2014-05-10,[ 02:18 ],1,162
13099,2014-05-10,[ 02:19 ],1,162
13100,2014-05-10,[ 02:20 ],1,163
13101,2014-05-10,[ 02:21 ],1,162
13102,2014-05-10,[ 02:22 ],1,163
13103,2014-05-10,[ 02:23 ],1,161
13104,2014-05-10,[ 02:24 ],1,162
13105,2014-05-10,[ 02:25 ],1,160
13106,2014-05-10,[ 02:26 ],1,162
13107,2014-05-10,[ 02:27 ],1,162
13108,2014-05-10,[ 02:28 ],1,160
13109,2014-05-10,[ 02:29 ],1,162
13110,2014-05-10,[ 02:30 ],1,161
13111,2014-05-10,[ 02:31 ],1,161
13112,2014-05-10,[ 02:32 ],1,161
13113,2014-05-10,[ 02:33 ],1,160
13114,2014-05-10,[ 02:34 ],1,162
13115,2014-05-10,[ 02:35 ],1,162
13116,2014-05-10,[ 02:36 ],1,160
13117,2014-05-10,[ 02:37 ],1,161
13118,2014-05-10,[ 02:38 ],1,161
13119,2014-05-10,[ 02:39 ],1,228
13120,2014-05-10,[ 02:40 ],1,222
13121,2014-05-10,[ 02:41 ],1,222
13122,2014-05-10,[ 02:42 ],1,222
13123,2014-05-10,[ 02:43 ],1,222
13124,2014-05-10,[ 02:44 ],1,219
13125,2014-05-10,[ 02:45 ],1,219
13126,2014-05-10,[ 02:46 ],1,218
13127,2014-05-10,[ 02:47 ],1,216
13128,2014-05-10,[ 02:48 ],1,217
13129,2014-05-10,[ 02:49 ],1,215
13130,2014-05-10,[ 02:50 ],1,216
13131,2014-05-10,[ 02:51 ],1,160
13132,2014-05-10,[ 02:52 ],1,159
13133,2014-05-10,[ 02:53 ],1,160
13134,2014-05-10,[ 02:54 ],1,161
13135,2014-05-10,[ 02:55 ],1,163
13136,2014-05-10,[ 02:56 ],1,163
13137,2014-05-10,[ 02:57 ],1,161
13138,2014-05-10,[ 02:58 ],1,161
13139,2014-05-10,[ 02:59 ],1,163
13140,2014-05-10,[ 03:00 ],1,163
13141,2014-05-10,[ 03:01 ],1,163
13142,2014-05-10,[ 03:02 ],1,163
13143,2014-05-10,[ 03:03 ],1,163
13144,2014-05-10,[ 03:04 ],1,163
13145,2014-05-10,[ 03:05 ],1,161
13146,2014-05-10,[ 03:06 ],1,160
13147,2014-05-10,[ 03:07 ],1,162
13148,2014-05-10,[ 03:08 ],1,159
13149,2014-05-10,[ 03:09 ],1,159
13150,2014-05-10,[ 03:10 ],1,163
13151,2014-05-10,[ 03:11 ],1,162
13152,2014-05-10,[ 03:12 ],1,161
13153,2014-05-10,[ 03:13 ],1,162
13154,2014-05-10,[ 03:14 ],1,161
13155,2014-05-10,[ 03:15 ],1,160
13156,2014-05-10,[ 03:16 ],1,162
13157,2014-05-10,[ 03:17 ],1,162
13158,2014-05-10,[ 03:18 ],1,163
13159,2014-05-10,[ 03:19 ],1,162
13160,2014-05-10,[ 03:20 ],1,162
13161,2014-05-10,[ 03:21 ],1,161
13162,2014-05-10,[ 03:22 ],1,161
13163,2014-05-10,[ 03:23 ],1,161
13164,2014-05-10,[ 03:24 ],1,160
13165,2014-05-10,[ 03:25 ],1,160
13166,2014-05-10,[ 03:26 ],1,159
13167,2014-05-10,[ 03:27 ],1,159
13168,2014-05-10,[ 03:28 ],1,159
13169,2014-05-10,[ 03:29 ],1,159
13170,2014-05-10,[ 03:30 ],1,159
13171,2014-05-10,[ 03:31 ],1,157
13172,2014-05-10,[ 03:32 ],1,160
13173,2014-05-10,[ 03:33 ],1,160
13174,2014-05-10,[ 03:34 ],1,159
13175,2014-05-10,[ 03:35 ],1,161
13176,2014-05-10,[ 03:36 ],1,160
13177,2014-05-10,[ 03:37 ],1,161
13178,2014-05-10,[ 03:38 ],1,232
13179,2014-05-10,[ 03:39 ],1,224
13180,2014-05-10,[ 03:40 ],1,221
13181,2014-05-10,[ 03:41 ],1,222
13182,2014-05-10,[ 03:42 ],1,222
13183,2014-05-10,[ 03:43 ],1,219
13184,2014-05-10,[ 03:44 ],1,218
13185,2014-05-10,[ 03:45 ],1,217
13186,2014-05-10,[ 03:46 ],1,217
13187,2014-05-10,[ 03:47 ],1,215
13188,2014-05-10,[ 03:48 ],1,215
13189,2014-05-10,[ 03:49 ],1,213
13190,2014-05-10,[ 03:50 ],1,162
13191,2014-05-10,[ 03:51 ],1,161
13192,2014-05-10,[ 03:52 ],1,161
13193,2014-05-10,[ 03:53 ],1,161
13194,2014-05-10,[ 03:54 ],1,163
13195,2014-05-10,[ 03:55 ],1,160
13196,2014-05-10,[ 03:56 ],1,160
13197,2014-05-10,[ 03:57 ],1,162
13198,2014-05-10,[ 03:58 ],1,161
13199,2014-05-10,[ 03:59 ],1,162
13200,2014-05-10,[ 04:00 ],1,163
13201,2014-05-10,[ 04:01 ],1,159
13202,2014-05-10,[ 04:02 ],1,162
13203,2014-05-10,[ 04:03 ],1,282
13204,2014-05-10,[ 04:04 ],1,223
13205,2014-05-10,[ 04:05 ],1,221
13206,2014-05-10,[ 04:06 ],1,218
13207,2014-05-10,[ 04:07 ],1,223
13208,2014-05-10,[ 04:08 ],1,223
13209,2014-05-10,[ 04:09 ],1,223
13210,2014-05-10,[ 04:10 ],1,223
13211,2014-05-10,[ 04:11 ],1,224
13212,2014-05-10,[ 04:12 ],1,221
13213,2014-05-10,[ 04:13 ],1,222
13214,2014-05-10,[ 04:14 ],1,219
13215,2014-05-10,[ 04:15 ],1,219
13216,2014-05-10,[ 04:16 ],1,222
13217,2014-05-10,[ 04:17 ],1,222
13218,2014-05-10,[ 04:18 ],1,222
13219,2014-05-10,[ 04:19 ],1,223
13220,2014-05-10,[ 04:20 ],1,223
13221,2014-05-10,[ 04:21 ],1,222
13222,2014-05-10,[ 04:22 ],1,222
13223,2014-05-10,[ 04:23 ],1,221
13224,2014-05-10,[ 04:24 ],1,222
13225,2014-05-10,[ 04:25 ],1,223
13226,2014-05-10,[ 04:26 ],1,222
13227,2014-05-10,[ 04:27 ],1,222
13228,2014-05-10,[ 04:28 ],1,219
13229,2014-05-10,[ 04:29 ],1,222
13230,2014-05-10,[ 04:30 ],1,223
13231,2014-05-10,[ 04:31 ],1,238
13232,2014-05-10,[ 04:32 ],1,237
13233,2014-05-10,[ 04:33 ],1,241
13234,2014-05-10,[ 04:34 ],1,238
13235,2014-05-10,[ 04:35 ],1,236
13236,2014-05-10,[ 04:36 ],1,239
13237,2014-05-10,[ 04:37 ],1,168
13238,2014-05-10,[ 04:38 ],1,169
13239,2014-05-10,[ 04:39 ],1,168
13240,2014-05-10,[ 04:40 ],1,168
13241,2014-05-10,[ 04:41 ],1,167
13242,2014-05-10,[ 04:42 ],1,169
13243,2014-05-10,[ 04:43 ],1,167
13244,2014-05-10,[ 04:44 ],1,170
13245,2014-05-10,[ 04:45 ],1,168
13246,2014-05-10,[ 04:46 ],1,169
13247,2014-05-10,[ 04:47 ],1,169
13248,2014-05-10,[ 04:48 ],1,169
13249,2014-05-10,[ 04:49 ],1,168
13250,2014-05-10,[ 04:50 ],1,167
13251,2014-05-10,[ 04:51 ],1,170
13252,2014-05-10,[ 04:52 ],1,168
13253,2014-05-10,[ 04:53 ],1,170
13254,2014-05-10,[ 04:54 ],1,168
13255,2014-05-10,[ 04:55 ],1,170
13256,2014-05-10,[ 04:56 ],1,168
13257,2014-05-10,[ 04:57 ],1,168
13258,2014-05-10,[ 04:58 ],1,168
13259,2014-05-10,[ 04:59 ],1,170
13260,2014-05-10,[ 05:00 ],1,171
13261,2014-05-10,[ 05:01 ],1,171
13262,2014-05-10,[ 05:02 ],1,169
13263,2014-05-10,[ 05:03 ],1,170
13264,2014-05-10,[ 05:04 ],1,171
13265,2014-05-10,[ 05:05 ],1,169
13266,2014-05-10,[ 05:06 ],1,170
13267,2014-05-10,[ 05:07 ],1,169
13268,2014-05-10,[ 05:08 ],1,591
13269,2014-05-10,[ 05:09 ],1,245
13270,2014-05-10,[ 05:10 ],1,231
13271,2014-05-10,[ 05:11 ],1,227
13272,2014-05-10,[ 05:12 ],1,226
13273,2014-05-10,[ 05:13 ],1,224
13274,2014-05-10,[ 05:14 ],1,223
13275,2014-05-10,[ 05:15 ],1,221
13276,2014-05-10,[ 05:16 ],1,222
13277,2014-05-10,[ 05:17 ],1,221
13278,2014-05-10,[ 05:18 ],1,219
13279,2014-05-10,[ 05:19 ],1,218
13280,2014-05-10,[ 05:20 ],1,165
13281,2014-05-10,[ 05:21 ],1,163
13282,2014-05-10,[ 05:22 ],1,163
13283,2014-05-10,[ 05:23 ],1,163
13284,2014-05-10,[ 05:24 ],1,162
13285,2014-05-10,[ 05:25 ],1,163
13286,2014-05-10,[ 05:26 ],1,163
13287,2014-05-10,[ 05:27 ],1,163
13288,2014-05-10,[ 05:28 ],1,163
13289,2014-05-10,[ 05:29 ],1,162
13290,2014-05-10,[ 05:30 ],1,163
13291,2014-05-10,[ 05:31 ],1,163
13292,2014-05-10,[ 05:32 ],1,162
13293,2014-05-10,[ 05:33 ],1,163
13294,2014-05-10,[ 05:34 ],1,163
13295,2014-05-10,[ 05:35 ],1,161
13296,2014-05-10,[ 05:36 ],1,163
13297,2014-05-10,[ 05:37 ],1,163
13298,2014-05-10,[ 05:38 ],1,161
13299,2014-05-10,[ 05:39 ],1,161
13300,2014-05-10,[ 05:40 ],1,160
13301,2014-05-10,[ 05:41 ],1,161
13302,2014-05-10,[ 05:42 ],1,161
13303,2014-05-10,[ 05:43 ],1,163
13304,2014-05-10,[ 05:44 ],1,161
13305,2014-05-10,[ 05:45 ],1,163
13306,2014-05-10,[ 05:46 ],1,163
13307,2014-05-10,[ 05:47 ],1,161
13308,2014-05-10,[ 05:48 ],1,161
13309,2014-05-10,[ 05:49 ],1,161
13310,2014-05-10,[ 05:50 ],1,162
13311,2014-05-10,[ 05:51 ],1,161
13312,2014-05-10,[ 05:52 ],1,163
13313,2014-05-10,[ 05:53 ],1,163
13314,2014-05-10,[ 05:54 ],1,161
13315,2014-05-10,[ 05:55 ],1,162
13316,2014-05-10,[ 05:56 ],1,161
13317,2014-05-10,[ 05:57 ],1,162
13318,2014-05-10,[ 05:58 ],1,163
13319,2014-05-10,[ 05:59 ],1,162
13320,2014-05-10,[ 06:00 ],1,165
13321,2014-05-10,[ 06:01 ],1,166
13322,2014-05-10,[ 06:02 ],1,166
13323,2014-05-10,[ 06:03 ],1,163
13324,2014-05-10,[ 06:04 ],1,162
13325,2014-05-10,[ 06:05 ],1,163
13326,2014-05-10,[ 06:06 ],1,160
13327,2014-05-10,[ 06:07 ],1,160
13328,2014-05-10,[ 06:08 ],1,158
13329,2014-05-10,[ 06:09 ],1,225
13330,2014-05-10,[ 06:10 ],1,218
13331,2014-05-10,[ 06:11 ],1,216
13332,2014-05-10,[ 06:12 ],1,216
13333,2014-05-10,[ 06:13 ],1,213
13334,2014-05-10,[ 06:14 ],1,214
13335,2014-05-10,[ 06:15 ],1,213
13336,2014-05-10,[ 06:16 ],1,213
13337,2014-05-10,[ 06:17 ],1,213
13338,2014-05-10,[ 06:18 ],1,215
13339,2014-05-10,[ 06:19 ],1,212
13340,2014-05-10,[ 06:20 ],1,212
13341,2014-05-10,[ 06:21 ],1,156
13342,2014-05-10,[ 06:22 ],1,157
13343,2014-05-10,[ 06:23 ],1,159
13344,2014-05-10,[ 06:24 ],1,160
13345,2014-05-10,[ 06:25 ],1,157
13346,2014-05-10,[ 06:26 ],1,158
13347,2014-05-10,[ 06:27 ],1,157
13348,2014-05-10,[ 06:28 ],1,158
13349,2014-05-10,[ 06:29 ],1,155
13350,2014-05-10,[ 06:30 ],1,155
13351,2014-05-10,[ 06:31 ],1,156
13352,2014-05-10,[ 06:32 ],1,156
13353,2014-05-10,[ 06:33 ],1,156
13354,2014-05-10,[ 06:34 ],1,156
13355,2014-05-10,[ 06:35 ],1,156
13356,2014-05-10,[ 06:36 ],1,156
13357,2014-05-10,[ 06:37 ],1,156
13358,2014-05-10,[ 06:38 ],1,156
13359,2014-05-10,[ 06:39 ],1,157
13360,2014-05-10,[ 06:40 ],1,269
13361,2014-05-10,[ 06:41 ],1,214
13362,2014-05-10,[ 06:42 ],1,208
13363,2014-05-10,[ 06:43 ],1,212
13364,2014-05-10,[ 06:44 ],1,213
13365,2014-05-10,[ 06:45 ],1,214
13366,2014-05-10,[ 06:46 ],1,215
13367,2014-05-10,[ 06:47 ],1,216
13368,2014-05-10,[ 06:48 ],1,217
13369,2014-05-10,[ 06:49 ],1,214
13370,2014-05-10,[ 06:50 ],1,214
13371,2014-05-10,[ 06:51 ],1,213
13372,2014-05-10,[ 06:52 ],1,212
13373,2014-05-10,[ 06:53 ],1,213
13374,2014-05-10,[ 06:54 ],1,212
13375,2014-05-10,[ 06:55 ],1,212
13376,2014-05-10,[ 06:56 ],1,212
13377,2014-05-10,[ 06:57 ],1,213
13378,2014-05-10,[ 06:58 ],1,214
13379,2014-05-10,[ 06:59 ],1,214
13380,2014-05-10,[ 07:00 ],1,286
13381,2014-05-10,[ 07:01 ],1,286
13382,2014-05-10,[ 07:02 ],1,283
13383,2014-05-10,[ 07:03 ],1,289
13384,2014-05-10,[ 07:04 ],1,287
13385,2014-05-10,[ 07:05 ],1,278
13386,2014-05-10,[ 07:06 ],1,283
13387,2014-05-10,[ 07:07 ],1,280
13388,2014-05-10,[ 07:08 ],1,281
13389,2014-05-10,[ 07:09 ],1,282
13390,2014-05-10,[ 07:10 ],1,282
13391,2014-05-10,[ 07:11 ],1,284
13392,2014-05-10,[ 07:12 ],1,283
13393,2014-05-10,[ 07:13 ],1,283
13394,2014-05-10,[ 07:14 ],1,224
13395,2014-05-10,[ 07:15 ],1,219
13396,2014-05-10,[ 07:16 ],1,219
13397,2014-05-10,[ 07:17 ],1,217
13398,2014-05-10,[ 07:18 ],1,440
13399,2014-05-10,[ 07:19 ],1,440
13400,2014-05-10,[ 07:20 ],1,441
13401,2014-05-10,[ 07:21 ],1,423
13402,2014-05-10,[ 07:22 ],1,418
13403,2014-05-10,[ 07:23 ],1,421
13404,2014-05-10,[ 07:24 ],1,377
13405,2014-05-10,[ 07:25 ],1,377
13406,2014-05-10,[ 07:26 ],1,379
13407,2014-05-10,[ 07:27 ],1,380
13408,2014-05-10,[ 07:28 ],1,379
13409,2014-05-10,[ 07:29 ],1,381
13410,2014-05-10,[ 07:30 ],1,381
13411,2014-05-10,[ 07:31 ],1,166
13412,2014-05-10,[ 07:32 ],1,167
13413,2014-05-10,[ 07:33 ],1,167
13414,2014-05-10,[ 07:34 ],1,165
13415,2014-05-10,[ 07:35 ],1,163
13416,2014-05-10,[ 07:36 ],1,167
13417,2014-05-10,[ 07:37 ],1,166
13418,2014-05-10,[ 07:38 ],1,167
13419,2014-05-10,[ 07:39 ],1,166
13420,2014-05-10,[ 07:40 ],1,167
13421,2014-05-10,[ 07:41 ],1,172
13422,2014-05-10,[ 07:42 ],1,241
13423,2014-05-10,[ 07:43 ],1,344
13424,2014-05-10,[ 07:44 ],1,320
13425,2014-05-10,[ 07:45 ],1,2609
13426,2014-05-10,[ 07:46 ],1,2637
13427,2014-05-10,[ 07:47 ],1,2699
13428,2014-05-10,[ 07:48 ],1,368
13429,2014-05-10,[ 07:49 ],1,370
13430,2014-05-10,[ 07:50 ],1,370
13431,2014-05-10,[ 07:51 ],1,363
13432,2014-05-10,[ 07:52 ],1,351
13433,2014-05-10,[ 07:53 ],1,354
13434,2014-05-10,[ 07:54 ],1,315
13435,2014-05-10,[ 07:55 ],1,313
13436,2014-05-10,[ 07:56 ],1,288
13437,2014-05-10,[ 07:57 ],1,289
13438,2014-05-10,[ 07:58 ],1,284
13439,2014-05-10,[ 07:59 ],1,284
13440,2014-05-10,[ 08:00 ],1,294
13441,2014-05-10,[ 08:01 ],1,340
13442,2014-05-10,[ 08:02 ],1,394
13443,2014-05-10,[ 08:03 ],1,393
13444,2014-05-10,[ 08:04 ],1,383
13445,2014-05-10,[ 08:05 ],1,437
13446,2014-05-10,[ 08:06 ],1,3785
13447,2014-05-10,[ 08:07 ],1,3785
13448,2014-05-10,[ 08:08 ],1,2082
13449,2014-05-10,[ 08:09 ],1,2075
13450,2014-05-10,[ 08:10 ],1,2093
13451,2014-05-10,[ 08:11 ],1,2126
13452,2014-05-10,[ 08:12 ],1,2109
13453,2014-05-10,[ 08:13 ],1,2059
13454,2014-05-10,[ 08:14 ],1,2023
13455,2014-05-10,[ 08:15 ],1,357
13456,2014-05-10,[ 08:16 ],1,363
13457,2014-05-10,[ 08:17 ],1,2694
13458,2014-05-10,[ 08:18 ],1,2683
13459,2014-05-10,[ 08:19 ],1,380
13460,2014-05-10,[ 08:20 ],1,1958
13461,2014-05-10,[ 08:21 ],1,3672
13462,2014-05-10,[ 08:22 ],1,1978
13463,2014-05-10,[ 08:23 ],1,1978
13464,2014-05-10,[ 08:24 ],1,310
13465,2014-05-10,[ 08:25 ],1,364
13466,2014-05-10,[ 08:26 ],1,365
13467,2014-05-10,[ 08:27 ],1,416
13468,2014-05-10,[ 08:28 ],1,425
13469,2014-05-10,[ 08:29 ],1,411
13470,2014-05-10,[ 08:30 ],1,421
13471,2014-05-10,[ 08:31 ],1,472
13472,2014-05-10,[ 08:32 ],1,452
13473,2014-05-10,[ 08:33 ],1,437
13474,2014-05-10,[ 08:34 ],1,423
13475,2014-05-10,[ 08:35 ],1,426
13476,2014-05-10,[ 08:36 ],1,432
13477,2014-05-10,[ 08:37 ],1,446
13478,2014-05-10,[ 08:38 ],1,463
13479,2014-05-10,[ 08:39 ],1,470
13480,2014-05-10,[ 08:40 ],1,422
13481,2014-05-10,[ 08:41 ],1,451
13482,2014-05-10,[ 08:42 ],1,420
13483,2014-05-10,[ 08:43 ],1,376
13484,2014-05-10,[ 08:44 ],1,383
13485,2014-05-10,[ 08:45 ],1,412
13486,2014-05-10,[ 08:46 ],1,412
13487,2014-05-10,[ 08:47 ],1,378
13488,2014-05-10,[ 08:48 ],1,390
13489,2014-05-10,[ 08:49 ],1,390
13490,2014-05-10,[ 08:50 ],1,388
13491,2014-05-10,[ 08:51 ],1,386
13492,2014-05-10,[ 08:52 ],1,441
13493,2014-05-10,[ 08:53 ],1,441
13494,2014-05-10,[ 08:54 ],1,451
13495,2014-05-10,[ 08:55 ],1,425
13496,2014-05-10,[ 08:56 ],1,427
13497,2014-05-10,[ 08:57 ],1,426
13498,2014-05-10,[ 08:58 ],1,481
13499,2014-05-10,[ 08:59 ],1,463
13500,2014-05-10,[ 09:00 ],1,516
13501,2014-05-10,[ 09:01 ],1,497
13502,2014-05-10,[ 09:02 ],1,488
13503,2014-05-10,[ 09:03 ],1,493
13504,2014-05-10,[ 09:04 ],1,497
13505,2014-05-10,[ 09:05 ],1,487
13506,2014-05-10,[ 09:06 ],1,505
13507,2014-05-10,[ 09:07 ],1,499
13508,2014-05-10,[ 09:08 ],1,486
13509,2014-05-10,[ 09:09 ],1,482
13510,2014-05-10,[ 09:10 ],1,479
13511,2014-05-10,[ 09:11 ],1,482
13512,2014-05-10,[ 09:12 ],1,485
13513,2014-05-10,[ 09:13 ],1,484
13514,2014-05-10,[ 09:14 ],1,444
13515,2014-05-10,[ 09:15 ],1,459
13516,2014-05-10,[ 09:16 ],1,359
13517,2014-05-10,[ 09:17 ],1,2668
13518,2014-05-10,[ 09:18 ],1,2733
13519,2014-05-10,[ 09:19 ],1,2734
13520,2014-05-10,[ 09:20 ],1,2710
13521,2014-05-10,[ 09:21 ],1,2669
13522,2014-05-10,[ 09:22 ],1,2670
13523,2014-05-10,[ 09:23 ],1,3536
13524,2014-05-10,[ 09:24 ],1,4511
13525,2014-05-10,[ 09:25 ],1,4265
13526,2014-05-10,[ 09:26 ],1,3960
13527,2014-05-10,[ 09:27 ],1,3180
13528,2014-05-10,[ 09:28 ],1,749
13529,2014-05-10,[ 09:29 ],1,370
13530,2014-05-10,[ 09:30 ],1,402
13531,2014-05-10,[ 09:31 ],1,422
13532,2014-05-10,[ 09:32 ],1,2090
13533,2014-05-10,[ 09:33 ],1,2095
13534,2014-05-10,[ 09:34 ],1,405
13535,2014-05-10,[ 09:35 ],1,361
13536,2014-05-10,[ 09:36 ],1,363
13537,2014-05-10,[ 09:37 ],1,361
13538,2014-05-10,[ 09:38 ],1,361
13539,2014-05-10,[ 09:39 ],1,361
13540,2014-05-10,[ 09:40 ],1,363
13541,2014-05-10,[ 09:41 ],1,361
13542,2014-05-10,[ 09:42 ],1,363
13543,2014-05-10,[ 09:43 ],1,365
13544,2014-05-10,[ 09:44 ],1,364
13545,2014-05-10,[ 09:45 ],1,364
13546,2014-05-10,[ 09:46 ],1,363
13547,2014-05-10,[ 09:47 ],1,354
13548,2014-05-10,[ 09:48 ],1,312
13549,2014-05-10,[ 09:49 ],1,312
13550,2014-05-10,[ 09:50 ],1,316
13551,2014-05-10,[ 09:51 ],1,316
13552,2014-05-10,[ 09:52 ],1,316
13553,2014-05-10,[ 09:53 ],1,315
13554,2014-05-10,[ 09:54 ],1,313
13555,2014-05-10,[ 09:55 ],1,313
13556,2014-05-10,[ 09:56 ],1,315
13557,2014-05-10,[ 09:57 ],1,315
13558,2014-05-10,[ 09:58 ],1,318
13559,2014-05-10,[ 09:59 ],1,315
13560,2014-05-10,[ 10:00 ],1,310
13561,2014-05-10,[ 10:01 ],1,315
13562,2014-05-10,[ 10:02 ],1,312
13563,2014-05-10,[ 10:03 ],1,313
13564,2014-05-10,[ 10:04 ],1,315
13565,2014-05-10,[ 10:05 ],1,398
13566,2014-05-10,[ 10:06 ],1,398
13567,2014-05-10,[ 10:07 ],1,411
13568,2014-05-10,[ 10:08 ],1,411
13569,2014-05-10,[ 10:09 ],1,388
13570,2014-05-10,[ 10:10 ],1,389
13571,2014-05-10,[ 10:11 ],1,386
13572,2014-05-10,[ 10:12 ],1,388
13573,2014-05-10,[ 10:13 ],1,380
13574,2014-05-10,[ 10:14 ],1,383
13575,2014-05-10,[ 10:15 ],1,386
13576,2014-05-10,[ 10:16 ],1,383
13577,2014-05-10,[ 10:17 ],1,312
13578,2014-05-10,[ 10:18 ],1,311
13579,2014-05-10,[ 10:19 ],1,339
13580,2014-05-10,[ 10:20 ],1,2566
13581,2014-05-10,[ 10:21 ],1,2618
13582,2014-05-10,[ 10:22 ],1,2615
13583,2014-05-10,[ 10:23 ],1,2615
13584,2014-05-10,[ 10:24 ],1,2610
13585,2014-05-10,[ 10:25 ],1,2611
13586,2014-05-10,[ 10:26 ],1,2612
13587,2014-05-10,[ 10:27 ],1,2598
13588,2014-05-10,[ 10:28 ],1,2620
13589,2014-05-10,[ 10:29 ],1,2610
13590,2014-05-10,[ 10:30 ],1,2613
13591,2014-05-10,[ 10:31 ],1,2610
13592,2014-05-10,[ 10:32 ],1,2615
13593,2014-05-10,[ 10:33 ],1,2552
13594,2014-05-10,[ 10:34 ],1,2593
13595,2014-05-10,[ 10:35 ],1,2585
13596,2014-05-10,[ 10:36 ],1,2587
13597,2014-05-10,[ 10:37 ],1,240
13598,2014-05-10,[ 10:38 ],1,208
13599,2014-05-10,[ 10:39 ],1,208
13600,2014-05-10,[ 10:40 ],1,206
13601,2014-05-10,[ 10:41 ],1,204
13602,2014-05-10,[ 10:42 ],1,204
13603,2014-05-10,[ 10:43 ],1,207
13604,2014-05-10,[ 10:44 ],1,206
13605,2014-05-10,[ 10:45 ],1,208
13606,2014-05-10,[ 10:46 ],1,281
13607,2014-05-10,[ 10:47 ],1,280
13608,2014-05-10,[ 10:48 ],1,277
13609,2014-05-10,[ 10:49 ],1,280
13610,2014-05-10,[ 10:50 ],1,281
13611,2014-05-10,[ 10:51 ],1,282
13612,2014-05-10,[ 10:52 ],1,280
13613,2014-05-10,[ 10:53 ],1,280
13614,2014-05-10,[ 10:54 ],1,277
13615,2014-05-10,[ 10:55 ],1,276
13616,2014-05-10,[ 10:56 ],1,278
13617,2014-05-10,[ 10:57 ],1,275
13618,2014-05-10,[ 10:58 ],1,278
13619,2014-05-10,[ 10:59 ],1,280
13620,2014-05-10,[ 11:00 ],1,280
13621,2014-05-10,[ 11:01 ],1,282
13622,2014-05-10,[ 11:02 ],1,277
13623,2014-05-10,[ 11:03 ],1,281
13624,2014-05-10,[ 11:04 ],1,281
13625,2014-05-10,[ 11:05 ],1,277
13626,2014-05-10,[ 11:06 ],1,280
13627,2014-05-10,[ 11:07 ],1,277
13628,2014-05-10,[ 11:08 ],1,281
13629,2014-05-10,[ 11:09 ],1,281
13630,2014-05-10,[ 11:10 ],1,281
13631,2014-05-10,[ 11:11 ],1,278
13632,2014-05-10,[ 11:12 ],1,280
13633,2014-05-10,[ 11:13 ],1,281
13634,2014-05-10,[ 11:14 ],1,280
13635,2014-05-10,[ 11:15 ],1,284
13636,2014-05-10,[ 11:16 ],1,280
13637,2014-05-10,[ 11:17 ],1,281
13638,2014-05-10,[ 11:18 ],1,281
13639,2014-05-10,[ 11:19 ],1,280
13640,2014-05-10,[ 11:20 ],1,278
13641,2014-05-10,[ 11:21 ],1,281
13642,2014-05-10,[ 11:22 ],1,278
13643,2014-05-10,[ 11:23 ],1,280
13644,2014-05-10,[ 11:24 ],1,277
13645,2014-05-10,[ 11:25 ],1,282
13646,2014-05-10,[ 11:26 ],1,207
13647,2014-05-10,[ 11:27 ],1,208
13648,2014-05-10,[ 11:28 ],1,207
13649,2014-05-10,[ 11:29 ],1,206
13650,2014-05-10,[ 11:30 ],1,207
13651,2014-05-10,[ 11:31 ],1,207
13652,2014-05-10,[ 11:32 ],1,208
13653,2014-05-10,[ 11:33 ],1,207
13654,2014-05-10,[ 11:34 ],1,207
13655,2014-05-10,[ 11:35 ],1,207
13656,2014-05-10,[ 11:36 ],1,206
13657,2014-05-10,[ 11:37 ],1,205
13658,2014-05-10,[ 11:38 ],1,208
13659,2014-05-10,[ 11:39 ],1,207
13660,2014-05-10,[ 11:40 ],1,205
13661,2014-05-10,[ 11:41 ],1,207
13662,2014-05-10,[ 11:42 ],1,207
13663,2014-05-10,[ 11:43 ],1,207
13664,2014-05-10,[ 11:44 ],1,204
13665,2014-05-10,[ 11:45 ],1,205
13666,2014-05-10,[ 11:46 ],1,205
13667,2014-05-10,[ 11:47 ],1,205
13668,2014-05-10,[ 11:48 ],1,204
13669,2014-05-10,[ 11:49 ],1,205
13670,2014-05-10,[ 11:50 ],1,206
13671,2014-05-10,[ 11:51 ],1,206
13672,2014-05-10,[ 11:52 ],1,206
13673,2014-05-10,[ 11:53 ],1,208
13674,2014-05-10,[ 11:54 ],1,206
13675,2014-05-10,[ 11:55 ],1,205
13676,2014-05-10,[ 11:56 ],1,204
13677,2014-05-10,[ 11:57 ],1,201
13678,2014-05-10,[ 11:58 ],1,175
13679,2014-05-10,[ 11:59 ],1,176
13680,2014-05-10,[ 12:00 ],1,176
13681,2014-05-10,[ 12:01 ],1,176
13682,2014-05-10,[ 12:02 ],1,252
13683,2014-05-10,[ 12:03 ],1,238
13684,2014-05-10,[ 12:04 ],1,239
13685,2014-05-10,[ 12:05 ],1,237
13686,2014-05-10,[ 12:06 ],1,272
13687,2014-05-10,[ 12:07 ],1,273
13688,2014-05-10,[ 12:08 ],1,273
13689,2014-05-10,[ 12:09 ],1,271
13690,2014-05-10,[ 12:10 ],1,273
13691,2014-05-10,[ 12:11 ],1,267
13692,2014-05-10,[ 12:12 ],1,269
13693,2014-05-10,[ 12:13 ],1,265
13694,2014-05-10,[ 12:14 ],1,205
13695,2014-05-10,[ 12:15 ],1,205
13696,2014-05-10,[ 12:16 ],1,202
13697,2014-05-10,[ 12:17 ],1,203
13698,2014-05-10,[ 12:18 ],1,204
13699,2014-05-10,[ 12:19 ],1,202
13700,2014-05-10,[ 12:20 ],1,203
13701,2014-05-10,[ 12:21 ],1,203
13702,2014-05-10,[ 12:22 ],1,204
13703,2014-05-10,[ 12:23 ],1,206
13704,2014-05-10,[ 12:24 ],1,206
13705,2014-05-10,[ 12:25 ],1,202
13706,2014-05-10,[ 12:26 ],1,205
13707,2014-05-10,[ 12:27 ],1,224
13708,2014-05-10,[ 12:28 ],1,203
13709,2014-05-10,[ 12:29 ],1,203
13710,2014-05-10,[ 12:30 ],1,203
13711,2014-05-10,[ 12:31 ],1,205
13712,2014-05-10,[ 12:32 ],1,202
13713,2014-05-10,[ 12:33 ],1,200
13714,2014-05-10,[ 12:34 ],1,204
13715,2014-05-10,[ 12:35 ],1,203
13716,2014-05-10,[ 12:36 ],1,204
13717,2014-05-10,[ 12:37 ],1,201
13718,2014-05-10,[ 12:38 ],1,206
13719,2014-05-10,[ 12:39 ],1,206
13720,2014-05-10,[ 12:40 ],1,205
13721,2014-05-10,[ 12:41 ],1,204
13722,2014-05-10,[ 12:42 ],1,206
13723,2014-05-10,[ 12:43 ],1,207
13724,2014-05-10,[ 12:44 ],1,204
13725,2014-05-10,[ 12:45 ],1,205
13726,2014-05-10,[ 12:46 ],1,208
13727,2014-05-10,[ 12:47 ],1,207
13728,2014-05-10,[ 12:48 ],1,205
13729,2014-05-10,[ 12:49 ],1,204
13730,2014-05-10,[ 12:50 ],1,204
13731,2014-05-10,[ 12:51 ],1,207
13732,2014-05-10,[ 12:52 ],1,210
13733,2014-05-10,[ 12:53 ],1,205
13734,2014-05-10,[ 12:54 ],1,206
13735,2014-05-10,[ 12:55 ],1,204
13736,2014-05-10,[ 12:56 ],1,205
13737,2014-05-10,[ 12:57 ],1,205
13738,2014-05-10,[ 12:58 ],1,206
13739,2014-05-10,[ 12:59 ],1,283
13740,2014-05-10,[ 13:00 ],1,282
13741,2014-05-10,[ 13:01 ],1,275
13742,2014-05-10,[ 13:02 ],1,276
13743,2014-05-10,[ 13:03 ],1,280
13744,2014-05-10,[ 13:04 ],1,282
13745,2014-05-10,[ 13:05 ],1,242
13746,2014-05-10,[ 13:06 ],1,241
13747,2014-05-10,[ 13:07 ],1,238
13748,2014-05-10,[ 13:08 ],1,237
13749,2014-05-10,[ 13:09 ],1,239
13750,2014-05-10,[ 13:10 ],1,240
13751,2014-05-10,[ 13:11 ],1,238
13752,2014-05-10,[ 13:12 ],1,238
13753,2014-05-10,[ 13:13 ],1,276
13754,2014-05-10,[ 13:14 ],1,278
13755,2014-05-10,[ 13:15 ],1,274
13756,2014-05-10,[ 13:16 ],1,237
13757,2014-05-10,[ 13:17 ],1,239
13758,2014-05-10,[ 13:18 ],1,238
13759,2014-05-10,[ 13:19 ],1,236
13760,2014-05-10,[ 13:20 ],1,237
13761,2014-05-10,[ 13:21 ],1,239
13762,2014-05-10,[ 13:22 ],1,239
13763,2014-05-10,[ 13:23 ],1,240
13764,2014-05-10,[ 13:24 ],1,240
13765,2014-05-10,[ 13:25 ],1,238
13766,2014-05-10,[ 13:26 ],1,238
13767,2014-05-10,[ 13:27 ],1,241
13768,2014-05-10,[ 13:28 ],1,240
13769,2014-05-10,[ 13:29 ],1,242
13770,2014-05-10,[ 13:30 ],1,240
13771,2014-05-10,[ 13:31 ],1,239
13772,2014-05-10,[ 13:32 ],1,238
13773,2014-05-10,[ 13:33 ],1,239
13774,2014-05-10,[ 13:34 ],1,245
13775,2014-05-10,[ 13:35 ],1,242
13776,2014-05-10,[ 13:36 ],1,245
13777,2014-05-10,[ 13:37 ],1,179
13778,2014-05-10,[ 13:38 ],1,214
13779,2014-05-10,[ 13:39 ],1,207
13780,2014-05-10,[ 13:40 ],1,205
13781,2014-05-10,[ 13:41 ],1,175
13782,2014-05-10,[ 13:42 ],1,175
13783,2014-05-10,[ 13:43 ],1,175
13784,2014-05-10,[ 13:44 ],1,176
13785,2014-05-10,[ 13:45 ],1,177
13786,2014-05-10,[ 13:46 ],1,177
13787,2014-05-10,[ 13:47 ],1,175
13788,2014-05-10,[ 13:48 ],1,176
13789,2014-05-10,[ 13:49 ],1,177
13790,2014-05-10,[ 13:50 ],1,174
13791,2014-05-10,[ 13:51 ],1,175
13792,2014-05-10,[ 13:52 ],1,176
13793,2014-05-10,[ 13:53 ],1,204
13794,2014-05-10,[ 13:54 ],1,203
13795,2014-05-10,[ 13:55 ],1,204
13796,2014-05-10,[ 13:56 ],1,177
13797,2014-05-10,[ 13:57 ],1,176
13798,2014-05-10,[ 13:58 ],1,176
13799,2014-05-10,[ 13:59 ],1,177
13800,2014-05-10,[ 14:00 ],1,177
13801,2014-05-10,[ 14:01 ],1,178
13802,2014-05-10,[ 14:02 ],1,178
13803,2014-05-10,[ 14:03 ],1,178
13804,2014-05-10,[ 14:04 ],1,178
13805,2014-05-10,[ 14:05 ],1,178
13806,2014-05-10,[ 14:06 ],1,177
13807,2014-05-10,[ 14:07 ],1,177
13808,2014-05-10,[ 14:08 ],1,251
13809,2014-05-10,[ 14:09 ],1,238
13810,2014-05-10,[ 14:10 ],1,235
13811,2014-05-10,[ 14:11 ],1,275
13812,2014-05-10,[ 14:12 ],1,274
13813,2014-05-10,[ 14:13 ],1,275
13814,2014-05-10,[ 14:14 ],1,272
13815,2014-05-10,[ 14:15 ],1,273
13816,2014-05-10,[ 14:16 ],1,271
13817,2014-05-10,[ 14:17 ],1,271
13818,2014-05-10,[ 14:18 ],1,271
13819,2014-05-10,[ 14:19 ],1,267
13820,2014-05-10,[ 14:20 ],1,204
13821,2014-05-10,[ 14:21 ],1,202
13822,2014-05-10,[ 14:22 ],1,203
13823,2014-05-10,[ 14:23 ],1,203
13824,2014-05-10,[ 14:24 ],1,201
13825,2014-05-10,[ 14:25 ],1,205
13826,2014-05-10,[ 14:26 ],1,201
13827,2014-05-10,[ 14:27 ],1,200
13828,2014-05-10,[ 14:28 ],1,199
13829,2014-05-10,[ 14:29 ],1,176
13830,2014-05-10,[ 14:30 ],1,175
13831,2014-05-10,[ 14:31 ],1,175
13832,2014-05-10,[ 14:32 ],1,175
13833,2014-05-10,[ 14:33 ],1,201
13834,2014-05-10,[ 14:34 ],1,203
13835,2014-05-10,[ 14:35 ],1,204
13836,2014-05-10,[ 14:36 ],1,204
13837,2014-05-10,[ 14:37 ],1,203
13838,2014-05-10,[ 14:38 ],1,202
13839,2014-05-10,[ 14:39 ],1,203
13840,2014-05-10,[ 14:40 ],1,204
13841,2014-05-10,[ 14:41 ],1,204
13842,2014-05-10,[ 14:42 ],1,202
13843,2014-05-10,[ 14:43 ],1,206
13844,2014-05-10,[ 14:44 ],1,204
13845,2014-05-10,[ 14:45 ],1,203
13846,2014-05-10,[ 14:46 ],1,202
13847,2014-05-10,[ 14:47 ],1,205
13848,2014-05-10,[ 14:48 ],1,202
13849,2014-05-10,[ 14:49 ],1,204
13850,2014-05-10,[ 14:50 ],1,206
13851,2014-05-10,[ 14:51 ],1,204
13852,2014-05-10,[ 14:52 ],1,204
13853,2014-05-10,[ 14:53 ],1,204
13854,2014-05-10,[ 14:54 ],1,203
13855,2014-05-10,[ 14:55 ],1,204
13856,2014-05-10,[ 14:56 ],1,203
13857,2014-05-10,[ 14:57 ],1,2546
13858,2014-05-10,[ 14:58 ],1,2618
13859,2014-05-10,[ 14:59 ],1,2601
13860,2014-05-10,[ 15:00 ],1,2596
13861,2014-05-10,[ 15:01 ],1,203
13862,2014-05-10,[ 15:02 ],1,202
13863,2014-05-10,[ 15:03 ],1,205
13864,2014-05-10,[ 15:04 ],1,205
13865,2014-05-10,[ 15:05 ],1,204
13866,2014-05-10,[ 15:06 ],1,204
13867,2014-05-10,[ 15:07 ],1,202
13868,2014-05-10,[ 15:08 ],1,203
13869,2014-05-10,[ 15:09 ],1,283
13870,2014-05-10,[ 15:10 ],1,277
13871,2014-05-10,[ 15:11 ],1,276
13872,2014-05-10,[ 15:12 ],1,276
13873,2014-05-10,[ 15:13 ],1,276
13874,2014-05-10,[ 15:14 ],1,285
13875,2014-05-10,[ 15:15 ],1,281
13876,2014-05-10,[ 15:16 ],1,283
13877,2014-05-10,[ 15:17 ],1,282
13878,2014-05-10,[ 15:18 ],1,285
13879,2014-05-10,[ 15:19 ],1,282
13880,2014-05-10,[ 15:20 ],1,278
13881,2014-05-10,[ 15:21 ],1,281
13882,2014-05-10,[ 15:22 ],1,278
13883,2014-05-10,[ 15:23 ],1,278
13884,2014-05-10,[ 15:24 ],1,280
13885,2014-05-10,[ 15:25 ],1,275
13886,2014-05-10,[ 15:26 ],1,273
13887,2014-05-10,[ 15:27 ],1,273
13888,2014-05-10,[ 15:28 ],1,275
13889,2014-05-10,[ 15:29 ],1,274
13890,2014-05-10,[ 15:30 ],1,277
13891,2014-05-10,[ 15:31 ],1,276
13892,2014-05-10,[ 15:32 ],1,275
13893,2014-05-10,[ 15:33 ],1,276
13894,2014-05-10,[ 15:34 ],1,276
13895,2014-05-10,[ 15:35 ],1,277
13896,2014-05-10,[ 15:36 ],1,276
13897,2014-05-10,[ 15:37 ],1,277
13898,2014-05-10,[ 15:38 ],1,275
13899,2014-05-10,[ 15:39 ],1,275
13900,2014-05-10,[ 15:40 ],1,273
13901,2014-05-10,[ 15:41 ],1,276
13902,2014-05-10,[ 15:42 ],1,276
13903,2014-05-10,[ 15:43 ],1,275
13904,2014-05-10,[ 15:44 ],1,277
13905,2014-05-10,[ 15:45 ],1,276
13906,2014-05-10,[ 15:46 ],1,274
13907,2014-05-10,[ 15:47 ],1,277
13908,2014-05-10,[ 15:48 ],1,202
13909,2014-05-10,[ 15:49 ],1,204
13910,2014-05-10,[ 15:50 ],1,203
13911,2014-05-10,[ 15:51 ],1,201
13912,2014-05-10,[ 15:52 ],1,203
13913,2014-05-10,[ 15:53 ],1,175
13914,2014-05-10,[ 15:54 ],1,175
13915,2014-05-10,[ 15:55 ],1,174
13916,2014-05-10,[ 15:56 ],1,175
13917,2014-05-10,[ 15:57 ],1,173
13918,2014-05-10,[ 15:58 ],1,176
13919,2014-05-10,[ 15:59 ],1,176
13920,2014-05-10,[ 16:00 ],1,176
13921,2014-05-10,[ 16:01 ],1,176
13922,2014-05-10,[ 16:02 ],1,176
13923,2014-05-10,[ 16:03 ],1,177
13924,2014-05-10,[ 16:04 ],1,176
13925,2014-05-10,[ 16:05 ],1,204
13926,2014-05-10,[ 16:06 ],1,201
13927,2014-05-10,[ 16:07 ],1,203
13928,2014-05-10,[ 16:08 ],1,176
13929,2014-05-10,[ 16:09 ],1,176
13930,2014-05-10,[ 16:10 ],1,175
13931,2014-05-10,[ 16:11 ],1,175
13932,2014-05-10,[ 16:12 ],1,175
13933,2014-05-10,[ 16:13 ],1,175
13934,2014-05-10,[ 16:14 ],1,176
13935,2014-05-10,[ 16:15 ],1,177
13936,2014-05-10,[ 16:16 ],1,204
13937,2014-05-10,[ 16:17 ],1,204
13938,2014-05-10,[ 16:18 ],1,204
13939,2014-05-10,[ 16:19 ],1,203
13940,2014-05-10,[ 16:20 ],1,363
13941,2014-05-10,[ 16:21 ],1,280
13942,2014-05-10,[ 16:22 ],1,276
13943,2014-05-10,[ 16:23 ],1,274
13944,2014-05-10,[ 16:24 ],1,275
13945,2014-05-10,[ 16:25 ],1,273
13946,2014-05-10,[ 16:26 ],1,271
13947,2014-05-10,[ 16:27 ],1,273
13948,2014-05-10,[ 16:28 ],1,272
13949,2014-05-10,[ 16:29 ],1,272
13950,2014-05-10,[ 16:30 ],1,270
13951,2014-05-10,[ 16:31 ],1,269
13952,2014-05-10,[ 16:32 ],1,202
13953,2014-05-10,[ 16:33 ],1,203
13954,2014-05-10,[ 16:34 ],1,203
13955,2014-05-10,[ 16:35 ],1,202
13956,2014-05-10,[ 16:36 ],1,202
13957,2014-05-10,[ 16:37 ],1,201
13958,2014-05-10,[ 16:38 ],1,204
13959,2014-05-10,[ 16:39 ],1,204
13960,2014-05-10,[ 16:40 ],1,202
13961,2014-05-10,[ 16:41 ],1,202
13962,2014-05-10,[ 16:42 ],1,202
13963,2014-05-10,[ 16:43 ],1,201
13964,2014-05-10,[ 16:44 ],1,204
13965,2014-05-10,[ 16:45 ],1,201
13966,2014-05-10,[ 16:46 ],1,203
13967,2014-05-10,[ 16:47 ],1,202
13968,2014-05-10,[ 16:48 ],1,202
13969,2014-05-10,[ 16:49 ],1,202
13970,2014-05-10,[ 16:50 ],1,203
13971,2014-05-10,[ 16:51 ],1,184
13972,2014-05-10,[ 16:52 ],1,240
13973,2014-05-10,[ 16:53 ],1,266
13974,2014-05-10,[ 16:54 ],1,243
13975,2014-05-10,[ 16:55 ],1,239
13976,2014-05-10,[ 16:56 ],1,240
13977,2014-05-10,[ 16:57 ],1,222
13978,2014-05-10,[ 16:58 ],1,177
13979,2014-05-10,[ 16:59 ],1,178
13980,2014-05-10,[ 17:00 ],1,208
13981,2014-05-10,[ 17:01 ],1,208
13982,2014-05-10,[ 17:02 ],1,207
13983,2014-05-10,[ 17:03 ],1,178
13984,2014-05-10,[ 17:04 ],1,178
13985,2014-05-10,[ 17:05 ],1,178
13986,2014-05-10,[ 17:06 ],1,178
13987,2014-05-10,[ 17:07 ],1,177
13988,2014-05-10,[ 17:08 ],1,176
13989,2014-05-10,[ 17:09 ],1,177
13990,2014-05-10,[ 17:10 ],1,242
13991,2014-05-10,[ 17:11 ],1,236
13992,2014-05-10,[ 17:12 ],1,235
13993,2014-05-10,[ 17:13 ],1,234
13994,2014-05-10,[ 17:14 ],1,222
13995,2014-05-10,[ 17:15 ],1,265
13996,2014-05-10,[ 17:16 ],1,297
13997,2014-05-10,[ 17:17 ],1,298
13998,2014-05-10,[ 17:18 ],1,275
13999,2014-05-10,[ 17:19 ],1,318
14000,2014-05-10,[ 17:20 ],1,335
14001,2014-05-10,[ 17:21 ],1,345
14002,2014-05-10,[ 17:22 ],1,318
14003,2014-05-10,[ 17:23 ],1,343
14004,2014-05-10,[ 17:24 ],1,316
14005,2014-05-10,[ 17:25 ],1,332
14006,2014-05-10,[ 17:26 ],1,341
14007,2014-05-10,[ 17:27 ],1,344
14008,2014-05-10,[ 17:28 ],1,321
14009,2014-05-10,[ 17:29 ],1,317
14010,2014-05-10,[ 17:30 ],1,321
14011,2014-05-10,[ 17:31 ],1,2008
14012,2014-05-10,[ 17:32 ],1,1955
14013,2014-05-10,[ 17:33 ],1,307
14014,2014-05-10,[ 17:34 ],1,242
14015,2014-05-10,[ 17:35 ],1,245
14016,2014-05-10,[ 17:36 ],1,240
14017,2014-05-10,[ 17:37 ],1,242
14018,2014-05-10,[ 17:38 ],1,243
14019,2014-05-10,[ 17:39 ],1,243
14020,2014-05-10,[ 17:40 ],1,241
14021,2014-05-10,[ 17:41 ],1,240
14022,2014-05-10,[ 17:42 ],1,241
14023,2014-05-10,[ 17:43 ],1,240
14024,2014-05-10,[ 17:44 ],1,243
14025,2014-05-10,[ 17:45 ],1,243
14026,2014-05-10,[ 17:46 ],1,324
14027,2014-05-10,[ 17:47 ],1,318
14028,2014-05-10,[ 17:48 ],1,366
14029,2014-05-10,[ 17:49 ],1,348
14030,2014-05-10,[ 17:50 ],1,340
14031,2014-05-10,[ 17:51 ],1,330
14032,2014-05-10,[ 17:52 ],1,365
14033,2014-05-10,[ 17:53 ],1,365
14034,2014-05-10,[ 17:54 ],1,258
14035,2014-05-10,[ 17:55 ],1,2318
14036,2014-05-10,[ 17:56 ],1,2316
14037,2014-05-10,[ 17:57 ],1,2437
14038,2014-05-10,[ 17:58 ],1,2489
14039,2014-05-10,[ 17:59 ],1,2499
14040,2014-05-10,[ 18:00 ],1,2467
14041,2014-05-10,[ 18:01 ],1,2520
14042,2014-05-10,[ 18:02 ],1,2529
14043,2014-05-10,[ 18:03 ],1,2336
14044,2014-05-10,[ 18:04 ],1,2339
14045,2014-05-10,[ 18:05 ],1,2358
14046,2014-05-10,[ 18:06 ],1,2358
14047,2014-05-10,[ 18:07 ],1,2338
14048,2014-05-10,[ 18:08 ],1,2338
14049,2014-05-10,[ 18:09 ],1,2335
14050,2014-05-10,[ 18:10 ],1,2344
14051,2014-05-10,[ 18:11 ],1,286
14052,2014-05-10,[ 18:12 ],1,2581
14053,2014-05-10,[ 18:13 ],1,2246
14054,2014-05-10,[ 18:14 ],1,2236
14055,2014-05-10,[ 18:15 ],1,2238
14056,2014-05-10,[ 18:16 ],1,2242
14057,2014-05-10,[ 18:17 ],1,2240
14058,2014-05-10,[ 18:18 ],1,219
14059,2014-05-10,[ 18:19 ],1,217
14060,2014-05-10,[ 18:20 ],1,217
14061,2014-05-10,[ 18:21 ],1,216
14062,2014-05-10,[ 18:22 ],1,221
14063,2014-05-10,[ 18:23 ],1,234
14064,2014-05-10,[ 18:24 ],1,232
14065,2014-05-10,[ 18:25 ],1,219
14066,2014-05-10,[ 18:26 ],1,222
14067,2014-05-10,[ 18:27 ],1,250
14068,2014-05-10,[ 18:28 ],1,252
14069,2014-05-10,[ 18:29 ],1,253
14070,2014-05-10,[ 18:30 ],1,215
14071,2014-05-10,[ 18:31 ],1,217
14072,2014-05-10,[ 18:32 ],1,216
14073,2014-05-10,[ 18:33 ],1,216
14074,2014-05-10,[ 18:34 ],1,216
14075,2014-05-10,[ 18:35 ],1,215
14076,2014-05-10,[ 18:36 ],1,206
14077,2014-05-10,[ 18:37 ],1,207
14078,2014-05-10,[ 18:38 ],1,206
14079,2014-05-10,[ 18:39 ],1,207
14080,2014-05-10,[ 18:40 ],1,208
14081,2014-05-10,[ 18:41 ],1,206
14082,2014-05-10,[ 18:42 ],1,206
14083,2014-05-10,[ 18:43 ],1,207
14084,2014-05-10,[ 18:44 ],1,206
14085,2014-05-10,[ 18:45 ],1,206
14086,2014-05-10,[ 18:46 ],1,299
14087,2014-05-10,[ 18:47 ],1,291
14088,2014-05-10,[ 18:48 ],1,289
14089,2014-05-10,[ 18:49 ],1,381
14090,2014-05-10,[ 18:50 ],1,355
14091,2014-05-10,[ 18:51 ],1,364
14092,2014-05-10,[ 18:52 ],1,356
14093,2014-05-10,[ 18:53 ],1,358
14094,2014-05-10,[ 18:54 ],1,346
14095,2014-05-10,[ 18:55 ],1,348
14096,2014-05-10,[ 18:56 ],1,345
14097,2014-05-10,[ 18:57 ],1,347
14098,2014-05-10,[ 18:58 ],1,341
14099,2014-05-10,[ 18:59 ],1,344
14100,2014-05-10,[ 19:00 ],1,356
14101,2014-05-10,[ 19:01 ],1,289
14102,2014-05-10,[ 19:02 ],1,288
14103,2014-05-10,[ 19:03 ],1,350
14104,2014-05-10,[ 19:04 ],1,372
14105,2014-05-10,[ 19:05 ],1,343
14106,2014-05-10,[ 19:06 ],1,966
14107,2014-05-10,[ 19:07 ],1,1947
14108,2014-05-10,[ 19:08 ],1,2011
14109,2014-05-10,[ 19:09 ],1,2003
14110,2014-05-10,[ 19:10 ],1,1993
14111,2014-05-10,[ 19:11 ],1,1968
14112,2014-05-10,[ 19:12 ],1,1959
14113,2014-05-10,[ 19:13 ],1,1881
14114,2014-05-10,[ 19:14 ],1,455
14115,2014-05-10,[ 19:15 ],1,506
14116,2014-05-10,[ 19:16 ],1,508
14117,2014-05-10,[ 19:17 ],1,498
14118,2014-05-10,[ 19:18 ],1,478
14119,2014-05-10,[ 19:19 ],1,478
14120,2014-05-10,[ 19:20 ],1,467
14121,2014-05-10,[ 19:21 ],1,470
14122,2014-05-10,[ 19:22 ],1,467
14123,2014-05-10,[ 19:23 ],1,467
14124,2014-05-10,[ 19:24 ],1,468
14125,2014-05-10,[ 19:25 ],1,462
14126,2014-05-10,[ 19:26 ],1,468
14127,2014-05-10,[ 19:27 ],1,464
14128,2014-05-10,[ 19:28 ],1,460
14129,2014-05-10,[ 19:29 ],1,472
14130,2014-05-10,[ 19:30 ],1,506
14131,2014-05-10,[ 19:31 ],1,500
14132,2014-05-10,[ 19:32 ],1,500
14133,2014-05-10,[ 19:33 ],1,493
14134,2014-05-10,[ 19:34 ],1,487
14135,2014-05-10,[ 19:35 ],1,482
14136,2014-05-10,[ 19:36 ],1,500
14137,2014-05-10,[ 19:37 ],1,500
14138,2014-05-10,[ 19:38 ],1,567
14139,2014-05-10,[ 19:39 ],1,588
14140,2014-05-10,[ 19:40 ],1,575
14141,2014-05-10,[ 19:41 ],1,577
14142,2014-05-10,[ 19:42 ],1,577
14143,2014-05-10,[ 19:43 ],1,498
14144,2014-05-10,[ 19:44 ],1,516
14145,2014-05-10,[ 19:45 ],1,511
14146,2014-05-10,[ 19:46 ],1,485
14147,2014-05-10,[ 19:47 ],1,468
14148,2014-05-10,[ 19:48 ],1,473
14149,2014-05-10,[ 19:49 ],1,472
14150,2014-05-10,[ 19:50 ],1,479
14151,2014-05-10,[ 19:51 ],1,474
14152,2014-05-10,[ 19:52 ],1,481
14153,2014-05-10,[ 19:53 ],1,468
14154,2014-05-10,[ 19:54 ],1,465
14155,2014-05-10,[ 19:55 ],1,464
14156,2014-05-10,[ 19:56 ],1,392
14157,2014-05-10,[ 19:57 ],1,392
14158,2014-05-10,[ 19:58 ],1,398
14159,2014-05-10,[ 19:59 ],1,399
14160,2014-05-10,[ 20:00 ],1,423
14161,2014-05-10,[ 20:01 ],1,510
14162,2014-05-10,[ 20:02 ],1,514
14163,2014-05-10,[ 20:03 ],1,420
14164,2014-05-10,[ 20:04 ],1,404
14165,2014-05-10,[ 20:05 ],1,412
14166,2014-05-10,[ 20:06 ],1,401
14167,2014-05-10,[ 20:07 ],1,405
14168,2014-05-10,[ 20:08 ],1,418
14169,2014-05-10,[ 20:09 ],1,410
14170,2014-05-10,[ 20:10 ],1,394
14171,2014-05-10,[ 20:11 ],1,414
14172,2014-05-10,[ 20:12 ],1,425
14173,2014-05-10,[ 20:13 ],1,425
14174,2014-05-10,[ 20:14 ],1,399
14175,2014-05-10,[ 20:15 ],1,407
14176,2014-05-10,[ 20:16 ],1,403
14177,2014-05-10,[ 20:17 ],1,399
14178,2014-05-10,[ 20:18 ],1,399
14179,2014-05-10,[ 20:19 ],1,387
14180,2014-05-10,[ 20:20 ],1,388
14181,2014-05-10,[ 20:21 ],1,412
14182,2014-05-10,[ 20:22 ],1,397
14183,2014-05-10,[ 20:23 ],1,422
14184,2014-05-10,[ 20:24 ],1,407
14185,2014-05-10,[ 20:25 ],1,394
14186,2014-05-10,[ 20:26 ],1,398
14187,2014-05-10,[ 20:27 ],1,412
14188,2014-05-10,[ 20:28 ],1,402
14189,2014-05-10,[ 20:29 ],1,393
14190,2014-05-10,[ 20:30 ],1,399
14191,2014-05-10,[ 20:31 ],1,391
14192,2014-05-10,[ 20:32 ],1,400
14193,2014-05-10,[ 20:33 ],1,486
14194,2014-05-10,[ 20:34 ],1,473
14195,2014-05-10,[ 20:35 ],1,479
14196,2014-05-10,[ 20:36 ],1,503
14197,2014-05-10,[ 20:37 ],1,499
14198,2014-05-10,[ 20:38 ],1,495
14199,2014-05-10,[ 20:39 ],1,465
14200,2014-05-10,[ 20:40 ],1,481
14201,2014-05-10,[ 20:41 ],1,493
14202,2014-05-10,[ 20:42 ],1,458
14203,2014-05-10,[ 20:43 ],1,504
14204,2014-05-10,[ 20:44 ],1,470
14205,2014-05-10,[ 20:45 ],1,403
14206,2014-05-10,[ 20:46 ],1,434
14207,2014-05-10,[ 20:47 ],1,446
14208,2014-05-10,[ 20:48 ],1,425
14209,2014-05-10,[ 20:49 ],1,407
14210,2014-05-10,[ 20:50 ],1,382
14211,2014-05-10,[ 20:51 ],1,423
14212,2014-05-10,[ 20:52 ],1,418
14213,2014-05-10,[ 20:53 ],1,423
14214,2014-05-10,[ 20:54 ],1,417
14215,2014-05-10,[ 20:55 ],1,423
14216,2014-05-10,[ 20:56 ],1,421
14217,2014-05-10,[ 20:57 ],1,415
14218,2014-05-10,[ 20:58 ],1,418
14219,2014-05-10,[ 20:59 ],1,415
14220,2014-05-10,[ 21:00 ],1,414
14221,2014-05-10,[ 21:01 ],1,404
14222,2014-05-10,[ 21:02 ],1,413
14223,2014-05-10,[ 21:03 ],1,411
14224,2014-05-10,[ 21:04 ],1,400
14225,2014-05-10,[ 21:05 ],1,401
14226,2014-05-10,[ 21:06 ],1,389
14227,2014-05-10,[ 21:07 ],1,418
14228,2014-05-10,[ 21:08 ],1,405
14229,2014-05-10,[ 21:09 ],1,415
14230,2014-05-10,[ 21:10 ],1,417
14231,2014-05-10,[ 21:11 ],1,398
14232,2014-05-10,[ 21:12 ],1,410
14233,2014-05-10,[ 21:13 ],1,391
14234,2014-05-10,[ 21:14 ],1,399
14235,2014-05-10,[ 21:15 ],1,416
14236,2014-05-10,[ 21:16 ],1,415
14237,2014-05-10,[ 21:17 ],1,391
14238,2014-05-10,[ 21:18 ],1,392
14239,2014-05-10,[ 21:19 ],1,393
14240,2014-05-10,[ 21:20 ],1,391
14241,2014-05-10,[ 21:21 ],1,397
14242,2014-05-10,[ 21:22 ],1,532
14243,2014-05-10,[ 21:23 ],1,490
14244,2014-05-10,[ 21:24 ],1,486
14245,2014-05-10,[ 21:25 ],1,479
14246,2014-05-10,[ 21:26 ],1,479
14247,2014-05-10,[ 21:27 ],1,491
14248,2014-05-10,[ 21:28 ],1,488
14249,2014-05-10,[ 21:29 ],1,488
14250,2014-05-10,[ 21:30 ],1,487
14251,2014-05-10,[ 21:31 ],1,498
14252,2014-05-10,[ 21:32 ],1,498
14253,2014-05-10,[ 21:33 ],1,484
14254,2014-05-10,[ 21:34 ],1,483
14255,2014-05-10,[ 21:35 ],1,472
14256,2014-05-10,[ 21:36 ],1,470
14257,2014-05-10,[ 21:37 ],1,467
14258,2014-05-10,[ 21:38 ],1,504
14259,2014-05-10,[ 21:39 ],1,499
14260,2014-05-10,[ 21:40 ],1,496
14261,2014-05-10,[ 21:41 ],1,497
14262,2014-05-10,[ 21:42 ],1,490
14263,2014-05-10,[ 21:43 ],1,521
14264,2014-05-10,[ 21:44 ],1,597
14265,2014-05-10,[ 21:45 ],1,616
14266,2014-05-10,[ 21:46 ],1,462
14267,2014-05-10,[ 21:47 ],1,464
14268,2014-05-10,[ 21:48 ],1,471
14269,2014-05-10,[ 21:49 ],1,462
14270,2014-05-10,[ 21:50 ],1,472
14271,2014-05-10,[ 21:51 ],1,473
14272,2014-05-10,[ 21:52 ],1,469
14273,2014-05-10,[ 21:53 ],1,478
14274,2014-05-10,[ 21:54 ],1,473
14275,2014-05-10,[ 21:55 ],1,469
14276,2014-05-10,[ 21:56 ],1,464
14277,2014-05-10,[ 21:57 ],1,475
14278,2014-05-10,[ 21:58 ],1,465
14279,2014-05-10,[ 21:59 ],1,470
14280,2014-05-10,[ 22:00 ],1,471
14281,2014-05-10,[ 22:01 ],1,387
14282,2014-05-10,[ 22:02 ],1,388
14283,2014-05-10,[ 22:03 ],1,405
14284,2014-05-10,[ 22:04 ],1,380
14285,2014-05-10,[ 22:05 ],1,639
14286,2014-05-10,[ 22:06 ],1,655
14287,2014-05-10,[ 22:07 ],1,613
14288,2014-05-10,[ 22:08 ],1,538
14289,2014-05-10,[ 22:09 ],1,532
14290,2014-05-10,[ 22:10 ],1,418
14291,2014-05-10,[ 22:11 ],1,418
14292,2014-05-10,[ 22:12 ],1,420
14293,2014-05-10,[ 22:13 ],1,422
14294,2014-05-10,[ 22:14 ],1,420
14295,2014-05-10,[ 22:15 ],1,418
14296,2014-05-10,[ 22:16 ],1,420
14297,2014-05-10,[ 22:17 ],1,415
14298,2014-05-10,[ 22:18 ],1,205
14299,2014-05-10,[ 22:19 ],1,202
14300,2014-05-10,[ 22:20 ],1,202
14301,2014-05-10,[ 22:21 ],1,202
14302,2014-05-10,[ 22:22 ],1,206
14303,2014-05-10,[ 22:23 ],1,206
14304,2014-05-10,[ 22:24 ],1,229
14305,2014-05-10,[ 22:25 ],1,277
14306,2014-05-10,[ 22:26 ],1,306
14307,2014-05-10,[ 22:27 ],1,251
14308,2014-05-10,[ 22:28 ],1,252
14309,2014-05-10,[ 22:29 ],1,236
14310,2014-05-10,[ 22:30 ],1,339
14311,2014-05-10,[ 22:31 ],1,318
14312,2014-05-10,[ 22:32 ],1,295
14313,2014-05-10,[ 22:33 ],1,304
14314,2014-05-10,[ 22:34 ],1,306
14315,2014-05-10,[ 22:35 ],1,306
14316,2014-05-10,[ 22:36 ],1,304
14317,2014-05-10,[ 22:37 ],1,301
14318,2014-05-10,[ 22:38 ],1,300
14319,2014-05-10,[ 22:39 ],1,299
14320,2014-05-10,[ 22:40 ],1,298
14321,2014-05-10,[ 22:41 ],1,269
14322,2014-05-10,[ 22:42 ],1,254
14323,2014-05-10,[ 22:43 ],1,253
14324,2014-05-10,[ 22:44 ],1,254
14325,2014-05-10,[ 22:45 ],1,250
14326,2014-05-10,[ 22:46 ],1,249
14327,2014-05-10,[ 22:47 ],1,248
14328,2014-05-10,[ 22:48 ],1,245
14329,2014-05-10,[ 22:49 ],1,246
14330,2014-05-10,[ 22:50 ],1,243
14331,2014-05-10,[ 22:51 ],1,241
14332,2014-05-10,[ 22:52 ],1,243
14333,2014-05-10,[ 22:53 ],1,250
14334,2014-05-10,[ 22:54 ],1,257
14335,2014-05-10,[ 22:55 ],1,276
14336,2014-05-10,[ 22:56 ],1,234
14337,2014-05-10,[ 22:57 ],1,235
14338,2014-05-10,[ 22:58 ],1,232
14339,2014-05-10,[ 22:59 ],1,236
14340,2014-05-10,[ 23:00 ],1,234
14341,2014-05-10,[ 23:01 ],1,235
14342,2014-05-10,[ 23:02 ],1,179
14343,2014-05-10,[ 23:03 ],1,178
14344,2014-05-10,[ 23:04 ],1,179
14345,2014-05-10,[ 23:05 ],1,178
14346,2014-05-10,[ 23:06 ],1,177
14347,2014-05-10,[ 23:07 ],1,178
14348,2014-05-10,[ 23:08 ],1,176
14349,2014-05-10,[ 23:09 ],1,178
14350,2014-05-10,[ 23:10 ],1,178
14351,2014-05-10,[ 23:11 ],1,176
14352,2014-05-10,[ 23:12 ],1,178
14353,2014-05-10,[ 23:13 ],1,178
14354,2014-05-10,[ 23:14 ],1,178
14355,2014-05-10,[ 23:15 ],1,178
14356,2014-05-10,[ 23:16 ],1,177
14357,2014-05-10,[ 23:17 ],1,177
14358,2014-05-10,[ 23:18 ],1,176
14359,2014-05-10,[ 23:19 ],1,176
14360,2014-05-10,[ 23:20 ],1,178
14361,2014-05-10,[ 23:21 ],1,176
14362,2014-05-10,[ 23:22 ],1,178
14363,2014-05-10,[ 23:23 ],1,178
14364,2014-05-10,[ 23:24 ],1,176
14365,2014-05-10,[ 23:25 ],1,176
14366,2014-05-10,[ 23:26 ],1,177
14367,2014-05-10,[ 23:27 ],1,183
14368,2014-05-10,[ 23:28 ],1,175
14369,2014-05-10,[ 23:29 ],1,174
14370,2014-05-10,[ 23:30 ],1,175
14371,2014-05-10,[ 23:31 ],1,177
14372,2014-05-10,[ 23:32 ],1,177
14373,2014-05-10,[ 23:33 ],1,177
14374,2014-05-10,[ 23:34 ],1,241
14375,2014-05-10,[ 23:35 ],1,239
14376,2014-05-10,[ 23:36 ],1,236
14377,2014-05-10,[ 23:37 ],1,237
14378,2014-05-10,[ 23:38 ],1,239
14379,2014-05-10,[ 23:39 ],1,241
14380,2014-05-10,[ 23:40 ],1,241
14381,2014-05-10,[ 23:41 ],1,239
14382,2014-05-10,[ 23:42 ],1,237
14383,2014-05-10,[ 23:43 ],1,238
14384,2014-05-10,[ 23:44 ],1,238
14385,2014-05-10,[ 23:45 ],1,236
14386,2014-05-10,[ 23:46 ],1,237
14387,2014-05-10,[ 23:47 ],1,238
14388,2014-05-10,[ 23:48 ],1,234
14389,2014-05-10,[ 23:49 ],1,235
14390,2014-05-10,[ 23:50 ],1,237
14391,2014-05-10,[ 23:51 ],1,236
14392,2014-05-10,[ 23:52 ],1,238
14393,2014-05-10,[ 23:53 ],1,235
14394,2014-05-10,[ 23:54 ],1,236
14395,2014-05-10,[ 23:55 ],1,237
14396,2014-05-10,[ 23:56 ],1,237
14397,2014-05-10,[ 23:57 ],1,237
14398,2014-05-10,[ 23:58 ],1,236
14399,2014-05-10,[ 23:59 ],1,237
14400,2014-05-11,[ 00:00 ],1,238
14401,2014-05-11,[ 00:01 ],1,238
14402,2014-05-11,[ 00:02 ],1,238
14403,2014-05-11,[ 00:03 ],1,237
14404,2014-05-11,[ 00:04 ],1,237
14405,2014-05-11,[ 00:05 ],1,239
14406,2014-05-11,[ 00:06 ],1,235
14407,2014-05-11,[ 00:07 ],1,235
14408,2014-05-11,[ 00:08 ],1,237
14409,2014-05-11,[ 00:09 ],1,236
14410,2014-05-11,[ 00:10 ],1,173
14411,2014-05-11,[ 00:11 ],1,172
14412,2014-05-11,[ 00:12 ],1,171
14413,2014-05-11,[ 00:13 ],1,173
14414,2014-05-11,[ 00:14 ],1,172
14415,2014-05-11,[ 00:15 ],1,172
14416,2014-05-11,[ 00:16 ],1,172
14417,2014-05-11,[ 00:17 ],1,171
14418,2014-05-11,[ 00:18 ],1,172
14419,2014-05-11,[ 00:19 ],1,171
14420,2014-05-11,[ 00:20 ],1,171
14421,2014-05-11,[ 00:21 ],1,171
14422,2014-05-11,[ 00:22 ],1,170
14423,2014-05-11,[ 00:23 ],1,176
14424,2014-05-11,[ 00:24 ],1,176
14425,2014-05-11,[ 00:25 ],1,176
14426,2014-05-11,[ 00:26 ],1,176
14427,2014-05-11,[ 00:27 ],1,177
14428,2014-05-11,[ 00:28 ],1,177
14429,2014-05-11,[ 00:29 ],1,176
14430,2014-05-11,[ 00:30 ],1,176
14431,2014-05-11,[ 00:31 ],1,176
14432,2014-05-11,[ 00:32 ],1,178
14433,2014-05-11,[ 00:33 ],1,178
14434,2014-05-11,[ 00:34 ],1,174
14435,2014-05-11,[ 00:35 ],1,171
14436,2014-05-11,[ 00:36 ],1,170
14437,2014-05-11,[ 00:37 ],1,170
14438,2014-05-11,[ 00:38 ],1,169
14439,2014-05-11,[ 00:39 ],1,171
14440,2014-05-11,[ 00:40 ],1,168
14441,2014-05-11,[ 00:41 ],1,254
14442,2014-05-11,[ 00:42 ],1,229
14443,2014-05-11,[ 00:43 ],1,232
14444,2014-05-11,[ 00:44 ],1,229
14445,2014-05-11,[ 00:45 ],1,229
14446,2014-05-11,[ 00:46 ],1,228
14447,2014-05-11,[ 00:47 ],1,229
14448,2014-05-11,[ 00:48 ],1,229
14449,2014-05-11,[ 00:49 ],1,228
14450,2014-05-11,[ 00:50 ],1,229
14451,2014-05-11,[ 00:51 ],1,229
14452,2014-05-11,[ 00:52 ],1,227
14453,2014-05-11,[ 00:53 ],1,171
14454,2014-05-11,[ 00:54 ],1,171
14455,2014-05-11,[ 00:55 ],1,171
14456,2014-05-11,[ 00:56 ],1,171
14457,2014-05-11,[ 00:57 ],1,171
14458,2014-05-11,[ 00:58 ],1,171
14459,2014-05-11,[ 00:59 ],1,171
14460,2014-05-11,[ 01:00 ],1,171
14461,2014-05-11,[ 01:01 ],1,171
14462,2014-05-11,[ 01:02 ],1,171
14463,2014-05-11,[ 01:03 ],1,171
14464,2014-05-11,[ 01:04 ],1,171
14465,2014-05-11,[ 01:05 ],1,171
14466,2014-05-11,[ 01:06 ],1,168
14467,2014-05-11,[ 01:07 ],1,167
14468,2014-05-11,[ 01:08 ],1,169
14469,2014-05-11,[ 01:09 ],1,169
14470,2014-05-11,[ 01:10 ],1,170
14471,2014-05-11,[ 01:11 ],1,170
14472,2014-05-11,[ 01:12 ],1,169
14473,2014-05-11,[ 01:13 ],1,169
14474,2014-05-11,[ 01:14 ],1,169
14475,2014-05-11,[ 01:15 ],1,169
14476,2014-05-11,[ 01:16 ],1,169
14477,2014-05-11,[ 01:17 ],1,169
14478,2014-05-11,[ 01:18 ],1,169
14479,2014-05-11,[ 01:19 ],1,169
14480,2014-05-11,[ 01:20 ],1,169
14481,2014-05-11,[ 01:21 ],1,168
14482,2014-05-11,[ 01:22 ],1,169
14483,2014-05-11,[ 01:23 ],1,168
14484,2014-05-11,[ 01:24 ],1,170
14485,2014-05-11,[ 01:25 ],1,168
14486,2014-05-11,[ 01:26 ],1,169
14487,2014-05-11,[ 01:27 ],1,167
14488,2014-05-11,[ 01:28 ],1,168
14489,2014-05-11,[ 01:29 ],1,168
14490,2014-05-11,[ 01:30 ],1,167
14491,2014-05-11,[ 01:31 ],1,168
14492,2014-05-11,[ 01:32 ],1,168
14493,2014-05-11,[ 01:33 ],1,168
14494,2014-05-11,[ 01:34 ],1,167
14495,2014-05-11,[ 01:35 ],1,165
14496,2014-05-11,[ 01:36 ],1,166
14497,2014-05-11,[ 01:37 ],1,163
14498,2014-05-11,[ 01:38 ],1,165
14499,2014-05-11,[ 01:39 ],1,167
14500,2014-05-11,[ 01:40 ],1,165
14501,2014-05-11,[ 01:41 ],1,236
14502,2014-05-11,[ 01:42 ],1,225
14503,2014-05-11,[ 01:43 ],1,225
14504,2014-05-11,[ 01:44 ],1,225
14505,2014-05-11,[ 01:45 ],1,224
14506,2014-05-11,[ 01:46 ],1,223
14507,2014-05-11,[ 01:47 ],1,222
14508,2014-05-11,[ 01:48 ],1,221
14509,2014-05-11,[ 01:49 ],1,223
14510,2014-05-11,[ 01:50 ],1,219
14511,2014-05-11,[ 01:51 ],1,218
14512,2014-05-11,[ 01:52 ],1,215
14513,2014-05-11,[ 01:53 ],1,165
14514,2014-05-11,[ 01:54 ],1,165
14515,2014-05-11,[ 01:55 ],1,163
14516,2014-05-11,[ 01:56 ],1,163
14517,2014-05-11,[ 01:57 ],1,163
14518,2014-05-11,[ 01:58 ],1,163
14519,2014-05-11,[ 01:59 ],1,163
14520,2014-05-11,[ 02:00 ],1,166
14521,2014-05-11,[ 02:01 ],1,232
14522,2014-05-11,[ 02:02 ],1,232
14523,2014-05-11,[ 02:03 ],1,223
14524,2014-05-11,[ 02:04 ],1,225
14525,2014-05-11,[ 02:05 ],1,225
14526,2014-05-11,[ 02:06 ],1,226
14527,2014-05-11,[ 02:07 ],1,228
14528,2014-05-11,[ 02:08 ],1,228
14529,2014-05-11,[ 02:09 ],1,228
14530,2014-05-11,[ 02:10 ],1,226
14531,2014-05-11,[ 02:11 ],1,226
14532,2014-05-11,[ 02:12 ],1,225
14533,2014-05-11,[ 02:13 ],1,225
14534,2014-05-11,[ 02:14 ],1,227
14535,2014-05-11,[ 02:15 ],1,224
14536,2014-05-11,[ 02:16 ],1,225
14537,2014-05-11,[ 02:17 ],1,227
14538,2014-05-11,[ 02:18 ],1,226
14539,2014-05-11,[ 02:19 ],1,227
14540,2014-05-11,[ 02:20 ],1,226
14541,2014-05-11,[ 02:21 ],1,226
14542,2014-05-11,[ 02:22 ],1,224
14543,2014-05-11,[ 02:23 ],1,224
14544,2014-05-11,[ 02:24 ],1,223
14545,2014-05-11,[ 02:25 ],1,224
14546,2014-05-11,[ 02:26 ],1,226
14547,2014-05-11,[ 02:27 ],1,228
14548,2014-05-11,[ 02:28 ],1,226
14549,2014-05-11,[ 02:29 ],1,226
14550,2014-05-11,[ 02:30 ],1,226
14551,2014-05-11,[ 02:31 ],1,225
14552,2014-05-11,[ 02:32 ],1,226
14553,2014-05-11,[ 02:33 ],1,225
14554,2014-05-11,[ 02:34 ],1,224
14555,2014-05-11,[ 02:35 ],1,227
14556,2014-05-11,[ 02:36 ],1,225
14557,2014-05-11,[ 02:37 ],1,225
14558,2014-05-11,[ 02:38 ],1,166
14559,2014-05-11,[ 02:39 ],1,166
14560,2014-05-11,[ 02:40 ],1,163
14561,2014-05-11,[ 02:41 ],1,163
14562,2014-05-11,[ 02:42 ],1,165
14563,2014-05-11,[ 02:43 ],1,165
14564,2014-05-11,[ 02:44 ],1,163
14565,2014-05-11,[ 02:45 ],1,165
14566,2014-05-11,[ 02:46 ],1,163
14567,2014-05-11,[ 02:47 ],1,165
14568,2014-05-11,[ 02:48 ],1,165
14569,2014-05-11,[ 02:49 ],1,167
14570,2014-05-11,[ 02:50 ],1,163
14571,2014-05-11,[ 02:51 ],1,163
14572,2014-05-11,[ 02:52 ],1,165
14573,2014-05-11,[ 02:53 ],1,166
14574,2014-05-11,[ 02:54 ],1,163
14575,2014-05-11,[ 02:55 ],1,165
14576,2014-05-11,[ 02:56 ],1,165
14577,2014-05-11,[ 02:57 ],1,163
14578,2014-05-11,[ 02:58 ],1,163
14579,2014-05-11,[ 02:59 ],1,163
14580,2014-05-11,[ 03:00 ],1,167
14581,2014-05-11,[ 03:01 ],1,163
14582,2014-05-11,[ 03:02 ],1,165
14583,2014-05-11,[ 03:03 ],1,165
14584,2014-05-11,[ 03:04 ],1,165
14585,2014-05-11,[ 03:05 ],1,163
14586,2014-05-11,[ 03:06 ],1,161
14587,2014-05-11,[ 03:07 ],1,163
14588,2014-05-11,[ 03:08 ],1,163
14589,2014-05-11,[ 03:09 ],1,163
14590,2014-05-11,[ 03:10 ],1,166
14591,2014-05-11,[ 03:11 ],1,163
14592,2014-05-11,[ 03:12 ],1,163
14593,2014-05-11,[ 03:13 ],1,163
14594,2014-05-11,[ 03:14 ],1,232
14595,2014-05-11,[ 03:15 ],1,224
14596,2014-05-11,[ 03:16 ],1,223
14597,2014-05-11,[ 03:17 ],1,224
14598,2014-05-11,[ 03:18 ],1,223
14599,2014-05-11,[ 03:19 ],1,223
14600,2014-05-11,[ 03:20 ],1,219
14601,2014-05-11,[ 03:21 ],1,219
14602,2014-05-11,[ 03:22 ],1,222
14603,2014-05-11,[ 03:23 ],1,219
14604,2014-05-11,[ 03:24 ],1,219
14605,2014-05-11,[ 03:25 ],1,217
14606,2014-05-11,[ 03:26 ],1,163
14607,2014-05-11,[ 03:27 ],1,163
14608,2014-05-11,[ 03:28 ],1,163
14609,2014-05-11,[ 03:29 ],1,163
14610,2014-05-11,[ 03:30 ],1,163
14611,2014-05-11,[ 03:31 ],1,165
14612,2014-05-11,[ 03:32 ],1,163
14613,2014-05-11,[ 03:33 ],1,163
14614,2014-05-11,[ 03:34 ],1,163
14615,2014-05-11,[ 03:35 ],1,166
14616,2014-05-11,[ 03:36 ],1,166
14617,2014-05-11,[ 03:37 ],1,163
14618,2014-05-11,[ 03:38 ],1,162
14619,2014-05-11,[ 03:39 ],1,162
14620,2014-05-11,[ 03:40 ],1,163
14621,2014-05-11,[ 03:41 ],1,163
14622,2014-05-11,[ 03:42 ],1,163
14623,2014-05-11,[ 03:43 ],1,163
14624,2014-05-11,[ 03:44 ],1,163
14625,2014-05-11,[ 03:45 ],1,163
14626,2014-05-11,[ 03:46 ],1,163
14627,2014-05-11,[ 03:47 ],1,163
14628,2014-05-11,[ 03:48 ],1,165
14629,2014-05-11,[ 03:49 ],1,163
14630,2014-05-11,[ 03:50 ],1,163
14631,2014-05-11,[ 03:51 ],1,165
14632,2014-05-11,[ 03:52 ],1,163
14633,2014-05-11,[ 03:53 ],1,163
14634,2014-05-11,[ 03:54 ],1,163
14635,2014-05-11,[ 03:55 ],1,165
14636,2014-05-11,[ 03:56 ],1,163
14637,2014-05-11,[ 03:57 ],1,162
14638,2014-05-11,[ 03:58 ],1,165
14639,2014-05-11,[ 03:59 ],1,163
14640,2014-05-11,[ 04:00 ],1,166
14641,2014-05-11,[ 04:01 ],1,167
14642,2014-05-11,[ 04:02 ],1,165
14643,2014-05-11,[ 04:03 ],1,166
14644,2014-05-11,[ 04:04 ],1,165
14645,2014-05-11,[ 04:05 ],1,167
14646,2014-05-11,[ 04:06 ],1,165
14647,2014-05-11,[ 04:07 ],1,163
14648,2014-05-11,[ 04:08 ],1,170
14649,2014-05-11,[ 04:09 ],1,172
14650,2014-05-11,[ 04:10 ],1,171
14651,2014-05-11,[ 04:11 ],1,171
14652,2014-05-11,[ 04:12 ],1,170
14653,2014-05-11,[ 04:13 ],1,170
14654,2014-05-11,[ 04:14 ],1,169
14655,2014-05-11,[ 04:15 ],1,250
14656,2014-05-11,[ 04:16 ],1,250
14657,2014-05-11,[ 04:17 ],1,240
14658,2014-05-11,[ 04:18 ],1,241
14659,2014-05-11,[ 04:19 ],1,239
14660,2014-05-11,[ 04:20 ],1,237
14661,2014-05-11,[ 04:21 ],1,240
14662,2014-05-11,[ 04:22 ],1,238
14663,2014-05-11,[ 04:23 ],1,237
14664,2014-05-11,[ 04:24 ],1,238
14665,2014-05-11,[ 04:25 ],1,219
14666,2014-05-11,[ 04:26 ],1,219
14667,2014-05-11,[ 04:27 ],1,165
14668,2014-05-11,[ 04:28 ],1,163
14669,2014-05-11,[ 04:29 ],1,163
14670,2014-05-11,[ 04:30 ],1,163
14671,2014-05-11,[ 04:31 ],1,163
14672,2014-05-11,[ 04:32 ],1,163
14673,2014-05-11,[ 04:33 ],1,166
14674,2014-05-11,[ 04:34 ],1,166
14675,2014-05-11,[ 04:35 ],1,163
14676,2014-05-11,[ 04:36 ],1,227
14677,2014-05-11,[ 04:37 ],1,225
14678,2014-05-11,[ 04:38 ],1,222
14679,2014-05-11,[ 04:39 ],1,225
14680,2014-05-11,[ 04:40 ],1,225
14681,2014-05-11,[ 04:41 ],1,231
14682,2014-05-11,[ 04:42 ],1,231
14683,2014-05-11,[ 04:43 ],1,228
14684,2014-05-11,[ 04:44 ],1,226
14685,2014-05-11,[ 04:45 ],1,227
14686,2014-05-11,[ 04:46 ],1,225
14687,2014-05-11,[ 04:47 ],1,226
14688,2014-05-11,[ 04:48 ],1,225
14689,2014-05-11,[ 04:49 ],1,224
14690,2014-05-11,[ 04:50 ],1,224
14691,2014-05-11,[ 04:51 ],1,222
14692,2014-05-11,[ 04:52 ],1,224
14693,2014-05-11,[ 04:53 ],1,224
14694,2014-05-11,[ 04:54 ],1,224
14695,2014-05-11,[ 04:55 ],1,222
14696,2014-05-11,[ 04:56 ],1,223
14697,2014-05-11,[ 04:57 ],1,222
14698,2014-05-11,[ 04:58 ],1,223
14699,2014-05-11,[ 04:59 ],1,223
14700,2014-05-11,[ 05:00 ],1,226
14701,2014-05-11,[ 05:01 ],1,225
14702,2014-05-11,[ 05:02 ],1,225
14703,2014-05-11,[ 05:03 ],1,223
14704,2014-05-11,[ 05:04 ],1,225
14705,2014-05-11,[ 05:05 ],1,224
14706,2014-05-11,[ 05:06 ],1,222
14707,2014-05-11,[ 05:07 ],1,222
14708,2014-05-11,[ 05:08 ],1,219
14709,2014-05-11,[ 05:09 ],1,218
14710,2014-05-11,[ 05:10 ],1,223
14711,2014-05-11,[ 05:11 ],1,160
14712,2014-05-11,[ 05:12 ],1,160
14713,2014-05-11,[ 05:13 ],1,162
14714,2014-05-11,[ 05:14 ],1,162
14715,2014-05-11,[ 05:15 ],1,162
14716,2014-05-11,[ 05:16 ],1,163
14717,2014-05-11,[ 05:17 ],1,162
14718,2014-05-11,[ 05:18 ],1,163
14719,2014-05-11,[ 05:19 ],1,160
14720,2014-05-11,[ 05:20 ],1,163
14721,2014-05-11,[ 05:21 ],1,162
14722,2014-05-11,[ 05:22 ],1,162
14723,2014-05-11,[ 05:23 ],1,160
14724,2014-05-11,[ 05:24 ],1,163
14725,2014-05-11,[ 05:25 ],1,163
14726,2014-05-11,[ 05:26 ],1,161
14727,2014-05-11,[ 05:27 ],1,163
14728,2014-05-11,[ 05:28 ],1,163
14729,2014-05-11,[ 05:29 ],1,162
14730,2014-05-11,[ 05:30 ],1,163
14731,2014-05-11,[ 05:31 ],1,163
14732,2014-05-11,[ 05:32 ],1,163
14733,2014-05-11,[ 05:33 ],1,162
14734,2014-05-11,[ 05:34 ],1,163
14735,2014-05-11,[ 05:35 ],1,163
14736,2014-05-11,[ 05:36 ],1,163
14737,2014-05-11,[ 05:37 ],1,163
14738,2014-05-11,[ 05:38 ],1,162
14739,2014-05-11,[ 05:39 ],1,163
14740,2014-05-11,[ 05:40 ],1,163
14741,2014-05-11,[ 05:41 ],1,162
14742,2014-05-11,[ 05:42 ],1,162
14743,2014-05-11,[ 05:43 ],1,162
14744,2014-05-11,[ 05:44 ],1,163
14745,2014-05-11,[ 05:45 ],1,163
14746,2014-05-11,[ 05:46 ],1,163
14747,2014-05-11,[ 05:47 ],1,163
14748,2014-05-11,[ 05:48 ],1,452
14749,2014-05-11,[ 05:49 ],1,222
14750,2014-05-11,[ 05:50 ],1,221
14751,2014-05-11,[ 05:51 ],1,221
14752,2014-05-11,[ 05:52 ],1,221
14753,2014-05-11,[ 05:53 ],1,217
14754,2014-05-11,[ 05:54 ],1,217
14755,2014-05-11,[ 05:55 ],1,215
14756,2014-05-11,[ 05:56 ],1,218
14757,2014-05-11,[ 05:57 ],1,215
14758,2014-05-11,[ 05:58 ],1,216
14759,2014-05-11,[ 05:59 ],1,211
14760,2014-05-11,[ 06:00 ],1,166
14761,2014-05-11,[ 06:01 ],1,165
14762,2014-05-11,[ 06:02 ],1,167
14763,2014-05-11,[ 06:03 ],1,163
14764,2014-05-11,[ 06:04 ],1,163
14765,2014-05-11,[ 06:05 ],1,163
14766,2014-05-11,[ 06:06 ],1,162
14767,2014-05-11,[ 06:07 ],1,163
14768,2014-05-11,[ 06:08 ],1,163
14769,2014-05-11,[ 06:09 ],1,163
14770,2014-05-11,[ 06:10 ],1,163
14771,2014-05-11,[ 06:11 ],1,161
14772,2014-05-11,[ 06:12 ],1,163
14773,2014-05-11,[ 06:13 ],1,161
14774,2014-05-11,[ 06:14 ],1,161
14775,2014-05-11,[ 06:15 ],1,161
14776,2014-05-11,[ 06:16 ],1,163
14777,2014-05-11,[ 06:17 ],1,162
14778,2014-05-11,[ 06:18 ],1,163
14779,2014-05-11,[ 06:19 ],1,163
14780,2014-05-11,[ 06:20 ],1,163
14781,2014-05-11,[ 06:21 ],1,163
14782,2014-05-11,[ 06:22 ],1,163
14783,2014-05-11,[ 06:23 ],1,163
14784,2014-05-11,[ 06:24 ],1,165
14785,2014-05-11,[ 06:25 ],1,165
14786,2014-05-11,[ 06:26 ],1,163
14787,2014-05-11,[ 06:27 ],1,163
14788,2014-05-11,[ 06:28 ],1,162
14789,2014-05-11,[ 06:29 ],1,161
14790,2014-05-11,[ 06:30 ],1,163
14791,2014-05-11,[ 06:31 ],1,162
14792,2014-05-11,[ 06:32 ],1,163
14793,2014-05-11,[ 06:33 ],1,163
14794,2014-05-11,[ 06:34 ],1,163
14795,2014-05-11,[ 06:35 ],1,163
14796,2014-05-11,[ 06:36 ],1,165
14797,2014-05-11,[ 06:37 ],1,165
14798,2014-05-11,[ 06:38 ],1,162
14799,2014-05-11,[ 06:39 ],1,163
14800,2014-05-11,[ 06:40 ],1,163
14801,2014-05-11,[ 06:41 ],1,165
14802,2014-05-11,[ 06:42 ],1,165
14803,2014-05-11,[ 06:43 ],1,165
14804,2014-05-11,[ 06:44 ],1,165
14805,2014-05-11,[ 06:45 ],1,165
14806,2014-05-11,[ 06:46 ],1,163
14807,2014-05-11,[ 06:47 ],1,163
14808,2014-05-11,[ 06:48 ],1,165
14809,2014-05-11,[ 06:49 ],1,165
14810,2014-05-11,[ 06:50 ],1,231
14811,2014-05-11,[ 06:51 ],1,231
14812,2014-05-11,[ 06:52 ],1,219
14813,2014-05-11,[ 06:53 ],1,221
14814,2014-05-11,[ 06:54 ],1,221
14815,2014-05-11,[ 06:55 ],1,217
14816,2014-05-11,[ 06:56 ],1,218
14817,2014-05-11,[ 06:57 ],1,217
14818,2014-05-11,[ 06:58 ],1,219
14819,2014-05-11,[ 06:59 ],1,215
14820,2014-05-11,[ 07:00 ],1,284
14821,2014-05-11,[ 07:01 ],1,286
14822,2014-05-11,[ 07:02 ],1,217
14823,2014-05-11,[ 07:03 ],1,219
14824,2014-05-11,[ 07:04 ],1,217
14825,2014-05-11,[ 07:05 ],1,218
14826,2014-05-11,[ 07:06 ],1,219
14827,2014-05-11,[ 07:07 ],1,206
14828,2014-05-11,[ 07:08 ],1,196
14829,2014-05-11,[ 07:09 ],1,222
14830,2014-05-11,[ 07:10 ],1,222
14831,2014-05-11,[ 07:11 ],1,213
14832,2014-05-11,[ 07:12 ],1,221
14833,2014-05-11,[ 07:13 ],1,212
14834,2014-05-11,[ 07:14 ],1,262
14835,2014-05-11,[ 07:15 ],1,262
14836,2014-05-11,[ 07:16 ],1,282
14837,2014-05-11,[ 07:17 ],1,282
14838,2014-05-11,[ 07:18 ],1,269
14839,2014-05-11,[ 07:19 ],1,273
14840,2014-05-11,[ 07:20 ],1,308
14841,2014-05-11,[ 07:21 ],1,272
14842,2014-05-11,[ 07:22 ],1,323
14843,2014-05-11,[ 07:23 ],1,347
14844,2014-05-11,[ 07:24 ],1,2898
14845,2014-05-11,[ 07:25 ],1,2841
14846,2014-05-11,[ 07:26 ],1,2758
14847,2014-05-11,[ 07:27 ],1,348
14848,2014-05-11,[ 07:28 ],1,347
14849,2014-05-11,[ 07:29 ],1,363
14850,2014-05-11,[ 07:30 ],1,376
14851,2014-05-11,[ 07:31 ],1,380
14852,2014-05-11,[ 07:32 ],1,379
14853,2014-05-11,[ 07:33 ],1,380
14854,2014-05-11,[ 07:34 ],1,389
14855,2014-05-11,[ 07:35 ],1,357
14856,2014-05-11,[ 07:36 ],1,1950
14857,2014-05-11,[ 07:37 ],1,1973
14858,2014-05-11,[ 07:38 ],1,1950
14859,2014-05-11,[ 07:39 ],1,1944
14860,2014-05-11,[ 07:40 ],1,334
14861,2014-05-11,[ 07:41 ],1,334
14862,2014-05-11,[ 07:42 ],1,324
14863,2014-05-11,[ 07:43 ],1,331
14864,2014-05-11,[ 07:44 ],1,317
14865,2014-05-11,[ 07:45 ],1,355
14866,2014-05-11,[ 07:46 ],1,330
14867,2014-05-11,[ 07:47 ],1,333
14868,2014-05-11,[ 07:48 ],1,335
14869,2014-05-11,[ 07:49 ],1,336
14870,2014-05-11,[ 07:50 ],1,328
14871,2014-05-11,[ 07:51 ],1,334
14872,2014-05-11,[ 07:52 ],1,333
14873,2014-05-11,[ 07:53 ],1,345
14874,2014-05-11,[ 07:54 ],1,345
14875,2014-05-11,[ 07:55 ],1,2023
14876,2014-05-11,[ 07:56 ],1,1996
14877,2014-05-11,[ 07:57 ],1,337
14878,2014-05-11,[ 07:58 ],1,351
14879,2014-05-11,[ 07:59 ],1,330
14880,2014-05-11,[ 08:00 ],1,342
14881,2014-05-11,[ 08:01 ],1,334
14882,2014-05-11,[ 08:02 ],1,353
14883,2014-05-11,[ 08:03 ],1,342
14884,2014-05-11,[ 08:04 ],1,328
14885,2014-05-11,[ 08:05 ],1,320
14886,2014-05-11,[ 08:06 ],1,322
14887,2014-05-11,[ 08:07 ],1,327
14888,2014-05-11,[ 08:08 ],1,311
14889,2014-05-11,[ 08:09 ],1,293
14890,2014-05-11,[ 08:10 ],1,333
14891,2014-05-11,[ 08:11 ],1,312
14892,2014-05-11,[ 08:12 ],1,306
14893,2014-05-11,[ 08:13 ],1,219
14894,2014-05-11,[ 08:14 ],1,253
14895,2014-05-11,[ 08:15 ],1,226
14896,2014-05-11,[ 08:16 ],1,229
14897,2014-05-11,[ 08:17 ],1,241
14898,2014-05-11,[ 08:18 ],1,216
14899,2014-05-11,[ 08:19 ],1,173
14900,2014-05-11,[ 08:20 ],1,177
14901,2014-05-11,[ 08:21 ],1,175
14902,2014-05-11,[ 08:22 ],1,173
14903,2014-05-11,[ 08:23 ],1,175
14904,2014-05-11,[ 08:24 ],1,175
14905,2014-05-11,[ 08:25 ],1,174
14906,2014-05-11,[ 08:26 ],1,175
14907,2014-05-11,[ 08:27 ],1,174
14908,2014-05-11,[ 08:28 ],1,174
14909,2014-05-11,[ 08:29 ],1,174
14910,2014-05-11,[ 08:30 ],1,173
14911,2014-05-11,[ 08:31 ],1,161
14912,2014-05-11,[ 08:32 ],1,163
14913,2014-05-11,[ 08:33 ],1,162
14914,2014-05-11,[ 08:34 ],1,163
14915,2014-05-11,[ 08:35 ],1,163
14916,2014-05-11,[ 08:36 ],1,165
14917,2014-05-11,[ 08:37 ],1,162
14918,2014-05-11,[ 08:38 ],1,162
14919,2014-05-11,[ 08:39 ],1,196
14920,2014-05-11,[ 08:40 ],1,200
14921,2014-05-11,[ 08:41 ],1,200
14922,2014-05-11,[ 08:42 ],1,194
14923,2014-05-11,[ 08:43 ],1,195
14924,2014-05-11,[ 08:44 ],1,196
14925,2014-05-11,[ 08:45 ],1,199
14926,2014-05-11,[ 08:46 ],1,199
14927,2014-05-11,[ 08:47 ],1,194
14928,2014-05-11,[ 08:48 ],1,194
14929,2014-05-11,[ 08:49 ],1,192
14930,2014-05-11,[ 08:50 ],1,191
14931,2014-05-11,[ 08:51 ],1,195
14932,2014-05-11,[ 08:52 ],1,195
14933,2014-05-11,[ 08:53 ],1,522
14934,2014-05-11,[ 08:54 ],1,522
14935,2014-05-11,[ 08:55 ],1,304
14936,2014-05-11,[ 08:56 ],1,309
14937,2014-05-11,[ 08:57 ],1,307
14938,2014-05-11,[ 08:58 ],1,306
14939,2014-05-11,[ 08:59 ],1,262
14940,2014-05-11,[ 09:00 ],1,264
14941,2014-05-11,[ 09:01 ],1,262
14942,2014-05-11,[ 09:02 ],1,262
14943,2014-05-11,[ 09:03 ],1,261
14944,2014-05-11,[ 09:04 ],1,261
14945,2014-05-11,[ 09:05 ],1,195
14946,2014-05-11,[ 09:06 ],1,194
14947,2014-05-11,[ 09:07 ],1,194
14948,2014-05-11,[ 09:08 ],1,194
14949,2014-05-11,[ 09:09 ],1,193
14950,2014-05-11,[ 09:10 ],1,195
14951,2014-05-11,[ 09:11 ],1,194
14952,2014-05-11,[ 09:12 ],1,195
14953,2014-05-11,[ 09:13 ],1,196
14954,2014-05-11,[ 09:14 ],1,193
14955,2014-05-11,[ 09:15 ],1,194
14956,2014-05-11,[ 09:16 ],1,194
14957,2014-05-11,[ 09:17 ],1,822
14958,2014-05-11,[ 09:18 ],1,798
14959,2014-05-11,[ 09:19 ],1,740
14960,2014-05-11,[ 09:20 ],1,493
14961,2014-05-11,[ 09:21 ],1,195
14962,2014-05-11,[ 09:22 ],1,194
14963,2014-05-11,[ 09:23 ],1,194
14964,2014-05-11,[ 09:24 ],1,195
14965,2014-05-11,[ 09:25 ],1,196
14966,2014-05-11,[ 09:26 ],1,194
14967,2014-05-11,[ 09:27 ],1,161
14968,2014-05-11,[ 09:28 ],1,280
14969,2014-05-11,[ 09:29 ],1,259
14970,2014-05-11,[ 09:30 ],1,238
14971,2014-05-11,[ 09:31 ],1,2668
14972,2014-05-11,[ 09:32 ],1,2654
14973,2014-05-11,[ 09:33 ],1,2601
14974,2014-05-11,[ 09:34 ],1,236
14975,2014-05-11,[ 09:35 ],1,283
14976,2014-05-11,[ 09:36 ],1,237
14977,2014-05-11,[ 09:37 ],1,270
14978,2014-05-11,[ 09:38 ],1,262
14979,2014-05-11,[ 09:39 ],1,264
14980,2014-05-11,[ 09:40 ],1,264
14981,2014-05-11,[ 09:41 ],1,252
14982,2014-05-11,[ 09:42 ],1,286
14983,2014-05-11,[ 09:43 ],1,285
14984,2014-05-11,[ 09:44 ],1,380
14985,2014-05-11,[ 09:45 ],1,289
14986,2014-05-11,[ 09:46 ],1,398
14987,2014-05-11,[ 09:47 ],1,365
14988,2014-05-11,[ 09:48 ],1,299
14989,2014-05-11,[ 09:49 ],1,312
14990,2014-05-11,[ 09:50 ],1,307
14991,2014-05-11,[ 09:51 ],1,291
14992,2014-05-11,[ 09:52 ],1,285
14993,2014-05-11,[ 09:53 ],1,288
14994,2014-05-11,[ 09:54 ],1,298
14995,2014-05-11,[ 09:55 ],1,291
14996,2014-05-11,[ 09:56 ],1,1966
14997,2014-05-11,[ 09:57 ],1,260
14998,2014-05-11,[ 09:58 ],1,234
14999,2014-05-11,[ 09:59 ],1,228
15000,2014-05-11,[ 10:00 ],1,218
15001,2014-05-11,[ 10:01 ],1,217
15002,2014-05-11,[ 10:02 ],1,216
15003,2014-05-11,[ 10:03 ],1,219
15004,2014-05-11,[ 10:04 ],1,218
15005,2014-05-11,[ 10:05 ],1,217
15006,2014-05-11,[ 10:06 ],1,217
15007,2014-05-11,[ 10:07 ],1,216
15008,2014-05-11,[ 10:08 ],1,218
15009,2014-05-11,[ 10:09 ],1,260
15010,2014-05-11,[ 10:10 ],1,260
15011,2014-05-11,[ 10:11 ],1,260
15012,2014-05-11,[ 10:12 ],1,258
15013,2014-05-11,[ 10:13 ],1,258
15014,2014-05-11,[ 10:14 ],1,218
15015,2014-05-11,[ 10:15 ],1,218
15016,2014-05-11,[ 10:16 ],1,218
15017,2014-05-11,[ 10:17 ],1,216
15018,2014-05-11,[ 10:18 ],1,218
15019,2014-05-11,[ 10:19 ],1,218
15020,2014-05-11,[ 10:20 ],1,216
15021,2014-05-11,[ 10:21 ],1,215
15022,2014-05-11,[ 10:22 ],1,216
15023,2014-05-11,[ 10:23 ],1,216
15024,2014-05-11,[ 10:24 ],1,218
15025,2014-05-11,[ 10:25 ],1,218
15026,2014-05-11,[ 10:26 ],1,217
15027,2014-05-11,[ 10:27 ],1,219
15028,2014-05-11,[ 10:28 ],1,160
15029,2014-05-11,[ 10:29 ],1,159
15030,2014-05-11,[ 10:30 ],1,160
15031,2014-05-11,[ 10:31 ],1,159
15032,2014-05-11,[ 10:32 ],1,159
15033,2014-05-11,[ 10:33 ],1,159
15034,2014-05-11,[ 10:34 ],1,159
15035,2014-05-11,[ 10:35 ],1,159
15036,2014-05-11,[ 10:36 ],1,186
15037,2014-05-11,[ 10:37 ],1,186
15038,2014-05-11,[ 10:38 ],1,189
15039,2014-05-11,[ 10:39 ],1,185
15040,2014-05-11,[ 10:40 ],1,187
15041,2014-05-11,[ 10:41 ],1,187
15042,2014-05-11,[ 10:42 ],1,186
15043,2014-05-11,[ 10:43 ],1,186
15044,2014-05-11,[ 10:44 ],1,158
15045,2014-05-11,[ 10:45 ],1,158
15046,2014-05-11,[ 10:46 ],1,159
15047,2014-05-11,[ 10:47 ],1,159
15048,2014-05-11,[ 10:48 ],1,159
15049,2014-05-11,[ 10:49 ],1,160
15050,2014-05-11,[ 10:50 ],1,157
15051,2014-05-11,[ 10:51 ],1,157
15052,2014-05-11,[ 10:52 ],1,158
15053,2014-05-11,[ 10:53 ],1,158
15054,2014-05-11,[ 10:54 ],1,160
15055,2014-05-11,[ 10:55 ],1,160
15056,2014-05-11,[ 10:56 ],1,161
15057,2014-05-11,[ 10:57 ],1,161
15058,2014-05-11,[ 10:58 ],1,161
15059,2014-05-11,[ 10:59 ],1,234
15060,2014-05-11,[ 11:00 ],1,219
15061,2014-05-11,[ 11:01 ],1,218
15062,2014-05-11,[ 11:02 ],1,215
15063,2014-05-11,[ 11:03 ],1,215
15064,2014-05-11,[ 11:04 ],1,214
15065,2014-05-11,[ 11:05 ],1,215
15066,2014-05-11,[ 11:06 ],1,211
15067,2014-05-11,[ 11:07 ],1,253
15068,2014-05-11,[ 11:08 ],1,253
15069,2014-05-11,[ 11:09 ],1,251
15070,2014-05-11,[ 11:10 ],1,256
15071,2014-05-11,[ 11:11 ],1,186
15072,2014-05-11,[ 11:12 ],1,186
15073,2014-05-11,[ 11:13 ],1,188
15074,2014-05-11,[ 11:14 ],1,186
15075,2014-05-11,[ 11:15 ],1,185
15076,2014-05-11,[ 11:16 ],1,186
15077,2014-05-11,[ 11:17 ],1,190
15078,2014-05-11,[ 11:18 ],1,190
15079,2014-05-11,[ 11:19 ],1,189
15080,2014-05-11,[ 11:20 ],1,189
15081,2014-05-11,[ 11:21 ],1,188
15082,2014-05-11,[ 11:22 ],1,189
15083,2014-05-11,[ 11:23 ],1,188
15084,2014-05-11,[ 11:24 ],1,190
15085,2014-05-11,[ 11:25 ],1,191
15086,2014-05-11,[ 11:26 ],1,188
15087,2014-05-11,[ 11:27 ],1,188
15088,2014-05-11,[ 11:28 ],1,188
15089,2014-05-11,[ 11:29 ],1,187
15090,2014-05-11,[ 11:30 ],1,187
15091,2014-05-11,[ 11:31 ],1,186
15092,2014-05-11,[ 11:32 ],1,187
15093,2014-05-11,[ 11:33 ],1,187
15094,2014-05-11,[ 11:34 ],1,187
15095,2014-05-11,[ 11:35 ],1,190
15096,2014-05-11,[ 11:36 ],1,186
15097,2014-05-11,[ 11:37 ],1,187
15098,2014-05-11,[ 11:38 ],1,185
15099,2014-05-11,[ 11:39 ],1,187
15100,2014-05-11,[ 11:40 ],1,189
15101,2014-05-11,[ 11:41 ],1,187
15102,2014-05-11,[ 11:42 ],1,187
15103,2014-05-11,[ 11:43 ],1,189
15104,2014-05-11,[ 11:44 ],1,191
15105,2014-05-11,[ 11:45 ],1,190
15106,2014-05-11,[ 11:46 ],1,189
15107,2014-05-11,[ 11:47 ],1,188
15108,2014-05-11,[ 11:48 ],1,190
15109,2014-05-11,[ 11:49 ],1,188
15110,2014-05-11,[ 11:50 ],1,187
15111,2014-05-11,[ 11:51 ],1,188
15112,2014-05-11,[ 11:52 ],1,189
15113,2014-05-11,[ 11:53 ],1,187
15114,2014-05-11,[ 11:54 ],1,186
15115,2014-05-11,[ 11:55 ],1,188
15116,2014-05-11,[ 11:56 ],1,188
15117,2014-05-11,[ 11:57 ],1,190
15118,2014-05-11,[ 11:58 ],1,187
15119,2014-05-11,[ 11:59 ],1,186
15120,2014-05-11,[ 12:00 ],1,270
15121,2014-05-11,[ 12:01 ],1,258
15122,2014-05-11,[ 12:02 ],1,258
15123,2014-05-11,[ 12:03 ],1,261
15124,2014-05-11,[ 12:04 ],1,260
15125,2014-05-11,[ 12:05 ],1,258
15126,2014-05-11,[ 12:06 ],1,260
15127,2014-05-11,[ 12:07 ],1,257
15128,2014-05-11,[ 12:08 ],1,257
15129,2014-05-11,[ 12:09 ],1,257
15130,2014-05-11,[ 12:10 ],1,254
15131,2014-05-11,[ 12:11 ],1,187
15132,2014-05-11,[ 12:12 ],1,189
15133,2014-05-11,[ 12:13 ],1,189
15134,2014-05-11,[ 12:14 ],1,187
15135,2014-05-11,[ 12:15 ],1,187
15136,2014-05-11,[ 12:16 ],1,188
15137,2014-05-11,[ 12:17 ],1,186
15138,2014-05-11,[ 12:18 ],1,161
15139,2014-05-11,[ 12:19 ],1,226
15140,2014-05-11,[ 12:20 ],1,352
15141,2014-05-11,[ 12:21 ],1,394
15142,2014-05-11,[ 12:22 ],1,464
15143,2014-05-11,[ 12:23 ],1,2891
15144,2014-05-11,[ 12:24 ],1,2927
15145,2014-05-11,[ 12:25 ],1,2933
15146,2014-05-11,[ 12:26 ],1,2935
15147,2014-05-11,[ 12:27 ],1,590
15148,2014-05-11,[ 12:28 ],1,2912
15149,2014-05-11,[ 12:29 ],1,2954
15150,2014-05-11,[ 12:30 ],1,2954
15151,2014-05-11,[ 12:31 ],1,453
15152,2014-05-11,[ 12:32 ],1,432
15153,2014-05-11,[ 12:33 ],1,423
15154,2014-05-11,[ 12:34 ],1,437
15155,2014-05-11,[ 12:35 ],1,449
15156,2014-05-11,[ 12:36 ],1,425
15157,2014-05-11,[ 12:37 ],1,417
15158,2014-05-11,[ 12:38 ],1,434
15159,2014-05-11,[ 12:39 ],1,495
15160,2014-05-11,[ 12:40 ],1,2898
15161,2014-05-11,[ 12:41 ],1,511
15162,2014-05-11,[ 12:42 ],1,2949
15163,2014-05-11,[ 12:43 ],1,2947
15164,2014-05-11,[ 12:44 ],1,506
15165,2014-05-11,[ 12:45 ],1,492
15166,2014-05-11,[ 12:46 ],1,495
15167,2014-05-11,[ 12:47 ],1,487
15168,2014-05-11,[ 12:48 ],1,492
15169,2014-05-11,[ 12:49 ],1,2162
15170,2014-05-11,[ 12:50 ],1,960
15171,2014-05-11,[ 12:51 ],1,514
15172,2014-05-11,[ 12:52 ],1,499
15173,2014-05-11,[ 12:53 ],1,504
15174,2014-05-11,[ 12:54 ],1,435
15175,2014-05-11,[ 12:55 ],1,425
15176,2014-05-11,[ 12:56 ],1,434
15177,2014-05-11,[ 12:57 ],1,435
15178,2014-05-11,[ 12:58 ],1,485
15179,2014-05-11,[ 12:59 ],1,451
15180,2014-05-11,[ 13:00 ],1,430
15181,2014-05-11,[ 13:01 ],1,420
15182,2014-05-11,[ 13:02 ],1,388
15183,2014-05-11,[ 13:03 ],1,341
15184,2014-05-11,[ 13:04 ],1,355
15185,2014-05-11,[ 13:05 ],1,376
15186,2014-05-11,[ 13:06 ],1,549
15187,2014-05-11,[ 13:07 ],1,558
15188,2014-05-11,[ 13:08 ],1,552
15189,2014-05-11,[ 13:09 ],1,550
15190,2014-05-11,[ 13:10 ],1,544
15191,2014-05-11,[ 13:11 ],1,572
15192,2014-05-11,[ 13:12 ],1,545
15193,2014-05-11,[ 13:13 ],1,537
15194,2014-05-11,[ 13:14 ],1,545
15195,2014-05-11,[ 13:15 ],1,523
15196,2014-05-11,[ 13:16 ],1,539
15197,2014-05-11,[ 13:17 ],1,516
15198,2014-05-11,[ 13:18 ],1,546
15199,2014-05-11,[ 13:19 ],1,541
15200,2014-05-11,[ 13:20 ],1,339
15201,2014-05-11,[ 13:21 ],1,333
15202,2014-05-11,[ 13:22 ],1,309
15203,2014-05-11,[ 13:23 ],1,305
15204,2014-05-11,[ 13:24 ],1,300
15205,2014-05-11,[ 13:25 ],1,308
15206,2014-05-11,[ 13:26 ],1,299
15207,2014-05-11,[ 13:27 ],1,304
15208,2014-05-11,[ 13:28 ],1,289
15209,2014-05-11,[ 13:29 ],1,297
15210,2014-05-11,[ 13:30 ],1,297
15211,2014-05-11,[ 13:31 ],1,295
15212,2014-05-11,[ 13:32 ],1,475
15213,2014-05-11,[ 13:33 ],1,476
15214,2014-05-11,[ 13:34 ],1,470
15215,2014-05-11,[ 13:35 ],1,472
15216,2014-05-11,[ 13:36 ],1,435
15217,2014-05-11,[ 13:37 ],1,425
15218,2014-05-11,[ 13:38 ],1,424
15219,2014-05-11,[ 13:39 ],1,433
15220,2014-05-11,[ 13:40 ],1,430
15221,2014-05-11,[ 13:41 ],1,437
15222,2014-05-11,[ 13:42 ],1,451
15223,2014-05-11,[ 13:43 ],1,433
15224,2014-05-11,[ 13:44 ],1,1842
15225,2014-05-11,[ 13:45 ],1,1726
15226,2014-05-11,[ 13:46 ],1,1681
15227,2014-05-11,[ 13:47 ],1,1720
15228,2014-05-11,[ 13:48 ],1,1675
15229,2014-05-11,[ 13:49 ],1,1640
15230,2014-05-11,[ 13:50 ],1,472
15231,2014-05-11,[ 13:51 ],1,478
15232,2014-05-11,[ 13:52 ],1,426
15233,2014-05-11,[ 13:53 ],1,426
15234,2014-05-11,[ 13:54 ],1,424
15235,2014-05-11,[ 13:55 ],1,397
15236,2014-05-11,[ 13:56 ],1,389
15237,2014-05-11,[ 13:57 ],1,385
15238,2014-05-11,[ 13:58 ],1,320
15239,2014-05-11,[ 13:59 ],1,318
15240,2014-05-11,[ 14:00 ],1,318
15241,2014-05-11,[ 14:01 ],1,321
15242,2014-05-11,[ 14:02 ],1,318
15243,2014-05-11,[ 14:03 ],1,318
15244,2014-05-11,[ 14:04 ],1,317
15245,2014-05-11,[ 14:05 ],1,315
15246,2014-05-11,[ 14:06 ],1,311
15247,2014-05-11,[ 14:07 ],1,311
15248,2014-05-11,[ 14:08 ],1,309
15249,2014-05-11,[ 14:09 ],1,307
15250,2014-05-11,[ 14:10 ],1,308
15251,2014-05-11,[ 14:11 ],1,306
15252,2014-05-11,[ 14:12 ],1,307
15253,2014-05-11,[ 14:13 ],1,307
15254,2014-05-11,[ 14:14 ],1,305
15255,2014-05-11,[ 14:15 ],1,304
15256,2014-05-11,[ 14:16 ],1,304
15257,2014-05-11,[ 14:17 ],1,304
15258,2014-05-11,[ 14:18 ],1,304
15259,2014-05-11,[ 14:19 ],1,304
15260,2014-05-11,[ 14:20 ],1,305
15261,2014-05-11,[ 14:21 ],1,301
15262,2014-05-11,[ 14:22 ],1,305
15263,2014-05-11,[ 14:23 ],1,305
15264,2014-05-11,[ 14:24 ],1,237
15265,2014-05-11,[ 14:25 ],1,237
15266,2014-05-11,[ 14:26 ],1,238
15267,2014-05-11,[ 14:27 ],1,235
15268,2014-05-11,[ 14:28 ],1,237
15269,2014-05-11,[ 14:29 ],1,239
15270,2014-05-11,[ 14:30 ],1,246
15271,2014-05-11,[ 14:31 ],1,235
15272,2014-05-11,[ 14:32 ],1,237
15273,2014-05-11,[ 14:33 ],1,236
15274,2014-05-11,[ 14:34 ],1,235
15275,2014-05-11,[ 14:35 ],1,236
15276,2014-05-11,[ 14:36 ],1,227
15277,2014-05-11,[ 14:37 ],1,225
15278,2014-05-11,[ 14:38 ],1,226
15279,2014-05-11,[ 14:39 ],1,226
15280,2014-05-11,[ 14:40 ],1,227
15281,2014-05-11,[ 14:41 ],1,228
15282,2014-05-11,[ 14:42 ],1,227
15283,2014-05-11,[ 14:43 ],1,228
15284,2014-05-11,[ 14:44 ],1,226
15285,2014-05-11,[ 14:45 ],1,228
15286,2014-05-11,[ 14:46 ],1,229
15287,2014-05-11,[ 14:47 ],1,245
15288,2014-05-11,[ 14:48 ],1,229
15289,2014-05-11,[ 14:49 ],1,226
15290,2014-05-11,[ 14:50 ],1,226
15291,2014-05-11,[ 14:51 ],1,228
15292,2014-05-11,[ 14:52 ],1,225
15293,2014-05-11,[ 14:53 ],1,229
15294,2014-05-11,[ 14:54 ],1,229
15295,2014-05-11,[ 14:55 ],1,227
15296,2014-05-11,[ 14:56 ],1,231
15297,2014-05-11,[ 14:57 ],1,227
15298,2014-05-11,[ 14:58 ],1,246
15299,2014-05-11,[ 14:59 ],1,246
15300,2014-05-11,[ 15:00 ],1,231
15301,2014-05-11,[ 15:01 ],1,228
15302,2014-05-11,[ 15:02 ],1,312
15303,2014-05-11,[ 15:03 ],1,309
15304,2014-05-11,[ 15:04 ],1,301
15305,2014-05-11,[ 15:05 ],1,301
15306,2014-05-11,[ 15:06 ],1,302
15307,2014-05-11,[ 15:07 ],1,305
15308,2014-05-11,[ 15:08 ],1,306
15309,2014-05-11,[ 15:09 ],1,302
15310,2014-05-11,[ 15:10 ],1,304
15311,2014-05-11,[ 15:11 ],1,301
15312,2014-05-11,[ 15:12 ],1,301
15313,2014-05-11,[ 15:13 ],1,300
15314,2014-05-11,[ 15:14 ],1,299
15315,2014-05-11,[ 15:15 ],1,269
15316,2014-05-11,[ 15:16 ],1,243
15317,2014-05-11,[ 15:17 ],1,241
15318,2014-05-11,[ 15:18 ],1,241
15319,2014-05-11,[ 15:19 ],1,2645
15320,2014-05-11,[ 15:20 ],1,2649
15321,2014-05-11,[ 15:21 ],1,225
15322,2014-05-11,[ 15:22 ],1,223
15323,2014-05-11,[ 15:23 ],1,243
15324,2014-05-11,[ 15:24 ],1,240
15325,2014-05-11,[ 15:25 ],1,264
15326,2014-05-11,[ 15:26 ],1,654
15327,2014-05-11,[ 15:27 ],1,654
15328,2014-05-11,[ 15:28 ],1,470
15329,2014-05-11,[ 15:29 ],1,452
15330,2014-05-11,[ 15:30 ],1,440
15331,2014-05-11,[ 15:31 ],1,437
15332,2014-05-11,[ 15:32 ],1,437
15333,2014-05-11,[ 15:33 ],1,693
15334,2014-05-11,[ 15:34 ],1,780
15335,2014-05-11,[ 15:35 ],1,1105
15336,2014-05-11,[ 15:36 ],1,2768
15337,2014-05-11,[ 15:37 ],1,2768
15338,2014-05-11,[ 15:38 ],1,2805
15339,2014-05-11,[ 15:39 ],1,2820
15340,2014-05-11,[ 15:40 ],1,2853
15341,2014-05-11,[ 15:41 ],1,2842
15342,2014-05-11,[ 15:42 ],1,2842
15343,2014-05-11,[ 15:43 ],1,2788
15344,2014-05-11,[ 15:44 ],1,2882
15345,2014-05-11,[ 15:45 ],1,2681
15346,2014-05-11,[ 15:46 ],1,2801
15347,2014-05-11,[ 15:47 ],1,2482
15348,2014-05-11,[ 15:48 ],1,1196
15349,2014-05-11,[ 15:49 ],1,1027
15350,2014-05-11,[ 15:50 ],1,1381
15351,2014-05-11,[ 15:51 ],1,1381
15352,2014-05-11,[ 15:52 ],1,2003
15353,2014-05-11,[ 15:53 ],1,2535
15354,2014-05-11,[ 15:54 ],1,2388
15355,2014-05-11,[ 15:55 ],1,1040
15356,2014-05-11,[ 15:56 ],1,925
15357,2014-05-11,[ 15:57 ],1,907
15358,2014-05-11,[ 15:58 ],1,941
15359,2014-05-11,[ 15:59 ],1,2389
15360,2014-05-11,[ 16:00 ],1,2389
15361,2014-05-11,[ 16:01 ],1,915
15362,2014-05-11,[ 16:02 ],1,906
15363,2014-05-11,[ 16:03 ],1,939
15364,2014-05-11,[ 16:04 ],1,941
15365,2014-05-11,[ 16:05 ],1,2541
15366,2014-05-11,[ 16:06 ],1,2462
15367,2014-05-11,[ 16:07 ],1,946
15368,2014-05-11,[ 16:08 ],1,907
15369,2014-05-11,[ 16:09 ],1,938
15370,2014-05-11,[ 16:10 ],1,951
15371,2014-05-11,[ 16:11 ],1,966
15372,2014-05-11,[ 16:12 ],1,957
15373,2014-05-11,[ 16:13 ],1,1316
15374,2014-05-11,[ 16:14 ],1,958
15375,2014-05-11,[ 16:15 ],1,937
15376,2014-05-11,[ 16:16 ],1,1349
15377,2014-05-11,[ 16:17 ],1,1012
15378,2014-05-11,[ 16:18 ],1,972
15379,2014-05-11,[ 16:19 ],1,1521
15380,2014-05-11,[ 16:20 ],1,1222
15381,2014-05-11,[ 16:21 ],1,970
15382,2014-05-11,[ 16:22 ],1,906
15383,2014-05-11,[ 16:23 ],1,714
15384,2014-05-11,[ 16:24 ],1,787
15385,2014-05-11,[ 16:25 ],1,787
15386,2014-05-11,[ 16:26 ],1,938
15387,2014-05-11,[ 16:27 ],1,938
15388,2014-05-11,[ 16:28 ],1,1209
15389,2014-05-11,[ 16:29 ],1,969
15390,2014-05-11,[ 16:30 ],1,444
15391,2014-05-11,[ 16:31 ],1,635
15392,2014-05-11,[ 16:32 ],1,945
15393,2014-05-11,[ 16:33 ],1,948
15394,2014-05-11,[ 16:34 ],1,948
15395,2014-05-11,[ 16:35 ],1,968
15396,2014-05-11,[ 16:36 ],1,1387
15397,2014-05-11,[ 16:37 ],1,1733
15398,2014-05-11,[ 16:38 ],1,517
15399,2014-05-11,[ 16:39 ],1,970
15400,2014-05-11,[ 16:40 ],1,696
15401,2014-05-11,[ 16:41 ],1,615
15402,2014-05-11,[ 16:42 ],1,632
15403,2014-05-11,[ 16:43 ],1,810
15404,2014-05-11,[ 16:44 ],1,976
15405,2014-05-11,[ 16:45 ],1,972
15406,2014-05-11,[ 16:46 ],1,1136
15407,2014-05-11,[ 16:47 ],1,1242
15408,2014-05-11,[ 16:48 ],1,1862
15409,2014-05-11,[ 16:49 ],1,1830
15410,2014-05-11,[ 16:50 ],1,954
15411,2014-05-11,[ 16:51 ],1,470
15412,2014-05-11,[ 16:52 ],1,514
15413,2014-05-11,[ 16:53 ],1,1091
15414,2014-05-11,[ 16:54 ],1,615
15415,2014-05-11,[ 16:55 ],1,669
15416,2014-05-11,[ 16:56 ],1,680
15417,2014-05-11,[ 16:57 ],1,605
15418,2014-05-11,[ 16:58 ],1,888
15419,2014-05-11,[ 16:59 ],1,902
15420,2014-05-11,[ 17:00 ],1,873
15421,2014-05-11,[ 17:01 ],1,850
15422,2014-05-11,[ 17:02 ],1,499
15423,2014-05-11,[ 17:03 ],1,476
15424,2014-05-11,[ 17:04 ],1,298
15425,2014-05-11,[ 17:05 ],1,291
15426,2014-05-11,[ 17:06 ],1,289
15427,2014-05-11,[ 17:07 ],1,345
15428,2014-05-11,[ 17:08 ],1,317
15429,2014-05-11,[ 17:09 ],1,298
15430,2014-05-11,[ 17:10 ],1,335
15431,2014-05-11,[ 17:11 ],1,356
15432,2014-05-11,[ 17:12 ],1,355
15433,2014-05-11,[ 17:13 ],1,327
15434,2014-05-11,[ 17:14 ],1,340
15435,2014-05-11,[ 17:15 ],1,350
15436,2014-05-11,[ 17:16 ],1,356
15437,2014-05-11,[ 17:17 ],1,320
15438,2014-05-11,[ 17:18 ],1,341
15439,2014-05-11,[ 17:19 ],1,1976
15440,2014-05-11,[ 17:20 ],1,1964
15441,2014-05-11,[ 17:21 ],1,293
15442,2014-05-11,[ 17:22 ],1,322
15443,2014-05-11,[ 17:23 ],1,379
15444,2014-05-11,[ 17:24 ],1,347
15445,2014-05-11,[ 17:25 ],1,289
15446,2014-05-11,[ 17:26 ],1,309
15447,2014-05-11,[ 17:27 ],1,311
15448,2014-05-11,[ 17:28 ],1,311
15449,2014-05-11,[ 17:29 ],1,284
15450,2014-05-11,[ 17:30 ],1,300
15451,2014-05-11,[ 17:31 ],1,335
15452,2014-05-11,[ 17:32 ],1,312
15453,2014-05-11,[ 17:33 ],1,301
15454,2014-05-11,[ 17:34 ],1,293
15455,2014-05-11,[ 17:35 ],1,280
15456,2014-05-11,[ 17:36 ],1,326
15457,2014-05-11,[ 17:37 ],1,326
15458,2014-05-11,[ 17:38 ],1,336
15459,2014-05-11,[ 17:39 ],1,351
15460,2014-05-11,[ 17:40 ],1,319
15461,2014-05-11,[ 17:41 ],1,350
15462,2014-05-11,[ 17:42 ],1,311
15463,2014-05-11,[ 17:43 ],1,240
15464,2014-05-11,[ 17:44 ],1,472
15465,2014-05-11,[ 17:45 ],1,513
15466,2014-05-11,[ 17:46 ],1,550
15467,2014-05-11,[ 17:47 ],1,611
15468,2014-05-11,[ 17:48 ],1,611
15469,2014-05-11,[ 17:49 ],1,631
15470,2014-05-11,[ 17:50 ],1,640
15471,2014-05-11,[ 17:51 ],1,640
15472,2014-05-11,[ 17:52 ],1,624
15473,2014-05-11,[ 17:53 ],1,390
15474,2014-05-11,[ 17:54 ],1,380
15475,2014-05-11,[ 17:55 ],1,369
15476,2014-05-11,[ 17:56 ],1,377
15477,2014-05-11,[ 17:57 ],1,366
15478,2014-05-11,[ 17:58 ],1,342
15479,2014-05-11,[ 17:59 ],1,339
15480,2014-05-11,[ 18:00 ],1,430
15481,2014-05-11,[ 18:01 ],1,800
15482,2014-05-11,[ 18:02 ],1,972
15483,2014-05-11,[ 18:03 ],1,1234
15484,2014-05-11,[ 18:04 ],1,820
15485,2014-05-11,[ 18:05 ],1,1893
15486,2014-05-11,[ 18:06 ],1,1746
15487,2014-05-11,[ 18:07 ],1,1434
15488,2014-05-11,[ 18:08 ],1,545
15489,2014-05-11,[ 18:09 ],1,613
15490,2014-05-11,[ 18:10 ],1,1134
15491,2014-05-11,[ 18:11 ],1,503
15492,2014-05-11,[ 18:12 ],1,904
15493,2014-05-11,[ 18:13 ],1,912
15494,2014-05-11,[ 18:14 ],1,968
15495,2014-05-11,[ 18:15 ],1,1707
15496,2014-05-11,[ 18:16 ],1,1768
15497,2014-05-11,[ 18:17 ],1,1258
15498,2014-05-11,[ 18:18 ],1,1075
15499,2014-05-11,[ 18:19 ],1,1075
15500,2014-05-11,[ 18:20 ],1,1138
15501,2014-05-11,[ 18:21 ],1,576
15502,2014-05-11,[ 18:22 ],1,486
15503,2014-05-11,[ 18:23 ],1,1207
15504,2014-05-11,[ 18:24 ],1,629
15505,2014-05-11,[ 18:25 ],1,575
15506,2014-05-11,[ 18:26 ],1,570
15507,2014-05-11,[ 18:27 ],1,525
15508,2014-05-11,[ 18:28 ],1,531
15509,2014-05-11,[ 18:29 ],1,245
15510,2014-05-11,[ 18:30 ],1,243
15511,2014-05-11,[ 18:31 ],1,240
15512,2014-05-11,[ 18:32 ],1,236
15513,2014-05-11,[ 18:33 ],1,217
15514,2014-05-11,[ 18:34 ],1,212
15515,2014-05-11,[ 18:35 ],1,418
15516,2014-05-11,[ 18:36 ],1,418
15517,2014-05-11,[ 18:37 ],1,411
15518,2014-05-11,[ 18:38 ],1,413
15519,2014-05-11,[ 18:39 ],1,407
15520,2014-05-11,[ 18:40 ],1,407
15521,2014-05-11,[ 18:41 ],1,407
15522,2014-05-11,[ 18:42 ],1,406
15523,2014-05-11,[ 18:43 ],1,400
15524,2014-05-11,[ 18:44 ],1,404
15525,2014-05-11,[ 18:45 ],1,400
15526,2014-05-11,[ 18:46 ],1,405
15527,2014-05-11,[ 18:47 ],1,407
15528,2014-05-11,[ 18:48 ],1,413
15529,2014-05-11,[ 18:49 ],1,410
15530,2014-05-11,[ 18:50 ],1,508
15531,2014-05-11,[ 18:51 ],1,488
15532,2014-05-11,[ 18:52 ],1,484
15533,2014-05-11,[ 18:53 ],1,482
15534,2014-05-11,[ 18:54 ],1,486
15535,2014-05-11,[ 18:55 ],1,495
15536,2014-05-11,[ 18:56 ],1,492
15537,2014-05-11,[ 18:57 ],1,495
15538,2014-05-11,[ 18:58 ],1,485
15539,2014-05-11,[ 18:59 ],1,482
15540,2014-05-11,[ 19:00 ],1,487
15541,2014-05-11,[ 19:01 ],1,486
15542,2014-05-11,[ 19:02 ],1,487
15543,2014-05-11,[ 19:03 ],1,481
15544,2014-05-11,[ 19:04 ],1,487
15545,2014-05-11,[ 19:05 ],1,483
15546,2014-05-11,[ 19:06 ],1,490
15547,2014-05-11,[ 19:07 ],1,491
15548,2014-05-11,[ 19:08 ],1,495
15549,2014-05-11,[ 19:09 ],1,504
15550,2014-05-11,[ 19:10 ],1,588
15551,2014-05-11,[ 19:11 ],1,578
15552,2014-05-11,[ 19:12 ],1,557
15553,2014-05-11,[ 19:13 ],1,485
15554,2014-05-11,[ 19:14 ],1,504
15555,2014-05-11,[ 19:15 ],1,497
15556,2014-05-11,[ 19:16 ],1,486
15557,2014-05-11,[ 19:17 ],1,499
15558,2014-05-11,[ 19:18 ],1,481
15559,2014-05-11,[ 19:19 ],1,481
15560,2014-05-11,[ 19:20 ],1,456
15561,2014-05-11,[ 19:21 ],1,543
15562,2014-05-11,[ 19:22 ],1,543
15563,2014-05-11,[ 19:23 ],1,503
15564,2014-05-11,[ 19:24 ],1,528
15565,2014-05-11,[ 19:25 ],1,586
15566,2014-05-11,[ 19:26 ],1,561
15567,2014-05-11,[ 19:27 ],1,517
15568,2014-05-11,[ 19:28 ],1,456
15569,2014-05-11,[ 19:29 ],1,551
15570,2014-05-11,[ 19:30 ],1,551
15571,2014-05-11,[ 19:31 ],1,540
15572,2014-05-11,[ 19:32 ],1,552
15573,2014-05-11,[ 19:33 ],1,544
15574,2014-05-11,[ 19:34 ],1,2171
15575,2014-05-11,[ 19:35 ],1,2182
15576,2014-05-11,[ 19:36 ],1,2196
15577,2014-05-11,[ 19:37 ],1,2213
15578,2014-05-11,[ 19:38 ],1,2211
15579,2014-05-11,[ 19:39 ],1,615
15580,2014-05-11,[ 19:40 ],1,632
15581,2014-05-11,[ 19:41 ],1,632
15582,2014-05-11,[ 19:42 ],1,535
15583,2014-05-11,[ 19:43 ],1,546
15584,2014-05-11,[ 19:44 ],1,548
15585,2014-05-11,[ 19:45 ],1,534
15586,2014-05-11,[ 19:46 ],1,2332
15587,2014-05-11,[ 19:47 ],1,2184
15588,2014-05-11,[ 19:48 ],1,2149
15589,2014-05-11,[ 19:49 ],1,838
15590,2014-05-11,[ 19:50 ],1,557
15591,2014-05-11,[ 19:51 ],1,555
15592,2014-05-11,[ 19:52 ],1,546
15593,2014-05-11,[ 19:53 ],1,499
15594,2014-05-11,[ 19:54 ],1,499
15595,2014-05-11,[ 19:55 ],1,506
15596,2014-05-11,[ 19:56 ],1,541
15597,2014-05-11,[ 19:57 ],1,530
15598,2014-05-11,[ 19:58 ],1,510
15599,2014-05-11,[ 19:59 ],1,526
15600,2014-05-11,[ 20:00 ],1,492
15601,2014-05-11,[ 20:01 ],1,486
15602,2014-05-11,[ 20:02 ],1,488
15603,2014-05-11,[ 20:03 ],1,495
15604,2014-05-11,[ 20:04 ],1,498
15605,2014-05-11,[ 20:05 ],1,487
15606,2014-05-11,[ 20:06 ],1,555
15607,2014-05-11,[ 20:07 ],1,552
15608,2014-05-11,[ 20:08 ],1,552
15609,2014-05-11,[ 20:09 ],1,549
15610,2014-05-11,[ 20:10 ],1,507
15611,2014-05-11,[ 20:11 ],1,495
15612,2014-05-11,[ 20:12 ],1,507
15613,2014-05-11,[ 20:13 ],1,412
15614,2014-05-11,[ 20:14 ],1,410
15615,2014-05-11,[ 20:15 ],1,413
15616,2014-05-11,[ 20:16 ],1,401
15617,2014-05-11,[ 20:17 ],1,411
15618,2014-05-11,[ 20:18 ],1,421
15619,2014-05-11,[ 20:19 ],1,430
15620,2014-05-11,[ 20:20 ],1,411
15621,2014-05-11,[ 20:21 ],1,410
15622,2014-05-11,[ 20:22 ],1,420
15623,2014-05-11,[ 20:23 ],1,410
15624,2014-05-11,[ 20:24 ],1,417
15625,2014-05-11,[ 20:25 ],1,406
15626,2014-05-11,[ 20:26 ],1,409
15627,2014-05-11,[ 20:27 ],1,401
15628,2014-05-11,[ 20:28 ],1,402
15629,2014-05-11,[ 20:29 ],1,401
15630,2014-05-11,[ 20:30 ],1,393
15631,2014-05-11,[ 20:31 ],1,406
15632,2014-05-11,[ 20:32 ],1,401
15633,2014-05-11,[ 20:33 ],1,400
15634,2014-05-11,[ 20:34 ],1,404
15635,2014-05-11,[ 20:35 ],1,404
15636,2014-05-11,[ 20:36 ],1,406
15637,2014-05-11,[ 20:37 ],1,422
15638,2014-05-11,[ 20:38 ],1,422
15639,2014-05-11,[ 20:39 ],1,411
15640,2014-05-11,[ 20:40 ],1,809
15641,2014-05-11,[ 20:41 ],1,809
15642,2014-05-11,[ 20:42 ],1,525
15643,2014-05-11,[ 20:43 ],1,533
15644,2014-05-11,[ 20:44 ],1,523
15645,2014-05-11,[ 20:45 ],1,508
15646,2014-05-11,[ 20:46 ],1,498
15647,2014-05-11,[ 20:47 ],1,481
15648,2014-05-11,[ 20:48 ],1,504
15649,2014-05-11,[ 20:49 ],1,492
15650,2014-05-11,[ 20:50 ],1,482
15651,2014-05-11,[ 20:51 ],1,491
15652,2014-05-11,[ 20:52 ],1,492
15653,2014-05-11,[ 20:53 ],1,429
15654,2014-05-11,[ 20:54 ],1,433
15655,2014-05-11,[ 20:55 ],1,413
15656,2014-05-11,[ 20:56 ],1,417
15657,2014-05-11,[ 20:57 ],1,413
15658,2014-05-11,[ 20:58 ],1,409
15659,2014-05-11,[ 20:59 ],1,403
15660,2014-05-11,[ 21:00 ],1,411
15661,2014-05-11,[ 21:01 ],1,407
15662,2014-05-11,[ 21:02 ],1,403
15663,2014-05-11,[ 21:03 ],1,405
15664,2014-05-11,[ 21:04 ],1,398
15665,2014-05-11,[ 21:05 ],1,401
15666,2014-05-11,[ 21:06 ],1,393
15667,2014-05-11,[ 21:07 ],1,397
15668,2014-05-11,[ 21:08 ],1,412
15669,2014-05-11,[ 21:09 ],1,491
15670,2014-05-11,[ 21:10 ],1,499
15671,2014-05-11,[ 21:11 ],1,493
15672,2014-05-11,[ 21:12 ],1,487
15673,2014-05-11,[ 21:13 ],1,478
15674,2014-05-11,[ 21:14 ],1,463
15675,2014-05-11,[ 21:15 ],1,391
15676,2014-05-11,[ 21:16 ],1,386
15677,2014-05-11,[ 21:17 ],1,383
15678,2014-05-11,[ 21:18 ],1,380
15679,2014-05-11,[ 21:19 ],1,372
15680,2014-05-11,[ 21:20 ],1,404
15681,2014-05-11,[ 21:21 ],1,446
15682,2014-05-11,[ 21:22 ],1,422
15683,2014-05-11,[ 21:23 ],1,432
15684,2014-05-11,[ 21:24 ],1,405
15685,2014-05-11,[ 21:25 ],1,437
15686,2014-05-11,[ 21:26 ],1,438
15687,2014-05-11,[ 21:27 ],1,436
15688,2014-05-11,[ 21:28 ],1,441
15689,2014-05-11,[ 21:29 ],1,464
15690,2014-05-11,[ 21:30 ],1,468
15691,2014-05-11,[ 21:31 ],1,457
15692,2014-05-11,[ 21:32 ],1,443
15693,2014-05-11,[ 21:33 ],1,443
15694,2014-05-11,[ 21:34 ],1,439
15695,2014-05-11,[ 21:35 ],1,439
15696,2014-05-11,[ 21:36 ],1,401
15697,2014-05-11,[ 21:37 ],1,331
15698,2014-05-11,[ 21:38 ],1,350
15699,2014-05-11,[ 21:39 ],1,2602
15700,2014-05-11,[ 21:40 ],1,2602
15701,2014-05-11,[ 21:41 ],1,2597
15702,2014-05-11,[ 21:42 ],1,2624
15703,2014-05-11,[ 21:43 ],1,2615
15704,2014-05-11,[ 21:44 ],1,2616
15705,2014-05-11,[ 21:45 ],1,2610
15706,2014-05-11,[ 21:46 ],1,2614
15707,2014-05-11,[ 21:47 ],1,2616
15708,2014-05-11,[ 21:48 ],1,2612
15709,2014-05-11,[ 21:49 ],1,2618
15710,2014-05-11,[ 21:50 ],1,336
15711,2014-05-11,[ 21:51 ],1,337
15712,2014-05-11,[ 21:52 ],1,335
15713,2014-05-11,[ 21:53 ],1,335
15714,2014-05-11,[ 21:54 ],1,335
15715,2014-05-11,[ 21:55 ],1,335
15716,2014-05-11,[ 21:56 ],1,333
15717,2014-05-11,[ 21:57 ],1,335
15718,2014-05-11,[ 21:58 ],1,335
15719,2014-05-11,[ 21:59 ],1,334
15720,2014-05-11,[ 22:00 ],1,336
15721,2014-05-11,[ 22:01 ],1,335
15722,2014-05-11,[ 22:02 ],1,334
15723,2014-05-11,[ 22:03 ],1,335
15724,2014-05-11,[ 22:04 ],1,335
15725,2014-05-11,[ 22:05 ],1,335
15726,2014-05-11,[ 22:06 ],1,334
15727,2014-05-11,[ 22:07 ],1,332
15728,2014-05-11,[ 22:08 ],1,334
15729,2014-05-11,[ 22:09 ],1,336
15730,2014-05-11,[ 22:10 ],1,335
15731,2014-05-11,[ 22:11 ],1,335
15732,2014-05-11,[ 22:12 ],1,323
15733,2014-05-11,[ 22:13 ],1,323
15734,2014-05-11,[ 22:14 ],1,323
15735,2014-05-11,[ 22:15 ],1,318
15736,2014-05-11,[ 22:16 ],1,320
15737,2014-05-11,[ 22:17 ],1,412
15738,2014-05-11,[ 22:18 ],1,409
15739,2014-05-11,[ 22:19 ],1,402
15740,2014-05-11,[ 22:20 ],1,402
15741,2014-05-11,[ 22:21 ],1,403
15742,2014-05-11,[ 22:22 ],1,400
15743,2014-05-11,[ 22:23 ],1,399
15744,2014-05-11,[ 22:24 ],1,391
15745,2014-05-11,[ 22:25 ],1,393
15746,2014-05-11,[ 22:26 ],1,392
15747,2014-05-11,[ 22:27 ],1,393
15748,2014-05-11,[ 22:28 ],1,393
15749,2014-05-11,[ 22:29 ],1,359
15750,2014-05-11,[ 22:30 ],1,240
15751,2014-05-11,[ 22:31 ],1,322
15752,2014-05-11,[ 22:32 ],1,321
15753,2014-05-11,[ 22:33 ],1,322
15754,2014-05-11,[ 22:34 ],1,321
15755,2014-05-11,[ 22:35 ],1,321
15756,2014-05-11,[ 22:36 ],1,321
15757,2014-05-11,[ 22:37 ],1,319
15758,2014-05-11,[ 22:38 ],1,318
15759,2014-05-11,[ 22:39 ],1,420
15760,2014-05-11,[ 22:40 ],1,394
15761,2014-05-11,[ 22:41 ],1,424
15762,2014-05-11,[ 22:42 ],1,2676
15763,2014-05-11,[ 22:43 ],1,2652
15764,2014-05-11,[ 22:44 ],1,2644
15765,2014-05-11,[ 22:45 ],1,2651
15766,2014-05-11,[ 22:46 ],1,2652
15767,2014-05-11,[ 22:47 ],1,2653
15768,2014-05-11,[ 22:48 ],1,2657
15769,2014-05-11,[ 22:49 ],1,2660
15770,2014-05-11,[ 22:50 ],1,2635
15771,2014-05-11,[ 22:51 ],1,2671
15772,2014-05-11,[ 22:52 ],1,2654
15773,2014-05-11,[ 22:53 ],1,2665
15774,2014-05-11,[ 22:54 ],1,2659
15775,2014-05-11,[ 22:55 ],1,2663
15776,2014-05-11,[ 22:56 ],1,2658
15777,2014-05-11,[ 22:57 ],1,2602
15778,2014-05-11,[ 22:58 ],1,2602
15779,2014-05-11,[ 22:59 ],1,311
15780,2014-05-11,[ 23:00 ],1,292
15781,2014-05-11,[ 23:01 ],1,291
15782,2014-05-11,[ 23:02 ],1,287
15783,2014-05-11,[ 23:03 ],1,286
15784,2014-05-11,[ 23:04 ],1,217
15785,2014-05-11,[ 23:05 ],1,215
15786,2014-05-11,[ 23:06 ],1,216
15787,2014-05-11,[ 23:07 ],1,215
15788,2014-05-11,[ 23:08 ],1,212
15789,2014-05-11,[ 23:09 ],1,214
15790,2014-05-11,[ 23:10 ],1,215
15791,2014-05-11,[ 23:11 ],1,213
15792,2014-05-11,[ 23:12 ],1,213
15793,2014-05-11,[ 23:13 ],1,231
15794,2014-05-11,[ 23:14 ],1,231
15795,2014-05-11,[ 23:15 ],1,165
15796,2014-05-11,[ 23:16 ],1,165
15797,2014-05-11,[ 23:17 ],1,165
15798,2014-05-11,[ 23:18 ],1,166
15799,2014-05-11,[ 23:19 ],1,163
15800,2014-05-11,[ 23:20 ],1,163
15801,2014-05-11,[ 23:21 ],1,163
15802,2014-05-11,[ 23:22 ],1,162
15803,2014-05-11,[ 23:23 ],1,163
15804,2014-05-11,[ 23:24 ],1,163
15805,2014-05-11,[ 23:25 ],1,163
15806,2014-05-11,[ 23:26 ],1,163
15807,2014-05-11,[ 23:27 ],1,163
15808,2014-05-11,[ 23:28 ],1,163
15809,2014-05-11,[ 23:29 ],1,163
15810,2014-05-11,[ 23:30 ],1,163
15811,2014-05-11,[ 23:31 ],1,163
15812,2014-05-11,[ 23:32 ],1,165
15813,2014-05-11,[ 23:33 ],1,163
15814,2014-05-11,[ 23:34 ],1,163
15815,2014-05-11,[ 23:35 ],1,165
15816,2014-05-11,[ 23:36 ],1,163
15817,2014-05-11,[ 23:37 ],1,163
15818,2014-05-11,[ 23:38 ],1,165
15819,2014-05-11,[ 23:39 ],1,163
15820,2014-05-11,[ 23:40 ],1,163
15821,2014-05-11,[ 23:41 ],1,165
15822,2014-05-11,[ 23:42 ],1,162
15823,2014-05-11,[ 23:43 ],1,163
15824,2014-05-11,[ 23:44 ],1,232
15825,2014-05-11,[ 23:45 ],1,226
15826,2014-05-11,[ 23:46 ],1,224
15827,2014-05-11,[ 23:47 ],1,221
15828,2014-05-11,[ 23:48 ],1,222
15829,2014-05-11,[ 23:49 ],1,223
15830,2014-05-11,[ 23:50 ],1,222
15831,2014-05-11,[ 23:51 ],1,219
15832,2014-05-11,[ 23:52 ],1,218
15833,2014-05-11,[ 23:53 ],1,219
15834,2014-05-11,[ 23:54 ],1,219
15835,2014-05-11,[ 23:55 ],1,215
15836,2014-05-11,[ 23:56 ],1,163
15837,2014-05-11,[ 23:57 ],1,163
15838,2014-05-11,[ 23:58 ],1,163
15839,2014-05-11,[ 23:59 ],1,163
15840,2014-05-12,[ 00:00 ],0,163
15841,2014-05-12,[ 00:01 ],0,163
15842,2014-05-12,[ 00:02 ],0,166
15843,2014-05-12,[ 00:03 ],0,166
15844,2014-05-12,[ 00:04 ],0,166
15845,2014-05-12,[ 00:05 ],0,165
15846,2014-05-12,[ 00:06 ],0,163
15847,2014-05-12,[ 00:07 ],0,163
15848,2014-05-12,[ 00:08 ],0,163
15849,2014-05-12,[ 00:09 ],0,163
15850,2014-05-12,[ 00:10 ],0,163
15851,2014-05-12,[ 00:11 ],0,163
15852,2014-05-12,[ 00:12 ],0,162
15853,2014-05-12,[ 00:13 ],0,223
15854,2014-05-12,[ 00:14 ],0,225
15855,2014-05-12,[ 00:15 ],0,223
15856,2014-05-12,[ 00:16 ],0,224
15857,2014-05-12,[ 00:17 ],0,225
15858,2014-05-12,[ 00:18 ],0,225
15859,2014-05-12,[ 00:19 ],0,242
15860,2014-05-12,[ 00:20 ],0,246
15861,2014-05-12,[ 00:21 ],0,242
15862,2014-05-12,[ 00:22 ],0,241
15863,2014-05-12,[ 00:23 ],0,242
15864,2014-05-12,[ 00:24 ],0,241
15865,2014-05-12,[ 00:25 ],0,240
15866,2014-05-12,[ 00:26 ],0,240
15867,2014-05-12,[ 00:27 ],0,240
15868,2014-05-12,[ 00:28 ],0,239
15869,2014-05-12,[ 00:29 ],0,238
15870,2014-05-12,[ 00:30 ],0,240
15871,2014-05-12,[ 00:31 ],0,242
15872,2014-05-12,[ 00:32 ],0,242
15873,2014-05-12,[ 00:33 ],0,266
15874,2014-05-12,[ 00:34 ],0,271
15875,2014-05-12,[ 00:35 ],0,266
15876,2014-05-12,[ 00:36 ],0,262
15877,2014-05-12,[ 00:37 ],0,266
15878,2014-05-12,[ 00:38 ],0,266
15879,2014-05-12,[ 00:39 ],0,262
15880,2014-05-12,[ 00:40 ],0,199
15881,2014-05-12,[ 00:41 ],0,199
15882,2014-05-12,[ 00:42 ],0,189
15883,2014-05-12,[ 00:43 ],0,163
15884,2014-05-12,[ 00:44 ],0,163
15885,2014-05-12,[ 00:45 ],0,163
15886,2014-05-12,[ 00:46 ],0,163
15887,2014-05-12,[ 00:47 ],0,163
15888,2014-05-12,[ 00:48 ],0,162
15889,2014-05-12,[ 00:49 ],0,174
15890,2014-05-12,[ 00:50 ],0,163
15891,2014-05-12,[ 00:51 ],0,163
15892,2014-05-12,[ 00:52 ],0,163
15893,2014-05-12,[ 00:53 ],0,165
15894,2014-05-12,[ 00:54 ],0,163
15895,2014-05-12,[ 00:55 ],0,163
15896,2014-05-12,[ 00:56 ],0,162
15897,2014-05-12,[ 00:57 ],0,163
15898,2014-05-12,[ 00:58 ],0,163
15899,2014-05-12,[ 00:59 ],0,162
15900,2014-05-12,[ 01:00 ],0,165
15901,2014-05-12,[ 01:01 ],0,166
15902,2014-05-12,[ 01:02 ],0,162
15903,2014-05-12,[ 01:03 ],0,163
15904,2014-05-12,[ 01:04 ],0,163
15905,2014-05-12,[ 01:05 ],0,163
15906,2014-05-12,[ 01:06 ],0,162
15907,2014-05-12,[ 01:07 ],0,162
15908,2014-05-12,[ 01:08 ],0,161
15909,2014-05-12,[ 01:09 ],0,162
15910,2014-05-12,[ 01:10 ],0,163
15911,2014-05-12,[ 01:11 ],0,163
15912,2014-05-12,[ 01:12 ],0,163
15913,2014-05-12,[ 01:13 ],0,163
15914,2014-05-12,[ 01:14 ],0,162
15915,2014-05-12,[ 01:15 ],0,163
15916,2014-05-12,[ 01:16 ],0,161
15917,2014-05-12,[ 01:17 ],0,161
15918,2014-05-12,[ 01:18 ],0,161
15919,2014-05-12,[ 01:19 ],0,162
15920,2014-05-12,[ 01:20 ],0,163
15921,2014-05-12,[ 01:21 ],0,163
15922,2014-05-12,[ 01:22 ],0,163
15923,2014-05-12,[ 01:23 ],0,232
15924,2014-05-12,[ 01:24 ],0,224
15925,2014-05-12,[ 01:25 ],0,223
15926,2014-05-12,[ 01:26 ],0,223
15927,2014-05-12,[ 01:27 ],0,223
15928,2014-05-12,[ 01:28 ],0,221
15929,2014-05-12,[ 01:29 ],0,222
15930,2014-05-12,[ 01:30 ],0,219
15931,2014-05-12,[ 01:31 ],0,218
15932,2014-05-12,[ 01:32 ],0,218
15933,2014-05-12,[ 01:33 ],0,219
15934,2014-05-12,[ 01:34 ],0,216
15935,2014-05-12,[ 01:35 ],0,163
15936,2014-05-12,[ 01:36 ],0,163
15937,2014-05-12,[ 01:37 ],0,163
15938,2014-05-12,[ 01:38 ],0,165
15939,2014-05-12,[ 01:39 ],0,163
15940,2014-05-12,[ 01:40 ],0,163
15941,2014-05-12,[ 01:41 ],0,161
15942,2014-05-12,[ 01:42 ],0,163
15943,2014-05-12,[ 01:43 ],0,162
15944,2014-05-12,[ 01:44 ],0,163
15945,2014-05-12,[ 01:45 ],0,163
15946,2014-05-12,[ 01:46 ],0,163
15947,2014-05-12,[ 01:47 ],0,162
15948,2014-05-12,[ 01:48 ],0,162
15949,2014-05-12,[ 01:49 ],0,161
15950,2014-05-12,[ 01:50 ],0,162
15951,2014-05-12,[ 01:51 ],0,224
15952,2014-05-12,[ 01:52 ],0,223
15953,2014-05-12,[ 01:53 ],0,219
15954,2014-05-12,[ 01:54 ],0,223
15955,2014-05-12,[ 01:55 ],0,226
15956,2014-05-12,[ 01:56 ],0,225
15957,2014-05-12,[ 01:57 ],0,227
15958,2014-05-12,[ 01:58 ],0,226
15959,2014-05-12,[ 01:59 ],0,221
15960,2014-05-12,[ 02:00 ],0,223
15961,2014-05-12,[ 02:01 ],0,225
15962,2014-05-12,[ 02:02 ],0,225
15963,2014-05-12,[ 02:03 ],0,224
15964,2014-05-12,[ 02:04 ],0,224
15965,2014-05-12,[ 02:05 ],0,223
15966,2014-05-12,[ 02:06 ],0,222
15967,2014-05-12,[ 02:07 ],0,223
15968,2014-05-12,[ 02:08 ],0,222
15969,2014-05-12,[ 02:09 ],0,224
15970,2014-05-12,[ 02:10 ],0,227
15971,2014-05-12,[ 02:11 ],0,224
15972,2014-05-12,[ 02:12 ],0,222
15973,2014-05-12,[ 02:13 ],0,222
15974,2014-05-12,[ 02:14 ],0,219
15975,2014-05-12,[ 02:15 ],0,219
15976,2014-05-12,[ 02:16 ],0,216
15977,2014-05-12,[ 02:17 ],0,166
15978,2014-05-12,[ 02:18 ],0,165
15979,2014-05-12,[ 02:19 ],0,163
15980,2014-05-12,[ 02:20 ],0,163
15981,2014-05-12,[ 02:21 ],0,165
15982,2014-05-12,[ 02:22 ],0,163
15983,2014-05-12,[ 02:23 ],0,163
15984,2014-05-12,[ 02:24 ],0,163
15985,2014-05-12,[ 02:25 ],0,163
15986,2014-05-12,[ 02:26 ],0,163
15987,2014-05-12,[ 02:27 ],0,163
15988,2014-05-12,[ 02:28 ],0,163
15989,2014-05-12,[ 02:29 ],0,163
15990,2014-05-12,[ 02:30 ],0,163
15991,2014-05-12,[ 02:31 ],0,162
15992,2014-05-12,[ 02:32 ],0,163
15993,2014-05-12,[ 02:33 ],0,163
15994,2014-05-12,[ 02:34 ],0,163
15995,2014-05-12,[ 02:35 ],0,162
15996,2014-05-12,[ 02:36 ],0,163
15997,2014-05-12,[ 02:37 ],0,163
15998,2014-05-12,[ 02:38 ],0,163
15999,2014-05-12,[ 02:39 ],0,163
16000,2014-05-12,[ 02:40 ],0,163
16001,2014-05-12,[ 02:41 ],0,163
16002,2014-05-12,[ 02:42 ],0,163
16003,2014-05-12,[ 02:43 ],0,165
16004,2014-05-12,[ 02:44 ],0,165
16005,2014-05-12,[ 02:45 ],0,163
16006,2014-05-12,[ 02:46 ],0,163
16007,2014-05-12,[ 02:47 ],0,163
16008,2014-05-12,[ 02:48 ],0,163
16009,2014-05-12,[ 02:49 ],0,163
16010,2014-05-12,[ 02:50 ],0,163
16011,2014-05-12,[ 02:51 ],0,165
16012,2014-05-12,[ 02:52 ],0,165
16013,2014-05-12,[ 02:53 ],0,165
16014,2014-05-12,[ 02:54 ],0,165
16015,2014-05-12,[ 02:55 ],0,163
16016,2014-05-12,[ 02:56 ],0,165
16017,2014-05-12,[ 02:57 ],0,163
16018,2014-05-12,[ 02:58 ],0,163
16019,2014-05-12,[ 02:59 ],0,163
16020,2014-05-12,[ 03:00 ],0,236
16021,2014-05-12,[ 03:01 ],0,236
16022,2014-05-12,[ 03:02 ],0,224
16023,2014-05-12,[ 03:03 ],0,226
16024,2014-05-12,[ 03:04 ],0,223
16025,2014-05-12,[ 03:05 ],0,222
16026,2014-05-12,[ 03:06 ],0,222
16027,2014-05-12,[ 03:07 ],0,222
16028,2014-05-12,[ 03:08 ],0,221
16029,2014-05-12,[ 03:09 ],0,216
16030,2014-05-12,[ 03:10 ],0,217
16031,2014-05-12,[ 03:11 ],0,219
16032,2014-05-12,[ 03:12 ],0,163
16033,2014-05-12,[ 03:13 ],0,165
16034,2014-05-12,[ 03:14 ],0,165
16035,2014-05-12,[ 03:15 ],0,163
16036,2014-05-12,[ 03:16 ],0,165
16037,2014-05-12,[ 03:17 ],0,163
16038,2014-05-12,[ 03:18 ],0,163
16039,2014-05-12,[ 03:19 ],0,163
16040,2014-05-12,[ 03:20 ],0,165
16041,2014-05-12,[ 03:21 ],0,163
16042,2014-05-12,[ 03:22 ],0,165
16043,2014-05-12,[ 03:23 ],0,163
16044,2014-05-12,[ 03:24 ],0,165
16045,2014-05-12,[ 03:25 ],0,163
16046,2014-05-12,[ 03:26 ],0,163
16047,2014-05-12,[ 03:27 ],0,163
16048,2014-05-12,[ 03:28 ],0,163
16049,2014-05-12,[ 03:29 ],0,163
16050,2014-05-12,[ 03:30 ],0,163
16051,2014-05-12,[ 03:31 ],0,226
16052,2014-05-12,[ 03:32 ],0,224
16053,2014-05-12,[ 03:33 ],0,221
16054,2014-05-12,[ 03:34 ],0,225
16055,2014-05-12,[ 03:35 ],0,224
16056,2014-05-12,[ 03:36 ],0,228
16057,2014-05-12,[ 03:37 ],0,227
16058,2014-05-12,[ 03:38 ],0,223
16059,2014-05-12,[ 03:39 ],0,227
16060,2014-05-12,[ 03:40 ],0,226
16061,2014-05-12,[ 03:41 ],0,224
16062,2014-05-12,[ 03:42 ],0,224
16063,2014-05-12,[ 03:43 ],0,223
16064,2014-05-12,[ 03:44 ],0,223
16065,2014-05-12,[ 03:45 ],0,225
16066,2014-05-12,[ 03:46 ],0,225
16067,2014-05-12,[ 03:47 ],0,225
16068,2014-05-12,[ 03:48 ],0,223
16069,2014-05-12,[ 03:49 ],0,223
16070,2014-05-12,[ 03:50 ],0,228
16071,2014-05-12,[ 03:51 ],0,225
16072,2014-05-12,[ 03:52 ],0,222
16073,2014-05-12,[ 03:53 ],0,219
16074,2014-05-12,[ 03:54 ],0,219
16075,2014-05-12,[ 03:55 ],0,221
16076,2014-05-12,[ 03:56 ],0,260
16077,2014-05-12,[ 03:57 ],0,260
16078,2014-05-12,[ 03:58 ],0,196
16079,2014-05-12,[ 03:59 ],0,201
16080,2014-05-12,[ 04:00 ],0,202
16081,2014-05-12,[ 04:01 ],0,202
16082,2014-05-12,[ 04:02 ],0,417
16083,2014-05-12,[ 04:03 ],0,420
16084,2014-05-12,[ 04:04 ],0,417
16085,2014-05-12,[ 04:05 ],0,416
16086,2014-05-12,[ 04:06 ],0,415
16087,2014-05-12,[ 04:07 ],0,414
16088,2014-05-12,[ 04:08 ],0,369
16089,2014-05-12,[ 04:09 ],0,366
16090,2014-05-12,[ 04:10 ],0,369
16091,2014-05-12,[ 04:11 ],0,369
16092,2014-05-12,[ 04:12 ],0,368
16093,2014-05-12,[ 04:13 ],0,370
16094,2014-05-12,[ 04:14 ],0,370
16095,2014-05-12,[ 04:15 ],0,165
16096,2014-05-12,[ 04:16 ],0,161
16097,2014-05-12,[ 04:17 ],0,162
16098,2014-05-12,[ 04:18 ],0,163
16099,2014-05-12,[ 04:19 ],0,163
16100,2014-05-12,[ 04:20 ],0,160
16101,2014-05-12,[ 04:21 ],0,162
16102,2014-05-12,[ 04:22 ],0,160
16103,2014-05-12,[ 04:23 ],0,161
16104,2014-05-12,[ 04:24 ],0,161
16105,2014-05-12,[ 04:25 ],0,161
16106,2014-05-12,[ 04:26 ],0,162
16107,2014-05-12,[ 04:27 ],0,288
16108,2014-05-12,[ 04:28 ],0,288
16109,2014-05-12,[ 04:29 ],0,236
16110,2014-05-12,[ 04:30 ],0,237
16111,2014-05-12,[ 04:31 ],0,246
16112,2014-05-12,[ 04:32 ],0,243
16113,2014-05-12,[ 04:33 ],0,245
16114,2014-05-12,[ 04:34 ],0,238
16115,2014-05-12,[ 04:35 ],0,234
16116,2014-05-12,[ 04:36 ],0,231
16117,2014-05-12,[ 04:37 ],0,228
16118,2014-05-12,[ 04:38 ],0,226
16119,2014-05-12,[ 04:39 ],0,223
16120,2014-05-12,[ 04:40 ],0,225
16121,2014-05-12,[ 04:41 ],0,219
16122,2014-05-12,[ 04:42 ],0,223
16123,2014-05-12,[ 04:43 ],0,221
16124,2014-05-12,[ 04:44 ],0,219
16125,2014-05-12,[ 04:45 ],0,235
16126,2014-05-12,[ 04:46 ],0,238
16127,2014-05-12,[ 04:47 ],0,238
16128,2014-05-12,[ 04:48 ],0,236
16129,2014-05-12,[ 04:49 ],0,236
16130,2014-05-12,[ 04:50 ],0,235
16131,2014-05-12,[ 04:51 ],0,235
16132,2014-05-12,[ 04:52 ],0,234
16133,2014-05-12,[ 04:53 ],0,231
16134,2014-05-12,[ 04:54 ],0,231
16135,2014-05-12,[ 04:55 ],0,231
16136,2014-05-12,[ 04:56 ],0,232
16137,2014-05-12,[ 04:57 ],0,211
16138,2014-05-12,[ 04:58 ],0,247
16139,2014-05-12,[ 04:59 ],0,256
16140,2014-05-12,[ 05:00 ],0,231
16141,2014-05-12,[ 05:01 ],0,261
16142,2014-05-12,[ 05:02 ],0,288
16143,2014-05-12,[ 05:03 ],0,284
16144,2014-05-12,[ 05:04 ],0,235
16145,2014-05-12,[ 05:05 ],0,265
16146,2014-05-12,[ 05:06 ],0,252
16147,2014-05-12,[ 05:07 ],0,254
16148,2014-05-12,[ 05:08 ],0,301
16149,2014-05-12,[ 05:09 ],0,313
16150,2014-05-12,[ 05:10 ],0,293
16151,2014-05-12,[ 05:11 ],0,309
16152,2014-05-12,[ 05:12 ],0,324
16153,2014-05-12,[ 05:13 ],0,324
16154,2014-05-12,[ 05:14 ],0,308
16155,2014-05-12,[ 05:15 ],0,316
16156,2014-05-12,[ 05:16 ],0,318
16157,2014-05-12,[ 05:17 ],0,328
16158,2014-05-12,[ 05:18 ],0,295
16159,2014-05-12,[ 05:19 ],0,250
16160,2014-05-12,[ 05:20 ],0,250
16161,2014-05-12,[ 05:21 ],0,247
16162,2014-05-12,[ 05:22 ],0,247
16163,2014-05-12,[ 05:23 ],0,226
16164,2014-05-12,[ 05:24 ],0,2648
16165,2014-05-12,[ 05:25 ],0,2688
16166,2014-05-12,[ 05:26 ],0,2642
16167,2014-05-12,[ 05:27 ],0,292
16168,2014-05-12,[ 05:28 ],0,249
16169,2014-05-12,[ 05:29 ],0,229
16170,2014-05-12,[ 05:30 ],0,235
16171,2014-05-12,[ 05:31 ],0,238
16172,2014-05-12,[ 05:32 ],0,188
16173,2014-05-12,[ 05:33 ],0,177
16174,2014-05-12,[ 05:34 ],0,177
16175,2014-05-12,[ 05:35 ],0,178
16176,2014-05-12,[ 05:36 ],0,178
16177,2014-05-12,[ 05:37 ],0,178
16178,2014-05-12,[ 05:38 ],0,180
16179,2014-05-12,[ 05:39 ],0,177
16180,2014-05-12,[ 05:40 ],0,177
16181,2014-05-12,[ 05:41 ],0,176
16182,2014-05-12,[ 05:42 ],0,176
16183,2014-05-12,[ 05:43 ],0,174
16184,2014-05-12,[ 05:44 ],0,175
16185,2014-05-12,[ 05:45 ],0,174
16186,2014-05-12,[ 05:46 ],0,175
16187,2014-05-12,[ 05:47 ],0,176
16188,2014-05-12,[ 05:48 ],0,178
16189,2014-05-12,[ 05:49 ],0,175
16190,2014-05-12,[ 05:50 ],0,176
16191,2014-05-12,[ 05:51 ],0,176
16192,2014-05-12,[ 05:52 ],0,176
16193,2014-05-12,[ 05:53 ],0,177
16194,2014-05-12,[ 05:54 ],0,249
16195,2014-05-12,[ 05:55 ],0,249
16196,2014-05-12,[ 05:56 ],0,240
16197,2014-05-12,[ 05:57 ],0,223
16198,2014-05-12,[ 05:58 ],0,222
16199,2014-05-12,[ 05:59 ],0,222
16200,2014-05-12,[ 06:00 ],0,224
16201,2014-05-12,[ 06:01 ],0,222
16202,2014-05-12,[ 06:02 ],0,218
16203,2014-05-12,[ 06:03 ],0,221
16204,2014-05-12,[ 06:04 ],0,216
16205,2014-05-12,[ 06:05 ],0,218
16206,2014-05-12,[ 06:06 ],0,213
16207,2014-05-12,[ 06:07 ],0,163
16208,2014-05-12,[ 06:08 ],0,163
16209,2014-05-12,[ 06:09 ],0,161
16210,2014-05-12,[ 06:10 ],0,163
16211,2014-05-12,[ 06:11 ],0,162
16212,2014-05-12,[ 06:12 ],0,165
16213,2014-05-12,[ 06:13 ],0,163
16214,2014-05-12,[ 06:14 ],0,163
16215,2014-05-12,[ 06:15 ],0,163
16216,2014-05-12,[ 06:16 ],0,165
16217,2014-05-12,[ 06:17 ],0,163
16218,2014-05-12,[ 06:18 ],0,163
16219,2014-05-12,[ 06:19 ],0,163
16220,2014-05-12,[ 06:20 ],0,163
16221,2014-05-12,[ 06:21 ],0,166
16222,2014-05-12,[ 06:22 ],0,163
16223,2014-05-12,[ 06:23 ],0,163
16224,2014-05-12,[ 06:24 ],0,219
16225,2014-05-12,[ 06:25 ],0,218
16226,2014-05-12,[ 06:26 ],0,214
16227,2014-05-12,[ 06:27 ],0,232
16228,2014-05-12,[ 06:28 ],0,253
16229,2014-05-12,[ 06:29 ],0,257
16230,2014-05-12,[ 06:30 ],0,254
16231,2014-05-12,[ 06:31 ],0,253
16232,2014-05-12,[ 06:32 ],0,252
16233,2014-05-12,[ 06:33 ],0,248
16234,2014-05-12,[ 06:34 ],0,235
16235,2014-05-12,[ 06:35 ],0,226
16236,2014-05-12,[ 06:36 ],0,215
16237,2014-05-12,[ 06:37 ],0,204
16238,2014-05-12,[ 06:38 ],0,201
16239,2014-05-12,[ 06:39 ],0,202
16240,2014-05-12,[ 06:40 ],0,195
16241,2014-05-12,[ 06:41 ],0,194
16242,2014-05-12,[ 06:42 ],0,191
16243,2014-05-12,[ 06:43 ],0,195
16244,2014-05-12,[ 06:44 ],0,195
16245,2014-05-12,[ 06:45 ],0,193
16246,2014-05-12,[ 06:46 ],0,194
16247,2014-05-12,[ 06:47 ],0,193
16248,2014-05-12,[ 06:48 ],0,2675
16249,2014-05-12,[ 06:49 ],0,2623
16250,2014-05-12,[ 06:50 ],0,2615
16251,2014-05-12,[ 06:51 ],0,354
16252,2014-05-12,[ 06:52 ],0,337
16253,2014-05-12,[ 06:53 ],0,1952
16254,2014-05-12,[ 06:54 ],0,1951
16255,2014-05-12,[ 06:55 ],0,1975
16256,2014-05-12,[ 06:56 ],0,1963
16257,2014-05-12,[ 06:57 ],0,409
16258,2014-05-12,[ 06:58 ],0,372
16259,2014-05-12,[ 06:59 ],0,365
16260,2014-05-12,[ 07:00 ],0,320
16261,2014-05-12,[ 07:01 ],0,449
16262,2014-05-12,[ 07:02 ],0,406
16263,2014-05-12,[ 07:03 ],0,410
16264,2014-05-12,[ 07:04 ],0,361
16265,2014-05-12,[ 07:05 ],0,350
16266,2014-05-12,[ 07:06 ],0,353
16267,2014-05-12,[ 07:07 ],0,343
16268,2014-05-12,[ 07:08 ],0,354
16269,2014-05-12,[ 07:09 ],0,351
16270,2014-05-12,[ 07:10 ],0,375
16271,2014-05-12,[ 07:11 ],0,382
16272,2014-05-12,[ 07:12 ],0,390
16273,2014-05-12,[ 07:13 ],0,389
16274,2014-05-12,[ 07:14 ],0,383
16275,2014-05-12,[ 07:15 ],0,389
16276,2014-05-12,[ 07:16 ],0,385
16277,2014-05-12,[ 07:17 ],0,415
16278,2014-05-12,[ 07:18 ],0,445
16279,2014-05-12,[ 07:19 ],0,412
16280,2014-05-12,[ 07:20 ],0,403
16281,2014-05-12,[ 07:21 ],0,312
16282,2014-05-12,[ 07:22 ],0,301
16283,2014-05-12,[ 07:23 ],0,285
16284,2014-05-12,[ 07:24 ],0,270
16285,2014-05-12,[ 07:25 ],0,259
16286,2014-05-12,[ 07:26 ],0,256
16287,2014-05-12,[ 07:27 ],0,253
16288,2014-05-12,[ 07:28 ],0,283
16289,2014-05-12,[ 07:29 ],0,288
16290,2014-05-12,[ 07:30 ],0,305
16291,2014-05-12,[ 07:31 ],0,310
16292,2014-05-12,[ 07:32 ],0,295
16293,2014-05-12,[ 07:33 ],0,311
16294,2014-05-12,[ 07:34 ],0,292
16295,2014-05-12,[ 07:35 ],0,308
16296,2014-05-12,[ 07:36 ],0,294
16297,2014-05-12,[ 07:37 ],0,304
16298,2014-05-12,[ 07:38 ],0,278
16299,2014-05-12,[ 07:39 ],0,282
16300,2014-05-12,[ 07:40 ],0,285
16301,2014-05-12,[ 07:41 ],0,269
16302,2014-05-12,[ 07:42 ],0,300
16303,2014-05-12,[ 07:43 ],0,300
16304,2014-05-12,[ 07:44 ],0,283
16305,2014-05-12,[ 07:45 ],0,289
16306,2014-05-12,[ 07:46 ],0,283
16307,2014-05-12,[ 07:47 ],0,300
16308,2014-05-12,[ 07:48 ],0,285
16309,2014-05-12,[ 07:49 ],0,305
16310,2014-05-12,[ 07:50 ],0,295
16311,2014-05-12,[ 07:51 ],0,295
16312,2014-05-12,[ 07:52 ],0,288
16313,2014-05-12,[ 07:53 ],0,284
16314,2014-05-12,[ 07:54 ],0,285
16315,2014-05-12,[ 07:55 ],0,283
16316,2014-05-12,[ 07:56 ],0,277
16317,2014-05-12,[ 07:57 ],0,273
16318,2014-05-12,[ 07:58 ],0,298
16319,2014-05-12,[ 07:59 ],0,294
16320,2014-05-12,[ 08:00 ],0,293
16321,2014-05-12,[ 08:01 ],0,289
16322,2014-05-12,[ 08:02 ],0,294
16323,2014-05-12,[ 08:03 ],0,277
16324,2014-05-12,[ 08:04 ],0,1966
16325,2014-05-12,[ 08:05 ],0,377
16326,2014-05-12,[ 08:06 ],0,363
16327,2014-05-12,[ 08:07 ],0,354
16328,2014-05-12,[ 08:08 ],0,374
16329,2014-05-12,[ 08:09 ],0,305
16330,2014-05-12,[ 08:10 ],0,320
16331,2014-05-12,[ 08:11 ],0,319
16332,2014-05-12,[ 08:12 ],0,326
16333,2014-05-12,[ 08:13 ],0,326
16334,2014-05-12,[ 08:14 ],0,315
16335,2014-05-12,[ 08:15 ],0,323
16336,2014-05-12,[ 08:16 ],0,318
16337,2014-05-12,[ 08:17 ],0,336
16338,2014-05-12,[ 08:18 ],0,321
16339,2014-05-12,[ 08:19 ],0,323
16340,2014-05-12,[ 08:20 ],0,313
16341,2014-05-12,[ 08:21 ],0,326
16342,2014-05-12,[ 08:22 ],0,308
16343,2014-05-12,[ 08:23 ],0,318
16344,2014-05-12,[ 08:24 ],0,318
16345,2014-05-12,[ 08:25 ],0,310
16346,2014-05-12,[ 08:26 ],0,305
16347,2014-05-12,[ 08:27 ],0,305
16348,2014-05-12,[ 08:28 ],0,311
16349,2014-05-12,[ 08:29 ],0,315
16350,2014-05-12,[ 08:30 ],0,259
16351,2014-05-12,[ 08:31 ],0,258
16352,2014-05-12,[ 08:32 ],0,257
16353,2014-05-12,[ 08:33 ],0,260
16354,2014-05-12,[ 08:34 ],0,262
16355,2014-05-12,[ 08:35 ],0,259
16356,2014-05-12,[ 08:36 ],0,258
16357,2014-05-12,[ 08:37 ],0,256
16358,2014-05-12,[ 08:38 ],0,252
16359,2014-05-12,[ 08:39 ],0,253
16360,2014-05-12,[ 08:40 ],0,250
16361,2014-05-12,[ 08:41 ],0,187
16362,2014-05-12,[ 08:42 ],0,187
16363,2014-05-12,[ 08:43 ],0,187
16364,2014-05-12,[ 08:44 ],0,187
16365,2014-05-12,[ 08:45 ],0,189
16366,2014-05-12,[ 08:46 ],0,189
16367,2014-05-12,[ 08:47 ],0,185
16368,2014-05-12,[ 08:48 ],0,187
16369,2014-05-12,[ 08:49 ],0,186
16370,2014-05-12,[ 08:50 ],0,186
16371,2014-05-12,[ 08:51 ],0,187
16372,2014-05-12,[ 08:52 ],0,186
16373,2014-05-12,[ 08:53 ],0,187
16374,2014-05-12,[ 08:54 ],0,184
16375,2014-05-12,[ 08:55 ],0,185
16376,2014-05-12,[ 08:56 ],0,184
16377,2014-05-12,[ 08:57 ],0,185
16378,2014-05-12,[ 08:58 ],0,183
16379,2014-05-12,[ 08:59 ],0,185
16380,2014-05-12,[ 09:00 ],0,188
16381,2014-05-12,[ 09:01 ],0,186
16382,2014-05-12,[ 09:02 ],0,188
16383,2014-05-12,[ 09:03 ],0,186
16384,2014-05-12,[ 09:04 ],0,185
16385,2014-05-12,[ 09:05 ],0,185
16386,2014-05-12,[ 09:06 ],0,185
16387,2014-05-12,[ 09:07 ],0,185
16388,2014-05-12,[ 09:08 ],0,2667
16389,2014-05-12,[ 09:09 ],0,2622
16390,2014-05-12,[ 09:10 ],0,2622
16391,2014-05-12,[ 09:11 ],0,261
16392,2014-05-12,[ 09:12 ],0,241
16393,2014-05-12,[ 09:13 ],0,236
16394,2014-05-12,[ 09:14 ],0,235
16395,2014-05-12,[ 09:15 ],0,254
16396,2014-05-12,[ 09:16 ],0,256
16397,2014-05-12,[ 09:17 ],0,224
16398,2014-05-12,[ 09:18 ],0,228
16399,2014-05-12,[ 09:19 ],0,249
16400,2014-05-12,[ 09:20 ],0,219
16401,2014-05-12,[ 09:21 ],0,219
16402,2014-05-12,[ 09:22 ],0,227
16403,2014-05-12,[ 09:23 ],0,238
16404,2014-05-12,[ 09:24 ],0,288
16405,2014-05-12,[ 09:25 ],0,313
16406,2014-05-12,[ 09:26 ],0,311
16407,2014-05-12,[ 09:27 ],0,353
16408,2014-05-12,[ 09:28 ],0,330
16409,2014-05-12,[ 09:29 ],0,328
16410,2014-05-12,[ 09:30 ],0,322
16411,2014-05-12,[ 09:31 ],0,313
16412,2014-05-12,[ 09:32 ],0,320
16413,2014-05-12,[ 09:33 ],0,327
16414,2014-05-12,[ 09:34 ],0,321
16415,2014-05-12,[ 09:35 ],0,340
16416,2014-05-12,[ 09:36 ],0,330
16417,2014-05-12,[ 09:37 ],0,328
16418,2014-05-12,[ 09:38 ],0,343
16419,2014-05-12,[ 09:39 ],0,344
16420,2014-05-12,[ 09:40 ],0,341
16421,2014-05-12,[ 09:41 ],0,341
16422,2014-05-12,[ 09:42 ],0,337
16423,2014-05-12,[ 09:43 ],0,306
16424,2014-05-12,[ 09:44 ],0,352
16425,2014-05-12,[ 09:45 ],0,335
16426,2014-05-12,[ 09:46 ],0,370
16427,2014-05-12,[ 09:47 ],0,370
16428,2014-05-12,[ 09:48 ],0,352
16429,2014-05-12,[ 09:49 ],0,321
16430,2014-05-12,[ 09:50 ],0,389
16431,2014-05-12,[ 09:51 ],0,336
16432,2014-05-12,[ 09:52 ],0,336
16433,2014-05-12,[ 09:53 ],0,330
16434,2014-05-12,[ 09:54 ],0,301
16435,2014-05-12,[ 09:55 ],0,240
16436,2014-05-12,[ 09:56 ],0,243
16437,2014-05-12,[ 09:57 ],0,239
16438,2014-05-12,[ 09:58 ],0,256
16439,2014-05-12,[ 09:59 ],0,239
16440,2014-05-12,[ 10:00 ],0,253
16441,2014-05-12,[ 10:01 ],0,259
16442,2014-05-12,[ 10:02 ],0,238
16443,2014-05-12,[ 10:03 ],0,187
16444,2014-05-12,[ 10:04 ],0,186
16445,2014-05-12,[ 10:05 ],0,186
16446,2014-05-12,[ 10:06 ],0,185
16447,2014-05-12,[ 10:07 ],0,185
16448,2014-05-12,[ 10:08 ],0,182
16449,2014-05-12,[ 10:09 ],0,183
16450,2014-05-12,[ 10:10 ],0,184
16451,2014-05-12,[ 10:11 ],0,185
16452,2014-05-12,[ 10:12 ],0,183
16453,2014-05-12,[ 10:13 ],0,185
16454,2014-05-12,[ 10:14 ],0,184
16455,2014-05-12,[ 10:15 ],0,184
16456,2014-05-12,[ 10:16 ],0,185
16457,2014-05-12,[ 10:17 ],0,183
16458,2014-05-12,[ 10:18 ],0,185
16459,2014-05-12,[ 10:19 ],0,185
16460,2014-05-12,[ 10:20 ],0,185
16461,2014-05-12,[ 10:21 ],0,184
16462,2014-05-12,[ 10:22 ],0,183
16463,2014-05-12,[ 10:23 ],0,184
16464,2014-05-12,[ 10:24 ],0,184
16465,2014-05-12,[ 10:25 ],0,185
16466,2014-05-12,[ 10:26 ],0,184
16467,2014-05-12,[ 10:27 ],0,185
16468,2014-05-12,[ 10:28 ],0,184
16469,2014-05-12,[ 10:29 ],0,185
16470,2014-05-12,[ 10:30 ],0,183
16471,2014-05-12,[ 10:31 ],0,260
16472,2014-05-12,[ 10:32 ],0,257
16473,2014-05-12,[ 10:33 ],0,254
16474,2014-05-12,[ 10:34 ],0,254
16475,2014-05-12,[ 10:35 ],0,254
16476,2014-05-12,[ 10:36 ],0,253
16477,2014-05-12,[ 10:37 ],0,251
16478,2014-05-12,[ 10:38 ],0,252
16479,2014-05-12,[ 10:39 ],0,252
16480,2014-05-12,[ 10:40 ],0,249
16481,2014-05-12,[ 10:41 ],0,248
16482,2014-05-12,[ 10:42 ],0,242
16483,2014-05-12,[ 10:43 ],0,183
16484,2014-05-12,[ 10:44 ],0,180
16485,2014-05-12,[ 10:45 ],0,183
16486,2014-05-12,[ 10:46 ],0,185
16487,2014-05-12,[ 10:47 ],0,183
16488,2014-05-12,[ 10:48 ],0,185
16489,2014-05-12,[ 10:49 ],0,184
16490,2014-05-12,[ 10:50 ],0,183
16491,2014-05-12,[ 10:51 ],0,184
16492,2014-05-12,[ 10:52 ],0,184
16493,2014-05-12,[ 10:53 ],0,182
16494,2014-05-12,[ 10:54 ],0,181
16495,2014-05-12,[ 10:55 ],0,183
16496,2014-05-12,[ 10:56 ],0,183
16497,2014-05-12,[ 10:57 ],0,183
16498,2014-05-12,[ 10:58 ],0,183
16499,2014-05-12,[ 10:59 ],0,253
16500,2014-05-12,[ 11:00 ],0,258
16501,2014-05-12,[ 11:01 ],0,250
16502,2014-05-12,[ 11:02 ],0,256
16503,2014-05-12,[ 11:03 ],0,257
16504,2014-05-12,[ 11:04 ],0,259
16505,2014-05-12,[ 11:05 ],0,260
16506,2014-05-12,[ 11:06 ],0,257
16507,2014-05-12,[ 11:07 ],0,258
16508,2014-05-12,[ 11:08 ],0,252
16509,2014-05-12,[ 11:09 ],0,256
16510,2014-05-12,[ 11:10 ],0,254
16511,2014-05-12,[ 11:11 ],0,254
16512,2014-05-12,[ 11:12 ],0,254
16513,2014-05-12,[ 11:13 ],0,254
16514,2014-05-12,[ 11:14 ],0,256
16515,2014-05-12,[ 11:15 ],0,253
16516,2014-05-12,[ 11:16 ],0,257
16517,2014-05-12,[ 11:17 ],0,256
16518,2014-05-12,[ 11:18 ],0,257
16519,2014-05-12,[ 11:19 ],0,260
16520,2014-05-12,[ 11:20 ],0,254
16521,2014-05-12,[ 11:21 ],0,258
16522,2014-05-12,[ 11:22 ],0,254
16523,2014-05-12,[ 11:23 ],0,251
16524,2014-05-12,[ 11:24 ],0,253
16525,2014-05-12,[ 11:25 ],0,185
16526,2014-05-12,[ 11:26 ],0,185
16527,2014-05-12,[ 11:27 ],0,185
16528,2014-05-12,[ 11:28 ],0,185
16529,2014-05-12,[ 11:29 ],0,186
16530,2014-05-12,[ 11:30 ],0,185
16531,2014-05-12,[ 11:31 ],0,184
16532,2014-05-12,[ 11:32 ],0,186
16533,2014-05-12,[ 11:33 ],0,185
16534,2014-05-12,[ 11:34 ],0,185
16535,2014-05-12,[ 11:35 ],0,185
16536,2014-05-12,[ 11:36 ],0,187
16537,2014-05-12,[ 11:37 ],0,184
16538,2014-05-12,[ 11:38 ],0,186
16539,2014-05-12,[ 11:39 ],0,185
16540,2014-05-12,[ 11:40 ],0,185
16541,2014-05-12,[ 11:41 ],0,185
16542,2014-05-12,[ 11:42 ],0,185
16543,2014-05-12,[ 11:43 ],0,185
16544,2014-05-12,[ 11:44 ],0,186
16545,2014-05-12,[ 11:45 ],0,185
16546,2014-05-12,[ 11:46 ],0,187
16547,2014-05-12,[ 11:47 ],0,185
16548,2014-05-12,[ 11:48 ],0,185
16549,2014-05-12,[ 11:49 ],0,185
16550,2014-05-12,[ 11:50 ],0,186
16551,2014-05-12,[ 11:51 ],0,185
16552,2014-05-12,[ 11:52 ],0,185
16553,2014-05-12,[ 11:53 ],0,188
16554,2014-05-12,[ 11:54 ],0,188
16555,2014-05-12,[ 11:55 ],0,185
16556,2014-05-12,[ 11:56 ],0,185
16557,2014-05-12,[ 11:57 ],0,186
16558,2014-05-12,[ 11:58 ],0,187
16559,2014-05-12,[ 11:59 ],0,187
16560,2014-05-12,[ 12:00 ],0,188
16561,2014-05-12,[ 12:01 ],0,188
16562,2014-05-12,[ 12:02 ],0,188
16563,2014-05-12,[ 12:03 ],0,190
16564,2014-05-12,[ 12:04 ],0,189
16565,2014-05-12,[ 12:05 ],0,187
16566,2014-05-12,[ 12:06 ],0,189
16567,2014-05-12,[ 12:07 ],0,185
16568,2014-05-12,[ 12:08 ],0,274
16569,2014-05-12,[ 12:09 ],0,259
16570,2014-05-12,[ 12:10 ],0,257
16571,2014-05-12,[ 12:11 ],0,256
16572,2014-05-12,[ 12:12 ],0,253
16573,2014-05-12,[ 12:13 ],0,258
16574,2014-05-12,[ 12:14 ],0,252
16575,2014-05-12,[ 12:15 ],0,253
16576,2014-05-12,[ 12:16 ],0,251
16577,2014-05-12,[ 12:17 ],0,250
16578,2014-05-12,[ 12:18 ],0,267
16579,2014-05-12,[ 12:19 ],0,200
16580,2014-05-12,[ 12:20 ],0,195
16581,2014-05-12,[ 12:21 ],0,2599
16582,2014-05-12,[ 12:22 ],0,2578
16583,2014-05-12,[ 12:23 ],0,188
16584,2014-05-12,[ 12:24 ],0,189
16585,2014-05-12,[ 12:25 ],0,188
16586,2014-05-12,[ 12:26 ],0,199
16587,2014-05-12,[ 12:27 ],0,185
16588,2014-05-12,[ 12:28 ],0,2558
16589,2014-05-12,[ 12:29 ],0,259
16590,2014-05-12,[ 12:30 ],0,259
16591,2014-05-12,[ 12:31 ],0,256
16592,2014-05-12,[ 12:32 ],0,257
16593,2014-05-12,[ 12:33 ],0,261
16594,2014-05-12,[ 12:34 ],0,261
16595,2014-05-12,[ 12:35 ],0,259
16596,2014-05-12,[ 12:36 ],0,260
16597,2014-05-12,[ 12:37 ],0,257
16598,2014-05-12,[ 12:38 ],0,258
16599,2014-05-12,[ 12:39 ],0,258
16600,2014-05-12,[ 12:40 ],0,258
16601,2014-05-12,[ 12:41 ],0,256
16602,2014-05-12,[ 12:42 ],0,257
16603,2014-05-12,[ 12:43 ],0,257
16604,2014-05-12,[ 12:44 ],0,256
16605,2014-05-12,[ 12:45 ],0,258
16606,2014-05-12,[ 12:46 ],0,258
16607,2014-05-12,[ 12:47 ],0,254
16608,2014-05-12,[ 12:48 ],0,256
16609,2014-05-12,[ 12:49 ],0,258
16610,2014-05-12,[ 12:50 ],0,258
16611,2014-05-12,[ 12:51 ],0,259
16612,2014-05-12,[ 12:52 ],0,259
16613,2014-05-12,[ 12:53 ],0,260
16614,2014-05-12,[ 12:54 ],0,259
16615,2014-05-12,[ 12:55 ],0,259
16616,2014-05-12,[ 12:56 ],0,252
16617,2014-05-12,[ 12:57 ],0,186
16618,2014-05-12,[ 12:58 ],0,186
16619,2014-05-12,[ 12:59 ],0,185
16620,2014-05-12,[ 13:00 ],0,186
16621,2014-05-12,[ 13:01 ],0,203
16622,2014-05-12,[ 13:02 ],0,185
16623,2014-05-12,[ 13:03 ],0,185
16624,2014-05-12,[ 13:04 ],0,185
16625,2014-05-12,[ 13:05 ],0,185
16626,2014-05-12,[ 13:06 ],0,185
16627,2014-05-12,[ 13:07 ],0,185
16628,2014-05-12,[ 13:08 ],0,184
16629,2014-05-12,[ 13:09 ],0,565
16630,2014-05-12,[ 13:10 ],0,587
16631,2014-05-12,[ 13:11 ],0,919
16632,2014-05-12,[ 13:12 ],0,2589
16633,2014-05-12,[ 13:13 ],0,2615
16634,2014-05-12,[ 13:14 ],0,3334
16635,2014-05-12,[ 13:15 ],0,4293
16636,2014-05-12,[ 13:16 ],0,4262
16637,2014-05-12,[ 13:17 ],0,4113
16638,2014-05-12,[ 13:18 ],0,4140
16639,2014-05-12,[ 13:19 ],0,4008
16640,2014-05-12,[ 13:20 ],0,3958
16641,2014-05-12,[ 13:21 ],0,3688
16642,2014-05-12,[ 13:22 ],0,2562
16643,2014-05-12,[ 13:23 ],0,2603
16644,2014-05-12,[ 13:24 ],0,2338
16645,2014-05-12,[ 13:25 ],0,2763
16646,2014-05-12,[ 13:26 ],0,2770
16647,2014-05-12,[ 13:27 ],0,2334
16648,2014-05-12,[ 13:28 ],0,1287
16649,2014-05-12,[ 13:29 ],0,962
16650,2014-05-12,[ 13:30 ],0,960
16651,2014-05-12,[ 13:31 ],0,969
16652,2014-05-12,[ 13:32 ],0,2470
16653,2014-05-12,[ 13:33 ],0,2543
16654,2014-05-12,[ 13:34 ],0,2543
16655,2014-05-12,[ 13:35 ],0,1245
16656,2014-05-12,[ 13:36 ],0,1013
16657,2014-05-12,[ 13:37 ],0,1206
16658,2014-05-12,[ 13:38 ],0,1206
16659,2014-05-12,[ 13:39 ],0,2617
16660,2014-05-12,[ 13:40 ],0,2557
16661,2014-05-12,[ 13:41 ],0,1020
16662,2014-05-12,[ 13:42 ],0,1347
16663,2014-05-12,[ 13:43 ],0,961
16664,2014-05-12,[ 13:44 ],0,978
16665,2014-05-12,[ 13:45 ],0,2484
16666,2014-05-12,[ 13:46 ],0,2585
16667,2014-05-12,[ 13:47 ],0,944
16668,2014-05-12,[ 13:48 ],0,1254
16669,2014-05-12,[ 13:49 ],0,1083
16670,2014-05-12,[ 13:50 ],0,950
16671,2014-05-12,[ 13:51 ],0,1198
16672,2014-05-12,[ 13:52 ],0,952
16673,2014-05-12,[ 13:53 ],0,1256
16674,2014-05-12,[ 13:54 ],0,953
16675,2014-05-12,[ 13:55 ],0,963
16676,2014-05-12,[ 13:56 ],0,1132
16677,2014-05-12,[ 13:57 ],0,967
16678,2014-05-12,[ 13:58 ],0,1269
16679,2014-05-12,[ 13:59 ],0,1081
16680,2014-05-12,[ 14:00 ],0,1242
16681,2014-05-12,[ 14:01 ],0,1094
16682,2014-05-12,[ 14:02 ],0,496
16683,2014-05-12,[ 14:03 ],0,592
16684,2014-05-12,[ 14:04 ],0,275
16685,2014-05-12,[ 14:05 ],0,886
16686,2014-05-12,[ 14:06 ],0,760
16687,2014-05-12,[ 14:07 ],0,555
16688,2014-05-12,[ 14:08 ],0,741
16689,2014-05-12,[ 14:09 ],0,770
16690,2014-05-12,[ 14:10 ],0,907
16691,2014-05-12,[ 14:11 ],0,468
16692,2014-05-12,[ 14:12 ],0,465
16693,2014-05-12,[ 14:13 ],0,818
16694,2014-05-12,[ 14:14 ],0,960
16695,2014-05-12,[ 14:15 ],0,1339
16696,2014-05-12,[ 14:16 ],0,1466
16697,2014-05-12,[ 14:17 ],0,1726
16698,2014-05-12,[ 14:18 ],0,1818
16699,2014-05-12,[ 14:19 ],0,1677
16700,2014-05-12,[ 14:20 ],0,778
16701,2014-05-12,[ 14:21 ],0,887
16702,2014-05-12,[ 14:22 ],0,539
16703,2014-05-12,[ 14:23 ],0,486
16704,2014-05-12,[ 14:24 ],0,619
16705,2014-05-12,[ 14:25 ],0,884
16706,2014-05-12,[ 14:26 ],0,935
16707,2014-05-12,[ 14:27 ],0,1421
16708,2014-05-12,[ 14:28 ],0,1710
16709,2014-05-12,[ 14:29 ],0,1680
16710,2014-05-12,[ 14:30 ],0,823
16711,2014-05-12,[ 14:31 ],0,877
16712,2014-05-12,[ 14:32 ],0,877
16713,2014-05-12,[ 14:33 ],0,371
16714,2014-05-12,[ 14:34 ],0,642
16715,2014-05-12,[ 14:35 ],0,555
16716,2014-05-12,[ 14:36 ],0,469
16717,2014-05-12,[ 14:37 ],0,465
16718,2014-05-12,[ 14:38 ],0,399
16719,2014-05-12,[ 14:39 ],0,597
16720,2014-05-12,[ 14:40 ],0,965
16721,2014-05-12,[ 14:41 ],0,678
16722,2014-05-12,[ 14:42 ],0,663
16723,2014-05-12,[ 14:43 ],0,414
16724,2014-05-12,[ 14:44 ],0,497
16725,2014-05-12,[ 14:45 ],0,186
16726,2014-05-12,[ 14:46 ],0,185
16727,2014-05-12,[ 14:47 ],0,185
16728,2014-05-12,[ 14:48 ],0,186
16729,2014-05-12,[ 14:49 ],0,185
16730,2014-05-12,[ 14:50 ],0,232
16731,2014-05-12,[ 14:51 ],0,235
16732,2014-05-12,[ 14:52 ],0,226
16733,2014-05-12,[ 14:53 ],0,231
16734,2014-05-12,[ 14:54 ],0,235
16735,2014-05-12,[ 14:55 ],0,234
16736,2014-05-12,[ 14:56 ],0,229
16737,2014-05-12,[ 14:57 ],0,226
16738,2014-05-12,[ 14:58 ],0,223
16739,2014-05-12,[ 14:59 ],0,307
16740,2014-05-12,[ 15:00 ],0,305
16741,2014-05-12,[ 15:01 ],0,300
16742,2014-05-12,[ 15:02 ],0,306
16743,2014-05-12,[ 15:03 ],0,298
16744,2014-05-12,[ 15:04 ],0,297
16745,2014-05-12,[ 15:05 ],0,299
16746,2014-05-12,[ 15:06 ],0,293
16747,2014-05-12,[ 15:07 ],0,293
16748,2014-05-12,[ 15:08 ],0,294
16749,2014-05-12,[ 15:09 ],0,308
16750,2014-05-12,[ 15:10 ],0,678
16751,2014-05-12,[ 15:11 ],0,741
16752,2014-05-12,[ 15:12 ],0,927
16753,2014-05-12,[ 15:13 ],0,2454
16754,2014-05-12,[ 15:14 ],0,2666
16755,2014-05-12,[ 15:15 ],0,2516
16756,2014-05-12,[ 15:16 ],0,2554
16757,2014-05-12,[ 15:17 ],0,2549
16758,2014-05-12,[ 15:18 ],0,2549
16759,2014-05-12,[ 15:19 ],0,2517
16760,2014-05-12,[ 15:20 ],0,2686
16761,2014-05-12,[ 15:21 ],0,2618
16762,2014-05-12,[ 15:22 ],0,2361
16763,2014-05-12,[ 15:23 ],0,2529
16764,2014-05-12,[ 15:24 ],0,2640
16765,2014-05-12,[ 15:25 ],0,2492
16766,2014-05-12,[ 15:26 ],0,2140
16767,2014-05-12,[ 15:27 ],0,867
16768,2014-05-12,[ 15:28 ],0,903
16769,2014-05-12,[ 15:29 ],0,907
16770,2014-05-12,[ 15:30 ],0,888
16771,2014-05-12,[ 15:31 ],0,2691
16772,2014-05-12,[ 15:32 ],0,2493
16773,2014-05-12,[ 15:33 ],0,947
16774,2014-05-12,[ 15:34 ],0,873
16775,2014-05-12,[ 15:35 ],0,990
16776,2014-05-12,[ 15:36 ],0,895
16777,2014-05-12,[ 15:37 ],0,941
16778,2014-05-12,[ 15:38 ],0,2546
16779,2014-05-12,[ 15:39 ],0,2524
16780,2014-05-12,[ 15:40 ],0,912
16781,2014-05-12,[ 15:41 ],0,951
16782,2014-05-12,[ 15:42 ],0,962
16783,2014-05-12,[ 15:43 ],0,924
16784,2014-05-12,[ 15:44 ],0,2532
16785,2014-05-12,[ 15:45 ],0,2125
16786,2014-05-12,[ 15:46 ],0,850
16787,2014-05-12,[ 15:47 ],0,962
16788,2014-05-12,[ 15:48 ],0,887
16789,2014-05-12,[ 15:49 ],0,823
16790,2014-05-12,[ 15:50 ],0,968
16791,2014-05-12,[ 15:51 ],0,922
16792,2014-05-12,[ 15:52 ],0,844
16793,2014-05-12,[ 15:53 ],0,840
16794,2014-05-12,[ 15:54 ],0,829
16795,2014-05-12,[ 15:55 ],0,946
16796,2014-05-12,[ 15:56 ],0,949
16797,2014-05-12,[ 15:57 ],0,909
16798,2014-05-12,[ 15:58 ],0,873
16799,2014-05-12,[ 15:59 ],0,896
16800,2014-05-12,[ 16:00 ],0,817
16801,2014-05-12,[ 16:01 ],0,710
16802,2014-05-12,[ 16:02 ],0,690
16803,2014-05-12,[ 16:03 ],0,487
16804,2014-05-12,[ 16:04 ],0,418
16805,2014-05-12,[ 16:05 ],0,620
16806,2014-05-12,[ 16:06 ],0,892
16807,2014-05-12,[ 16:07 ],0,706
16808,2014-05-12,[ 16:08 ],0,596
16809,2014-05-12,[ 16:09 ],0,374
16810,2014-05-12,[ 16:10 ],0,745
16811,2014-05-12,[ 16:11 ],0,896
16812,2014-05-12,[ 16:12 ],0,817
16813,2014-05-12,[ 16:13 ],0,952
16814,2014-05-12,[ 16:14 ],0,946
16815,2014-05-12,[ 16:15 ],0,1052
16816,2014-05-12,[ 16:16 ],0,636
16817,2014-05-12,[ 16:17 ],0,1300
16818,2014-05-12,[ 16:18 ],0,1333
16819,2014-05-12,[ 16:19 ],0,679
16820,2014-05-12,[ 16:20 ],0,681
16821,2014-05-12,[ 16:21 ],0,906
16822,2014-05-12,[ 16:22 ],0,846
16823,2014-05-12,[ 16:23 ],0,479
16824,2014-05-12,[ 16:24 ],0,456
16825,2014-05-12,[ 16:25 ],0,478
16826,2014-05-12,[ 16:26 ],0,643
16827,2014-05-12,[ 16:27 ],0,667
16828,2014-05-12,[ 16:28 ],0,837
16829,2014-05-12,[ 16:29 ],0,902
16830,2014-05-12,[ 16:30 ],0,893
16831,2014-05-12,[ 16:31 ],0,1077
16832,2014-05-12,[ 16:32 ],0,969
16833,2014-05-12,[ 16:33 ],0,402
16834,2014-05-12,[ 16:34 ],0,488
16835,2014-05-12,[ 16:35 ],0,957
16836,2014-05-12,[ 16:36 ],0,666
16837,2014-05-12,[ 16:37 ],0,642
16838,2014-05-12,[ 16:38 ],0,638
16839,2014-05-12,[ 16:39 ],0,530
16840,2014-05-12,[ 16:40 ],0,860
16841,2014-05-12,[ 16:41 ],0,860
16842,2014-05-12,[ 16:42 ],0,806
16843,2014-05-12,[ 16:43 ],0,728
16844,2014-05-12,[ 16:44 ],0,327
16845,2014-05-12,[ 16:45 ],0,340
16846,2014-05-12,[ 16:46 ],0,231
16847,2014-05-12,[ 16:47 ],0,226
16848,2014-05-12,[ 16:48 ],0,228
16849,2014-05-12,[ 16:49 ],0,228
16850,2014-05-12,[ 16:50 ],0,375
16851,2014-05-12,[ 16:51 ],0,377
16852,2014-05-12,[ 16:52 ],0,355
16853,2014-05-12,[ 16:53 ],0,345
16854,2014-05-12,[ 16:54 ],0,341
16855,2014-05-12,[ 16:55 ],0,336
16856,2014-05-12,[ 16:56 ],0,337
16857,2014-05-12,[ 16:57 ],0,337
16858,2014-05-12,[ 16:58 ],0,409
16859,2014-05-12,[ 16:59 ],0,439
16860,2014-05-12,[ 17:00 ],0,439
16861,2014-05-12,[ 17:01 ],0,298
16862,2014-05-12,[ 17:02 ],0,260
16863,2014-05-12,[ 17:03 ],0,262
16864,2014-05-12,[ 17:04 ],0,262
16865,2014-05-12,[ 17:05 ],0,260
16866,2014-05-12,[ 17:06 ],0,260
16867,2014-05-12,[ 17:07 ],0,319
16868,2014-05-12,[ 17:08 ],0,2719
16869,2014-05-12,[ 17:09 ],0,2734
16870,2014-05-12,[ 17:10 ],0,2680
16871,2014-05-12,[ 17:11 ],0,404
16872,2014-05-12,[ 17:12 ],0,390
16873,2014-05-12,[ 17:13 ],0,387
16874,2014-05-12,[ 17:14 ],0,377
16875,2014-05-12,[ 17:15 ],0,388
16876,2014-05-12,[ 17:16 ],0,368
16877,2014-05-12,[ 17:17 ],0,327
16878,2014-05-12,[ 17:18 ],0,351
16879,2014-05-12,[ 17:19 ],0,328
16880,2014-05-12,[ 17:20 ],0,311
16881,2014-05-12,[ 17:21 ],0,310
16882,2014-05-12,[ 17:22 ],0,298
16883,2014-05-12,[ 17:23 ],0,298
16884,2014-05-12,[ 17:24 ],0,367
16885,2014-05-12,[ 17:25 ],0,344
16886,2014-05-12,[ 17:26 ],0,331
16887,2014-05-12,[ 17:27 ],0,311
16888,2014-05-12,[ 17:28 ],0,311
16889,2014-05-12,[ 17:29 ],0,315
16890,2014-05-12,[ 17:30 ],0,282
16891,2014-05-12,[ 17:31 ],0,297
16892,2014-05-12,[ 17:32 ],0,331
16893,2014-05-12,[ 17:33 ],0,302
16894,2014-05-12,[ 17:34 ],0,302
16895,2014-05-12,[ 17:35 ],0,287
16896,2014-05-12,[ 17:36 ],0,298
16897,2014-05-12,[ 17:37 ],0,313
16898,2014-05-12,[ 17:38 ],0,319
16899,2014-05-12,[ 17:39 ],0,300
16900,2014-05-12,[ 17:40 ],0,312
16901,2014-05-12,[ 17:41 ],0,293
16902,2014-05-12,[ 17:42 ],0,356
16903,2014-05-12,[ 17:43 ],0,289
16904,2014-05-12,[ 17:44 ],0,292
16905,2014-05-12,[ 17:45 ],0,307
16906,2014-05-12,[ 17:46 ],0,284
16907,2014-05-12,[ 17:47 ],0,1976
16908,2014-05-12,[ 17:48 ],0,348
16909,2014-05-12,[ 17:49 ],0,370
16910,2014-05-12,[ 17:50 ],0,351
16911,2014-05-12,[ 17:51 ],0,366
16912,2014-05-12,[ 17:52 ],0,364
16913,2014-05-12,[ 17:53 ],0,356
16914,2014-05-12,[ 17:54 ],0,368
16915,2014-05-12,[ 17:55 ],0,359
16916,2014-05-12,[ 17:56 ],0,371
16917,2014-05-12,[ 17:57 ],0,365
16918,2014-05-12,[ 17:58 ],0,348
16919,2014-05-12,[ 17:59 ],0,350
16920,2014-05-12,[ 18:00 ],0,348
16921,2014-05-12,[ 18:01 ],0,352
16922,2014-05-12,[ 18:02 ],0,363
16923,2014-05-12,[ 18:03 ],0,363
16924,2014-05-12,[ 18:04 ],0,361
16925,2014-05-12,[ 18:05 ],0,347
16926,2014-05-12,[ 18:06 ],0,341
16927,2014-05-12,[ 18:07 ],0,353
16928,2014-05-12,[ 18:08 ],0,345
16929,2014-05-12,[ 18:09 ],0,351
16930,2014-05-12,[ 18:10 ],0,367
16931,2014-05-12,[ 18:11 ],0,355
16932,2014-05-12,[ 18:12 ],0,1787
16933,2014-05-12,[ 18:13 ],0,2015
16934,2014-05-12,[ 18:14 ],0,340
16935,2014-05-12,[ 18:15 ],0,315
16936,2014-05-12,[ 18:16 ],0,324
16937,2014-05-12,[ 18:17 ],0,301
16938,2014-05-12,[ 18:18 ],0,242
16939,2014-05-12,[ 18:19 ],0,185
16940,2014-05-12,[ 18:20 ],0,182
16941,2014-05-12,[ 18:21 ],0,183
16942,2014-05-12,[ 18:22 ],0,183
16943,2014-05-12,[ 18:23 ],0,183
16944,2014-05-12,[ 18:24 ],0,181
16945,2014-05-12,[ 18:25 ],0,180
16946,2014-05-12,[ 18:26 ],0,180
16947,2014-05-12,[ 18:27 ],0,178
16948,2014-05-12,[ 18:28 ],0,251
16949,2014-05-12,[ 18:29 ],0,322
16950,2014-05-12,[ 18:30 ],0,322
16951,2014-05-12,[ 18:31 ],0,305
16952,2014-05-12,[ 18:32 ],0,398
16953,2014-05-12,[ 18:33 ],0,529
16954,2014-05-12,[ 18:34 ],0,529
16955,2014-05-12,[ 18:35 ],0,520
16956,2014-05-12,[ 18:36 ],0,542
16957,2014-05-12,[ 18:37 ],0,636
16958,2014-05-12,[ 18:38 ],0,629
16959,2014-05-12,[ 18:39 ],0,639
16960,2014-05-12,[ 18:40 ],0,634
16961,2014-05-12,[ 18:41 ],0,639
16962,2014-05-12,[ 18:42 ],0,628
16963,2014-05-12,[ 18:43 ],0,637
16964,2014-05-12,[ 18:44 ],0,637
16965,2014-05-12,[ 18:45 ],0,407
16966,2014-05-12,[ 18:46 ],0,415
16967,2014-05-12,[ 18:47 ],0,414
16968,2014-05-12,[ 18:48 ],0,411
16969,2014-05-12,[ 18:49 ],0,413
16970,2014-05-12,[ 18:50 ],0,412
16971,2014-05-12,[ 18:51 ],0,410
16972,2014-05-12,[ 18:52 ],0,413
16973,2014-05-12,[ 18:53 ],0,411
16974,2014-05-12,[ 18:54 ],0,407
16975,2014-05-12,[ 18:55 ],0,410
16976,2014-05-12,[ 18:56 ],0,411
16977,2014-05-12,[ 18:57 ],0,406
16978,2014-05-12,[ 18:58 ],0,564
16979,2014-05-12,[ 18:59 ],0,552
16980,2014-05-12,[ 19:00 ],0,517
16981,2014-05-12,[ 19:01 ],0,508
16982,2014-05-12,[ 19:02 ],0,493
16983,2014-05-12,[ 19:03 ],0,499
16984,2014-05-12,[ 19:04 ],0,603
16985,2014-05-12,[ 19:05 ],0,654
16986,2014-05-12,[ 19:06 ],0,608
16987,2014-05-12,[ 19:07 ],0,624
16988,2014-05-12,[ 19:08 ],0,580
16989,2014-05-12,[ 19:09 ],0,607
16990,2014-05-12,[ 19:10 ],0,603
16991,2014-05-12,[ 19:11 ],0,607
16992,2014-05-12,[ 19:12 ],0,603
16993,2014-05-12,[ 19:13 ],0,597
16994,2014-05-12,[ 19:14 ],0,589
16995,2014-05-12,[ 19:15 ],0,577
16996,2014-05-12,[ 19:16 ],0,587
16997,2014-05-12,[ 19:17 ],0,568
16998,2014-05-12,[ 19:18 ],0,576
16999,2014-05-12,[ 19:19 ],0,573
17000,2014-05-12,[ 19:20 ],0,576
17001,2014-05-12,[ 19:21 ],0,572
17002,2014-05-12,[ 19:22 ],0,584
17003,2014-05-12,[ 19:23 ],0,584
17004,2014-05-12,[ 19:24 ],0,591
17005,2014-05-12,[ 19:25 ],0,586
17006,2014-05-12,[ 19:26 ],0,580
17007,2014-05-12,[ 19:27 ],0,577
17008,2014-05-12,[ 19:28 ],0,577
17009,2014-05-12,[ 19:29 ],0,579
17010,2014-05-12,[ 19:30 ],0,567
17011,2014-05-12,[ 19:31 ],0,573
17012,2014-05-12,[ 19:32 ],0,577
17013,2014-05-12,[ 19:33 ],0,584
17014,2014-05-12,[ 19:34 ],0,592
17015,2014-05-12,[ 19:35 ],0,589
17016,2014-05-12,[ 19:36 ],0,608
17017,2014-05-12,[ 19:37 ],0,608
17018,2014-05-12,[ 19:38 ],0,597
17019,2014-05-12,[ 19:39 ],0,587
17020,2014-05-12,[ 19:40 ],0,583
17021,2014-05-12,[ 19:41 ],0,577
17022,2014-05-12,[ 19:42 ],0,574
17023,2014-05-12,[ 19:43 ],0,585
17024,2014-05-12,[ 19:44 ],0,587
17025,2014-05-12,[ 19:45 ],0,599
17026,2014-05-12,[ 19:46 ],0,580
17027,2014-05-12,[ 19:47 ],0,583
17028,2014-05-12,[ 19:48 ],0,575
17029,2014-05-12,[ 19:49 ],0,520
17030,2014-05-12,[ 19:50 ],0,525
17031,2014-05-12,[ 19:51 ],0,511
17032,2014-05-12,[ 19:52 ],0,506
17033,2014-05-12,[ 19:53 ],0,520
17034,2014-05-12,[ 19:54 ],0,520
17035,2014-05-12,[ 19:55 ],0,509
17036,2014-05-12,[ 19:56 ],0,500
17037,2014-05-12,[ 19:57 ],0,507
17038,2014-05-12,[ 19:58 ],0,458
17039,2014-05-12,[ 19:59 ],0,495
17040,2014-05-12,[ 20:00 ],0,504
17041,2014-05-12,[ 20:01 ],0,502
17042,2014-05-12,[ 20:02 ],0,503
17043,2014-05-12,[ 20:03 ],0,505
17044,2014-05-12,[ 20:04 ],0,503
17045,2014-05-12,[ 20:05 ],0,487
17046,2014-05-12,[ 20:06 ],0,531
17047,2014-05-12,[ 20:07 ],0,528
17048,2014-05-12,[ 20:08 ],0,531
17049,2014-05-12,[ 20:09 ],0,533
17050,2014-05-12,[ 20:10 ],0,523
17051,2014-05-12,[ 20:11 ],0,522
17052,2014-05-12,[ 20:12 ],0,531
17053,2014-05-12,[ 20:13 ],0,525
17054,2014-05-12,[ 20:14 ],0,540
17055,2014-05-12,[ 20:15 ],0,531
17056,2014-05-12,[ 20:16 ],0,515
17057,2014-05-12,[ 20:17 ],0,496
17058,2014-05-12,[ 20:18 ],0,496
17059,2014-05-12,[ 20:19 ],0,478
17060,2014-05-12,[ 20:20 ],0,426
17061,2014-05-12,[ 20:21 ],0,427
17062,2014-05-12,[ 20:22 ],0,424
17063,2014-05-12,[ 20:23 ],0,430
17064,2014-05-12,[ 20:24 ],0,426
17065,2014-05-12,[ 20:25 ],0,480
17066,2014-05-12,[ 20:26 ],0,480
17067,2014-05-12,[ 20:27 ],0,496
17068,2014-05-12,[ 20:28 ],0,492
17069,2014-05-12,[ 20:29 ],0,481
17070,2014-05-12,[ 20:30 ],0,472
17071,2014-05-12,[ 20:31 ],0,478
17072,2014-05-12,[ 20:32 ],0,488
17073,2014-05-12,[ 20:33 ],0,486
17074,2014-05-12,[ 20:34 ],0,492
17075,2014-05-12,[ 20:35 ],0,487
17076,2014-05-12,[ 20:36 ],0,476
17077,2014-05-12,[ 20:37 ],0,476
17078,2014-05-12,[ 20:38 ],0,478
17079,2014-05-12,[ 20:39 ],0,474
17080,2014-05-12,[ 20:40 ],0,476
17081,2014-05-12,[ 20:41 ],0,468
17082,2014-05-12,[ 20:42 ],0,470
17083,2014-05-12,[ 20:43 ],0,471
17084,2014-05-12,[ 20:44 ],0,473
17085,2014-05-12,[ 20:45 ],0,485
17086,2014-05-12,[ 20:46 ],0,475
17087,2014-05-12,[ 20:47 ],0,486
17088,2014-05-12,[ 20:48 ],0,484
17089,2014-05-12,[ 20:49 ],0,469
17090,2014-05-12,[ 20:50 ],0,474
17091,2014-05-12,[ 20:51 ],0,480
17092,2014-05-12,[ 20:52 ],0,480
17093,2014-05-12,[ 20:53 ],0,472
17094,2014-05-12,[ 20:54 ],0,498
17095,2014-05-12,[ 20:55 ],0,486
17096,2014-05-12,[ 20:56 ],0,464
17097,2014-05-12,[ 20:57 ],0,464
17098,2014-05-12,[ 20:58 ],0,394
17099,2014-05-12,[ 20:59 ],0,392
17100,2014-05-12,[ 21:00 ],0,399
17101,2014-05-12,[ 21:01 ],0,462
17102,2014-05-12,[ 21:02 ],0,462
17103,2014-05-12,[ 21:03 ],0,285
17104,2014-05-12,[ 21:04 ],0,298
17105,2014-05-12,[ 21:05 ],0,302
17106,2014-05-12,[ 21:06 ],0,261
17107,2014-05-12,[ 21:07 ],0,265
17108,2014-05-12,[ 21:08 ],0,258
17109,2014-05-12,[ 21:09 ],0,229
17110,2014-05-12,[ 21:10 ],0,213
17111,2014-05-12,[ 21:11 ],0,222
17112,2014-05-12,[ 21:12 ],0,223
17113,2014-05-12,[ 21:13 ],0,195
17114,2014-05-12,[ 21:14 ],0,195
17115,2014-05-12,[ 21:15 ],0,191
17116,2014-05-12,[ 21:16 ],0,195
17117,2014-05-12,[ 21:17 ],0,196
17118,2014-05-12,[ 21:18 ],0,204
17119,2014-05-12,[ 21:19 ],0,204
17120,2014-05-12,[ 21:20 ],0,182
17121,2014-05-12,[ 21:21 ],0,205
17122,2014-05-12,[ 21:22 ],0,211
17123,2014-05-12,[ 21:23 ],0,203
17124,2014-05-12,[ 21:24 ],0,180
17125,2014-05-12,[ 21:25 ],0,183
17126,2014-05-12,[ 21:26 ],0,181
17127,2014-05-12,[ 21:27 ],0,211
17128,2014-05-12,[ 21:28 ],0,206
17129,2014-05-12,[ 21:29 ],0,183
17130,2014-05-12,[ 21:30 ],0,183
17131,2014-05-12,[ 21:31 ],0,182
17132,2014-05-12,[ 21:32 ],0,182
17133,2014-05-12,[ 21:33 ],0,183
17134,2014-05-12,[ 21:34 ],0,181
17135,2014-05-12,[ 21:35 ],0,183
17136,2014-05-12,[ 21:36 ],0,181
17137,2014-05-12,[ 21:37 ],0,181
17138,2014-05-12,[ 21:38 ],0,182
17139,2014-05-12,[ 21:39 ],0,182
17140,2014-05-12,[ 21:40 ],0,183
17141,2014-05-12,[ 21:41 ],0,183
17142,2014-05-12,[ 21:42 ],0,258
17143,2014-05-12,[ 21:43 ],0,248
17144,2014-05-12,[ 21:44 ],0,248
17145,2014-05-12,[ 21:45 ],0,249
17146,2014-05-12,[ 21:46 ],0,246
17147,2014-05-12,[ 21:47 ],0,245
17148,2014-05-12,[ 21:48 ],0,238
17149,2014-05-12,[ 21:49 ],0,237
17150,2014-05-12,[ 21:50 ],0,237
17151,2014-05-12,[ 21:51 ],0,237
17152,2014-05-12,[ 21:52 ],0,237
17153,2014-05-12,[ 21:53 ],0,231
17154,2014-05-12,[ 21:54 ],0,177
17155,2014-05-12,[ 21:55 ],0,178
17156,2014-05-12,[ 21:56 ],0,177
17157,2014-05-12,[ 21:57 ],0,177
17158,2014-05-12,[ 21:58 ],0,178
17159,2014-05-12,[ 21:59 ],0,178
17160,2014-05-12,[ 22:00 ],0,179
17161,2014-05-12,[ 22:01 ],0,181
17162,2014-05-12,[ 22:02 ],0,180
17163,2014-05-12,[ 22:03 ],0,256
17164,2014-05-12,[ 22:04 ],0,241
17165,2014-05-12,[ 22:05 ],0,237
17166,2014-05-12,[ 22:06 ],0,239
17167,2014-05-12,[ 22:07 ],0,241
17168,2014-05-12,[ 22:08 ],0,243
17169,2014-05-12,[ 22:09 ],0,241
17170,2014-05-12,[ 22:10 ],0,243
17171,2014-05-12,[ 22:11 ],0,242
17172,2014-05-12,[ 22:12 ],0,239
17173,2014-05-12,[ 22:13 ],0,237
17174,2014-05-12,[ 22:14 ],0,238
17175,2014-05-12,[ 22:15 ],0,238
17176,2014-05-12,[ 22:16 ],0,238
17177,2014-05-12,[ 22:17 ],0,238
17178,2014-05-12,[ 22:18 ],0,239
17179,2014-05-12,[ 22:19 ],0,237
17180,2014-05-12,[ 22:20 ],0,237
17181,2014-05-12,[ 22:21 ],0,237
17182,2014-05-12,[ 22:22 ],0,238
17183,2014-05-12,[ 22:23 ],0,239
17184,2014-05-12,[ 22:24 ],0,236
17185,2014-05-12,[ 22:25 ],0,236
17186,2014-05-12,[ 22:26 ],0,231
17187,2014-05-12,[ 22:27 ],0,232
17188,2014-05-12,[ 22:28 ],0,231
17189,2014-05-12,[ 22:29 ],0,174
17190,2014-05-12,[ 22:30 ],0,174
17191,2014-05-12,[ 22:31 ],0,173
17192,2014-05-12,[ 22:32 ],0,173
17193,2014-05-12,[ 22:33 ],0,174
17194,2014-05-12,[ 22:34 ],0,173
17195,2014-05-12,[ 22:35 ],0,171
17196,2014-05-12,[ 22:36 ],0,172
17197,2014-05-12,[ 22:37 ],0,173
17198,2014-05-12,[ 22:38 ],0,173
17199,2014-05-12,[ 22:39 ],0,174
17200,2014-05-12,[ 22:40 ],0,171
17201,2014-05-12,[ 22:41 ],0,172
17202,2014-05-12,[ 22:42 ],0,171
17203,2014-05-12,[ 22:43 ],0,171
17204,2014-05-12,[ 22:44 ],0,171
17205,2014-05-12,[ 22:45 ],0,171
17206,2014-05-12,[ 22:46 ],0,170
17207,2014-05-12,[ 22:47 ],0,172
17208,2014-05-12,[ 22:48 ],0,171
17209,2014-05-12,[ 22:49 ],0,172
17210,2014-05-12,[ 22:50 ],0,171
17211,2014-05-12,[ 22:51 ],0,171
17212,2014-05-12,[ 22:52 ],0,170
17213,2014-05-12,[ 22:53 ],0,171
17214,2014-05-12,[ 22:54 ],0,169
17215,2014-05-12,[ 22:55 ],0,170
17216,2014-05-12,[ 22:56 ],0,171
17217,2014-05-12,[ 22:57 ],0,170
17218,2014-05-12,[ 22:58 ],0,171
17219,2014-05-12,[ 22:59 ],0,171
17220,2014-05-12,[ 23:00 ],0,171
17221,2014-05-12,[ 23:01 ],0,171
17222,2014-05-12,[ 23:02 ],0,171
17223,2014-05-12,[ 23:03 ],0,170
17224,2014-05-12,[ 23:04 ],0,171
17225,2014-05-12,[ 23:05 ],0,171
17226,2014-05-12,[ 23:06 ],0,168
17227,2014-05-12,[ 23:07 ],0,168
17228,2014-05-12,[ 23:08 ],0,168
17229,2014-05-12,[ 23:09 ],0,168
17230,2014-05-12,[ 23:10 ],0,238
17231,2014-05-12,[ 23:11 ],0,227
17232,2014-05-12,[ 23:12 ],0,228
17233,2014-05-12,[ 23:13 ],0,226
17234,2014-05-12,[ 23:14 ],0,227
17235,2014-05-12,[ 23:15 ],0,227
17236,2014-05-12,[ 23:16 ],0,225
17237,2014-05-12,[ 23:17 ],0,222
17238,2014-05-12,[ 23:18 ],0,308
17239,2014-05-12,[ 23:19 ],0,285
17240,2014-05-12,[ 23:20 ],0,287
17241,2014-05-12,[ 23:21 ],0,282
17242,2014-05-12,[ 23:22 ],0,218
17243,2014-05-12,[ 23:23 ],0,221
17244,2014-05-12,[ 23:24 ],0,222
17245,2014-05-12,[ 23:25 ],0,222
17246,2014-05-12,[ 23:26 ],0,222
17247,2014-05-12,[ 23:27 ],0,219
17248,2014-05-12,[ 23:28 ],0,216
17249,2014-05-12,[ 23:29 ],0,221
17250,2014-05-12,[ 23:30 ],0,219
17251,2014-05-12,[ 23:31 ],0,221
17252,2014-05-12,[ 23:32 ],0,218
17253,2014-05-12,[ 23:33 ],0,214
17254,2014-05-12,[ 23:34 ],0,225
17255,2014-05-12,[ 23:35 ],0,225
17256,2014-05-12,[ 23:36 ],0,216
17257,2014-05-12,[ 23:37 ],0,216
17258,2014-05-12,[ 23:38 ],0,218
17259,2014-05-12,[ 23:39 ],0,292
17260,2014-05-12,[ 23:40 ],0,292
17261,2014-05-12,[ 23:41 ],0,287
17262,2014-05-12,[ 23:42 ],0,288
17263,2014-05-12,[ 23:43 ],0,292
17264,2014-05-12,[ 23:44 ],0,307
17265,2014-05-12,[ 23:45 ],0,293
17266,2014-05-12,[ 23:46 ],0,294
17267,2014-05-12,[ 23:47 ],0,305
17268,2014-05-12,[ 23:48 ],0,293
17269,2014-05-12,[ 23:49 ],0,291
17270,2014-05-12,[ 23:50 ],0,288
17271,2014-05-12,[ 23:51 ],0,289
17272,2014-05-12,[ 23:52 ],0,288
17273,2014-05-12,[ 23:53 ],0,291
17274,2014-05-12,[ 23:54 ],0,285
17275,2014-05-12,[ 23:55 ],0,289
17276,2014-05-12,[ 23:56 ],0,289
17277,2014-05-12,[ 23:57 ],0,291
17278,2014-05-12,[ 23:58 ],0,292
17279,2014-05-12,[ 23:59 ],0,292
17280,2014-05-13,[ 00:00 ],0,288
17281,2014-05-13,[ 00:01 ],0,301
17282,2014-05-13,[ 00:02 ],0,306
17283,2014-05-13,[ 00:03 ],0,304
17284,2014-05-13,[ 00:04 ],0,299
17285,2014-05-13,[ 00:05 ],0,228
17286,2014-05-13,[ 00:06 ],0,224
17287,2014-05-13,[ 00:07 ],0,224
17288,2014-05-13,[ 00:08 ],0,225
17289,2014-05-13,[ 00:09 ],0,226
17290,2014-05-13,[ 00:10 ],0,227
17291,2014-05-13,[ 00:11 ],0,226
17292,2014-05-13,[ 00:12 ],0,227
17293,2014-05-13,[ 00:13 ],0,226
17294,2014-05-13,[ 00:14 ],0,227
17295,2014-05-13,[ 00:15 ],0,227
17296,2014-05-13,[ 00:16 ],0,225
17297,2014-05-13,[ 00:17 ],0,224
17298,2014-05-13,[ 00:18 ],0,225
17299,2014-05-13,[ 00:19 ],0,225
17300,2014-05-13,[ 00:20 ],0,225
17301,2014-05-13,[ 00:21 ],0,225
17302,2014-05-13,[ 00:22 ],0,225
17303,2014-05-13,[ 00:23 ],0,227
17304,2014-05-13,[ 00:24 ],0,225
17305,2014-05-13,[ 00:25 ],0,224
17306,2014-05-13,[ 00:26 ],0,225
17307,2014-05-13,[ 00:27 ],0,223
17308,2014-05-13,[ 00:28 ],0,247
17309,2014-05-13,[ 00:29 ],0,171
17310,2014-05-13,[ 00:30 ],0,171
17311,2014-05-13,[ 00:31 ],0,173
17312,2014-05-13,[ 00:32 ],0,168
17313,2014-05-13,[ 00:33 ],0,168
17314,2014-05-13,[ 00:34 ],0,168
17315,2014-05-13,[ 00:35 ],0,165
17316,2014-05-13,[ 00:36 ],0,167
17317,2014-05-13,[ 00:37 ],0,167
17318,2014-05-13,[ 00:38 ],0,167
17319,2014-05-13,[ 00:39 ],0,166
17320,2014-05-13,[ 00:40 ],0,166
17321,2014-05-13,[ 00:41 ],0,166
17322,2014-05-13,[ 00:42 ],0,166
17323,2014-05-13,[ 00:43 ],0,168
17324,2014-05-13,[ 00:44 ],0,167
17325,2014-05-13,[ 00:45 ],0,166
17326,2014-05-13,[ 00:46 ],0,165
17327,2014-05-13,[ 00:47 ],0,167
17328,2014-05-13,[ 00:48 ],0,165
17329,2014-05-13,[ 00:49 ],0,235
17330,2014-05-13,[ 00:50 ],0,238
17331,2014-05-13,[ 00:51 ],0,225
17332,2014-05-13,[ 00:52 ],0,226
17333,2014-05-13,[ 00:53 ],0,223
17334,2014-05-13,[ 00:54 ],0,224
17335,2014-05-13,[ 00:55 ],0,223
17336,2014-05-13,[ 00:56 ],0,223
17337,2014-05-13,[ 00:57 ],0,221
17338,2014-05-13,[ 00:58 ],0,218
17339,2014-05-13,[ 00:59 ],0,219
17340,2014-05-13,[ 01:00 ],0,221
17341,2014-05-13,[ 01:01 ],0,166
17342,2014-05-13,[ 01:02 ],0,167
17343,2014-05-13,[ 01:03 ],0,168
17344,2014-05-13,[ 01:04 ],0,166
17345,2014-05-13,[ 01:05 ],0,165
17346,2014-05-13,[ 01:06 ],0,166
17347,2014-05-13,[ 01:07 ],0,166
17348,2014-05-13,[ 01:08 ],0,163
17349,2014-05-13,[ 01:09 ],0,165
17350,2014-05-13,[ 01:10 ],0,166
17351,2014-05-13,[ 01:11 ],0,167
17352,2014-05-13,[ 01:12 ],0,166
17353,2014-05-13,[ 01:13 ],0,165
17354,2014-05-13,[ 01:14 ],0,165
17355,2014-05-13,[ 01:15 ],0,166
17356,2014-05-13,[ 01:16 ],0,163
17357,2014-05-13,[ 01:17 ],0,235
17358,2014-05-13,[ 01:18 ],0,226
17359,2014-05-13,[ 01:19 ],0,223
17360,2014-05-13,[ 01:20 ],0,222
17361,2014-05-13,[ 01:21 ],0,227
17362,2014-05-13,[ 01:22 ],0,229
17363,2014-05-13,[ 01:23 ],0,228
17364,2014-05-13,[ 01:24 ],0,229
17365,2014-05-13,[ 01:25 ],0,229
17366,2014-05-13,[ 01:26 ],0,228
17367,2014-05-13,[ 01:27 ],0,227
17368,2014-05-13,[ 01:28 ],0,227
17369,2014-05-13,[ 01:29 ],0,226
17370,2014-05-13,[ 01:30 ],0,226
17371,2014-05-13,[ 01:31 ],0,223
17372,2014-05-13,[ 01:32 ],0,226
17373,2014-05-13,[ 01:33 ],0,227
17374,2014-05-13,[ 01:34 ],0,228
17375,2014-05-13,[ 01:35 ],0,227
17376,2014-05-13,[ 01:36 ],0,232
17377,2014-05-13,[ 01:37 ],0,229
17378,2014-05-13,[ 01:38 ],0,227
17379,2014-05-13,[ 01:39 ],0,224
17380,2014-05-13,[ 01:40 ],0,223
17381,2014-05-13,[ 01:41 ],0,222
17382,2014-05-13,[ 01:42 ],0,223
17383,2014-05-13,[ 01:43 ],0,165
17384,2014-05-13,[ 01:44 ],0,166
17385,2014-05-13,[ 01:45 ],0,167
17386,2014-05-13,[ 01:46 ],0,165
17387,2014-05-13,[ 01:47 ],0,163
17388,2014-05-13,[ 01:48 ],0,167
17389,2014-05-13,[ 01:49 ],0,166
17390,2014-05-13,[ 01:50 ],0,166
17391,2014-05-13,[ 01:51 ],0,167
17392,2014-05-13,[ 01:52 ],0,166
17393,2014-05-13,[ 01:53 ],0,166
17394,2014-05-13,[ 01:54 ],0,165
17395,2014-05-13,[ 01:55 ],0,167
17396,2014-05-13,[ 01:56 ],0,165
17397,2014-05-13,[ 01:57 ],0,166
17398,2014-05-13,[ 01:58 ],0,165
17399,2014-05-13,[ 01:59 ],0,166
17400,2014-05-13,[ 02:00 ],0,166
17401,2014-05-13,[ 02:01 ],0,167
17402,2014-05-13,[ 02:02 ],0,167
17403,2014-05-13,[ 02:03 ],0,168
17404,2014-05-13,[ 02:04 ],0,165
17405,2014-05-13,[ 02:05 ],0,166
17406,2014-05-13,[ 02:06 ],0,165
17407,2014-05-13,[ 02:07 ],0,165
17408,2014-05-13,[ 02:08 ],0,166
17409,2014-05-13,[ 02:09 ],0,167
17410,2014-05-13,[ 02:10 ],0,167
17411,2014-05-13,[ 02:11 ],0,167
17412,2014-05-13,[ 02:12 ],0,163
17413,2014-05-13,[ 02:13 ],0,162
17414,2014-05-13,[ 02:14 ],0,165
17415,2014-05-13,[ 02:15 ],0,163
17416,2014-05-13,[ 02:16 ],0,163
17417,2014-05-13,[ 02:17 ],0,163
17418,2014-05-13,[ 02:18 ],0,163
17419,2014-05-13,[ 02:19 ],0,163
17420,2014-05-13,[ 02:20 ],0,163
17421,2014-05-13,[ 02:21 ],0,165
17422,2014-05-13,[ 02:22 ],0,165
17423,2014-05-13,[ 02:23 ],0,165
17424,2014-05-13,[ 02:24 ],0,166
17425,2014-05-13,[ 02:25 ],0,165
17426,2014-05-13,[ 02:26 ],0,163
17427,2014-05-13,[ 02:27 ],0,166
17428,2014-05-13,[ 02:28 ],0,234
17429,2014-05-13,[ 02:29 ],0,222
17430,2014-05-13,[ 02:30 ],0,221
17431,2014-05-13,[ 02:31 ],0,223
17432,2014-05-13,[ 02:32 ],0,222
17433,2014-05-13,[ 02:33 ],0,221
17434,2014-05-13,[ 02:34 ],0,221
17435,2014-05-13,[ 02:35 ],0,218
17436,2014-05-13,[ 02:36 ],0,217
17437,2014-05-13,[ 02:37 ],0,217
17438,2014-05-13,[ 02:38 ],0,217
17439,2014-05-13,[ 02:39 ],0,163
17440,2014-05-13,[ 02:40 ],0,163
17441,2014-05-13,[ 02:41 ],0,163
17442,2014-05-13,[ 02:42 ],0,163
17443,2014-05-13,[ 02:43 ],0,163
17444,2014-05-13,[ 02:44 ],0,165
17445,2014-05-13,[ 02:45 ],0,165
17446,2014-05-13,[ 02:46 ],0,165
17447,2014-05-13,[ 02:47 ],0,163
17448,2014-05-13,[ 02:48 ],0,161
17449,2014-05-13,[ 02:49 ],0,163
17450,2014-05-13,[ 02:50 ],0,163
17451,2014-05-13,[ 02:51 ],0,163
17452,2014-05-13,[ 02:52 ],0,162
17453,2014-05-13,[ 02:53 ],0,166
17454,2014-05-13,[ 02:54 ],0,163
17455,2014-05-13,[ 02:55 ],0,163
17456,2014-05-13,[ 02:56 ],0,163
17457,2014-05-13,[ 02:57 ],0,163
17458,2014-05-13,[ 02:58 ],0,240
17459,2014-05-13,[ 02:59 ],0,224
17460,2014-05-13,[ 03:00 ],0,223
17461,2014-05-13,[ 03:01 ],0,223
17462,2014-05-13,[ 03:02 ],0,224
17463,2014-05-13,[ 03:03 ],0,227
17464,2014-05-13,[ 03:04 ],0,226
17465,2014-05-13,[ 03:05 ],0,228
17466,2014-05-13,[ 03:06 ],0,224
17467,2014-05-13,[ 03:07 ],0,224
17468,2014-05-13,[ 03:08 ],0,224
17469,2014-05-13,[ 03:09 ],0,223
17470,2014-05-13,[ 03:10 ],0,224
17471,2014-05-13,[ 03:11 ],0,223
17472,2014-05-13,[ 03:12 ],0,225
17473,2014-05-13,[ 03:13 ],0,225
17474,2014-05-13,[ 03:14 ],0,225
17475,2014-05-13,[ 03:15 ],0,224
17476,2014-05-13,[ 03:16 ],0,225
17477,2014-05-13,[ 03:17 ],0,225
17478,2014-05-13,[ 03:18 ],0,225
17479,2014-05-13,[ 03:19 ],0,225
17480,2014-05-13,[ 03:20 ],0,222
17481,2014-05-13,[ 03:21 ],0,221
17482,2014-05-13,[ 03:22 ],0,219
17483,2014-05-13,[ 03:23 ],0,218
17484,2014-05-13,[ 03:24 ],0,214
17485,2014-05-13,[ 03:25 ],0,163
17486,2014-05-13,[ 03:26 ],0,163
17487,2014-05-13,[ 03:27 ],0,163
17488,2014-05-13,[ 03:28 ],0,163
17489,2014-05-13,[ 03:29 ],0,163
17490,2014-05-13,[ 03:30 ],0,163
17491,2014-05-13,[ 03:31 ],0,163
17492,2014-05-13,[ 03:32 ],0,163
17493,2014-05-13,[ 03:33 ],0,163
17494,2014-05-13,[ 03:34 ],0,163
17495,2014-05-13,[ 03:35 ],0,163
17496,2014-05-13,[ 03:36 ],0,163
17497,2014-05-13,[ 03:37 ],0,163
17498,2014-05-13,[ 03:38 ],0,165
17499,2014-05-13,[ 03:39 ],0,165
17500,2014-05-13,[ 03:40 ],0,163
17501,2014-05-13,[ 03:41 ],0,163
17502,2014-05-13,[ 03:42 ],0,163
17503,2014-05-13,[ 03:43 ],0,163
17504,2014-05-13,[ 03:44 ],0,163
17505,2014-05-13,[ 03:45 ],0,163
17506,2014-05-13,[ 03:46 ],0,163
17507,2014-05-13,[ 03:47 ],0,163
17508,2014-05-13,[ 03:48 ],0,165
17509,2014-05-13,[ 03:49 ],0,165
17510,2014-05-13,[ 03:50 ],0,163
17511,2014-05-13,[ 03:51 ],0,163
17512,2014-05-13,[ 03:52 ],0,163
17513,2014-05-13,[ 03:53 ],0,163
17514,2014-05-13,[ 03:54 ],0,163
17515,2014-05-13,[ 03:55 ],0,165
17516,2014-05-13,[ 03:56 ],0,165
17517,2014-05-13,[ 03:57 ],0,165
17518,2014-05-13,[ 03:58 ],0,163
17519,2014-05-13,[ 03:59 ],0,165
17520,2014-05-13,[ 04:00 ],0,167
17521,2014-05-13,[ 04:01 ],0,165
17522,2014-05-13,[ 04:02 ],0,165
17523,2014-05-13,[ 04:03 ],0,163
17524,2014-05-13,[ 04:04 ],0,165
17525,2014-05-13,[ 04:05 ],0,166
17526,2014-05-13,[ 04:06 ],0,163
17527,2014-05-13,[ 04:07 ],0,163
17528,2014-05-13,[ 04:08 ],0,163
17529,2014-05-13,[ 04:09 ],0,165
17530,2014-05-13,[ 04:10 ],0,249
17531,2014-05-13,[ 04:11 ],0,221
17532,2014-05-13,[ 04:12 ],0,223
17533,2014-05-13,[ 04:13 ],0,222
17534,2014-05-13,[ 04:14 ],0,222
17535,2014-05-13,[ 04:15 ],0,222
17536,2014-05-13,[ 04:16 ],0,219
17537,2014-05-13,[ 04:17 ],0,218
17538,2014-05-13,[ 04:18 ],0,219
17539,2014-05-13,[ 04:19 ],0,216
17540,2014-05-13,[ 04:20 ],0,216
17541,2014-05-13,[ 04:21 ],0,163
17542,2014-05-13,[ 04:22 ],0,160
17543,2014-05-13,[ 04:23 ],0,163
17544,2014-05-13,[ 04:24 ],0,163
17545,2014-05-13,[ 04:25 ],0,163
17546,2014-05-13,[ 04:26 ],0,163
17547,2014-05-13,[ 04:27 ],0,163
17548,2014-05-13,[ 04:28 ],0,163
17549,2014-05-13,[ 04:29 ],0,163
17550,2014-05-13,[ 04:30 ],0,163
17551,2014-05-13,[ 04:31 ],0,163
17552,2014-05-13,[ 04:32 ],0,163
17553,2014-05-13,[ 04:33 ],0,163
17554,2014-05-13,[ 04:34 ],0,163
17555,2014-05-13,[ 04:35 ],0,163
17556,2014-05-13,[ 04:36 ],0,162
17557,2014-05-13,[ 04:37 ],0,162
17558,2014-05-13,[ 04:38 ],0,162
17559,2014-05-13,[ 04:39 ],0,163
17560,2014-05-13,[ 04:40 ],0,163
17561,2014-05-13,[ 04:41 ],0,232
17562,2014-05-13,[ 04:42 ],0,226
17563,2014-05-13,[ 04:43 ],0,218
17564,2014-05-13,[ 04:44 ],0,221
17565,2014-05-13,[ 04:45 ],0,223
17566,2014-05-13,[ 04:46 ],0,225
17567,2014-05-13,[ 04:47 ],0,225
17568,2014-05-13,[ 04:48 ],0,224
17569,2014-05-13,[ 04:49 ],0,225
17570,2014-05-13,[ 04:50 ],0,225
17571,2014-05-13,[ 04:51 ],0,221
17572,2014-05-13,[ 04:52 ],0,217
17573,2014-05-13,[ 04:53 ],0,218
17574,2014-05-13,[ 04:54 ],0,225
17575,2014-05-13,[ 04:55 ],0,216
17576,2014-05-13,[ 04:56 ],0,217
17577,2014-05-13,[ 04:57 ],0,218
17578,2014-05-13,[ 04:58 ],0,221
17579,2014-05-13,[ 04:59 ],0,219
17580,2014-05-13,[ 05:00 ],0,223
17581,2014-05-13,[ 05:01 ],0,223
17582,2014-05-13,[ 05:02 ],0,221
17583,2014-05-13,[ 05:03 ],0,218
17584,2014-05-13,[ 05:04 ],0,215
17585,2014-05-13,[ 05:05 ],0,216
17586,2014-05-13,[ 05:06 ],0,213
17587,2014-05-13,[ 05:07 ],0,215
17588,2014-05-13,[ 05:08 ],0,159
17589,2014-05-13,[ 05:09 ],0,166
17590,2014-05-13,[ 05:10 ],0,2683
17591,2014-05-13,[ 05:11 ],0,2630
17592,2014-05-13,[ 05:12 ],0,2599
17593,2014-05-13,[ 05:13 ],0,271
17594,2014-05-13,[ 05:14 ],0,196
17595,2014-05-13,[ 05:15 ],0,249
17596,2014-05-13,[ 05:16 ],0,1951
17597,2014-05-13,[ 05:17 ],0,1950
17598,2014-05-13,[ 05:18 ],0,1958
17599,2014-05-13,[ 05:19 ],0,1907
17600,2014-05-13,[ 05:20 ],0,1939
17601,2014-05-13,[ 05:21 ],0,1921
17602,2014-05-13,[ 05:22 ],0,225
17603,2014-05-13,[ 05:23 ],0,216
17604,2014-05-13,[ 05:24 ],0,221
17605,2014-05-13,[ 05:25 ],0,200
17606,2014-05-13,[ 05:26 ],0,208
17607,2014-05-13,[ 05:27 ],0,202
17608,2014-05-13,[ 05:28 ],0,212
17609,2014-05-13,[ 05:29 ],0,217
17610,2014-05-13,[ 05:30 ],0,223
17611,2014-05-13,[ 05:31 ],0,216
17612,2014-05-13,[ 05:32 ],0,212
17613,2014-05-13,[ 05:33 ],0,206
17614,2014-05-13,[ 05:34 ],0,235
17615,2014-05-13,[ 05:35 ],0,235
17616,2014-05-13,[ 05:36 ],0,204
17617,2014-05-13,[ 05:37 ],0,223
17618,2014-05-13,[ 05:38 ],0,228
17619,2014-05-13,[ 05:39 ],0,227
17620,2014-05-13,[ 05:40 ],0,247
17621,2014-05-13,[ 05:41 ],0,331
17622,2014-05-13,[ 05:42 ],0,331
17623,2014-05-13,[ 05:43 ],0,313
17624,2014-05-13,[ 05:44 ],0,306
17625,2014-05-13,[ 05:45 ],0,323
17626,2014-05-13,[ 05:46 ],0,311
17627,2014-05-13,[ 05:47 ],0,306
17628,2014-05-13,[ 05:48 ],0,311
17629,2014-05-13,[ 05:49 ],0,306
17630,2014-05-13,[ 05:50 ],0,307
17631,2014-05-13,[ 05:51 ],0,312
17632,2014-05-13,[ 05:52 ],0,313
17633,2014-05-13,[ 05:53 ],0,307
17634,2014-05-13,[ 05:54 ],0,386
17635,2014-05-13,[ 05:55 ],0,383
17636,2014-05-13,[ 05:56 ],0,374
17637,2014-05-13,[ 05:57 ],0,372
17638,2014-05-13,[ 05:58 ],0,304
17639,2014-05-13,[ 05:59 ],0,304
17640,2014-05-13,[ 06:00 ],0,381
17641,2014-05-13,[ 06:01 ],0,387
17642,2014-05-13,[ 06:02 ],0,386
17643,2014-05-13,[ 06:03 ],0,377
17644,2014-05-13,[ 06:04 ],0,367
17645,2014-05-13,[ 06:05 ],0,372
17646,2014-05-13,[ 06:06 ],0,311
17647,2014-05-13,[ 06:07 ],0,312
17648,2014-05-13,[ 06:08 ],0,313
17649,2014-05-13,[ 06:09 ],0,308
17650,2014-05-13,[ 06:10 ],0,312
17651,2014-05-13,[ 06:11 ],0,315
17652,2014-05-13,[ 06:12 ],0,305
17653,2014-05-13,[ 06:13 ],0,312
17654,2014-05-13,[ 06:14 ],0,326
17655,2014-05-13,[ 06:15 ],0,387
17656,2014-05-13,[ 06:16 ],0,388
17657,2014-05-13,[ 06:17 ],0,376
17658,2014-05-13,[ 06:18 ],0,376
17659,2014-05-13,[ 06:19 ],0,382
17660,2014-05-13,[ 06:20 ],0,386
17661,2014-05-13,[ 06:21 ],0,380
17662,2014-05-13,[ 06:22 ],0,389
17663,2014-05-13,[ 06:23 ],0,387
17664,2014-05-13,[ 06:24 ],0,385
17665,2014-05-13,[ 06:25 ],0,385
17666,2014-05-13,[ 06:26 ],0,380
17667,2014-05-13,[ 06:27 ],0,381
17668,2014-05-13,[ 06:28 ],0,378
17669,2014-05-13,[ 06:29 ],0,386
17670,2014-05-13,[ 06:30 ],0,386
17671,2014-05-13,[ 06:31 ],0,376
17672,2014-05-13,[ 06:32 ],0,382
17673,2014-05-13,[ 06:33 ],0,383
17674,2014-05-13,[ 06:34 ],0,372
17675,2014-05-13,[ 06:35 ],0,394
17676,2014-05-13,[ 06:36 ],0,394
17677,2014-05-13,[ 06:37 ],0,369
17678,2014-05-13,[ 06:38 ],0,367
17679,2014-05-13,[ 06:39 ],0,382
17680,2014-05-13,[ 06:40 ],0,330
17681,2014-05-13,[ 06:41 ],0,330
17682,2014-05-13,[ 06:42 ],0,316
17683,2014-05-13,[ 06:43 ],0,256
17684,2014-05-13,[ 06:44 ],0,253
17685,2014-05-13,[ 06:45 ],0,251
17686,2014-05-13,[ 06:46 ],0,251
17687,2014-05-13,[ 06:47 ],0,253
17688,2014-05-13,[ 06:48 ],0,274
17689,2014-05-13,[ 06:49 ],0,321
17690,2014-05-13,[ 06:50 ],0,324
17691,2014-05-13,[ 06:51 ],0,318
17692,2014-05-13,[ 06:52 ],0,311
17693,2014-05-13,[ 06:53 ],0,321
17694,2014-05-13,[ 06:54 ],0,315
17695,2014-05-13,[ 06:55 ],0,312
17696,2014-05-13,[ 06:56 ],0,311
17697,2014-05-13,[ 06:57 ],0,311
17698,2014-05-13,[ 06:58 ],0,309
17699,2014-05-13,[ 06:59 ],0,326
17700,2014-05-13,[ 07:00 ],0,310
17701,2014-05-13,[ 07:01 ],0,389
17702,2014-05-13,[ 07:02 ],0,385
17703,2014-05-13,[ 07:03 ],0,394
17704,2014-05-13,[ 07:04 ],0,376
17705,2014-05-13,[ 07:05 ],0,369
17706,2014-05-13,[ 07:06 ],0,363
17707,2014-05-13,[ 07:07 ],0,377
17708,2014-05-13,[ 07:08 ],0,377
17709,2014-05-13,[ 07:09 ],0,371
17710,2014-05-13,[ 07:10 ],0,387
17711,2014-05-13,[ 07:11 ],0,372
17712,2014-05-13,[ 07:12 ],0,355
17713,2014-05-13,[ 07:13 ],0,369
17714,2014-05-13,[ 07:14 ],0,382
17715,2014-05-13,[ 07:15 ],0,348
17716,2014-05-13,[ 07:16 ],0,370
17717,2014-05-13,[ 07:17 ],0,367
17718,2014-05-13,[ 07:18 ],0,352
17719,2014-05-13,[ 07:19 ],0,351
17720,2014-05-13,[ 07:20 ],0,375
17721,2014-05-13,[ 07:21 ],0,344
17722,2014-05-13,[ 07:22 ],0,345
17723,2014-05-13,[ 07:23 ],0,343
17724,2014-05-13,[ 07:24 ],0,421
17725,2014-05-13,[ 07:25 ],0,381
17726,2014-05-13,[ 07:26 ],0,380
17727,2014-05-13,[ 07:27 ],0,383
17728,2014-05-13,[ 07:28 ],0,374
17729,2014-05-13,[ 07:29 ],0,377
17730,2014-05-13,[ 07:30 ],0,369
17731,2014-05-13,[ 07:31 ],0,374
17732,2014-05-13,[ 07:32 ],0,377
17733,2014-05-13,[ 07:33 ],0,381
17734,2014-05-13,[ 07:34 ],0,385
17735,2014-05-13,[ 07:35 ],0,398
17736,2014-05-13,[ 07:36 ],0,2875
17737,2014-05-13,[ 07:37 ],0,2789
17738,2014-05-13,[ 07:38 ],0,2800
17739,2014-05-13,[ 07:39 ],0,1973
17740,2014-05-13,[ 07:40 ],0,2024
17741,2014-05-13,[ 07:41 ],0,1926
17742,2014-05-13,[ 07:42 ],0,371
17743,2014-05-13,[ 07:43 ],0,363
17744,2014-05-13,[ 07:44 ],0,356
17745,2014-05-13,[ 07:45 ],0,366
17746,2014-05-13,[ 07:46 ],0,358
17747,2014-05-13,[ 07:47 ],0,354
17748,2014-05-13,[ 07:48 ],0,353
17749,2014-05-13,[ 07:49 ],0,372
17750,2014-05-13,[ 07:50 ],0,358
17751,2014-05-13,[ 07:51 ],0,359
17752,2014-05-13,[ 07:52 ],0,421
17753,2014-05-13,[ 07:53 ],0,432
17754,2014-05-13,[ 07:54 ],0,411
17755,2014-05-13,[ 07:55 ],0,465
17756,2014-05-13,[ 07:56 ],0,450
17757,2014-05-13,[ 07:57 ],0,463
17758,2014-05-13,[ 07:58 ],0,424
17759,2014-05-13,[ 07:59 ],0,430
17760,2014-05-13,[ 08:00 ],0,446
17761,2014-05-13,[ 08:01 ],0,426
17762,2014-05-13,[ 08:02 ],0,435
17763,2014-05-13,[ 08:03 ],0,437
17764,2014-05-13,[ 08:04 ],0,430
17765,2014-05-13,[ 08:05 ],0,429
17766,2014-05-13,[ 08:06 ],0,429
17767,2014-05-13,[ 08:07 ],0,445
17768,2014-05-13,[ 08:08 ],0,435
17769,2014-05-13,[ 08:09 ],0,435
17770,2014-05-13,[ 08:10 ],0,425
17771,2014-05-13,[ 08:11 ],0,425
17772,2014-05-13,[ 08:12 ],0,2118
17773,2014-05-13,[ 08:13 ],0,2092
17774,2014-05-13,[ 08:14 ],0,451
17775,2014-05-13,[ 08:15 ],0,451
17776,2014-05-13,[ 08:16 ],0,430
17777,2014-05-13,[ 08:17 ],0,432
17778,2014-05-13,[ 08:18 ],0,410
17779,2014-05-13,[ 08:19 ],0,354
17780,2014-05-13,[ 08:20 ],0,354
17781,2014-05-13,[ 08:21 ],0,350
17782,2014-05-13,[ 08:22 ],0,351
17783,2014-05-13,[ 08:23 ],0,407
17784,2014-05-13,[ 08:24 ],0,410
17785,2014-05-13,[ 08:25 ],0,398
17786,2014-05-13,[ 08:26 ],0,399
17787,2014-05-13,[ 08:27 ],0,354
17788,2014-05-13,[ 08:28 ],0,340
17789,2014-05-13,[ 08:29 ],0,283
17790,2014-05-13,[ 08:30 ],0,259
17791,2014-05-13,[ 08:31 ],0,266
17792,2014-05-13,[ 08:32 ],0,416
17793,2014-05-13,[ 08:33 ],0,307
17794,2014-05-13,[ 08:34 ],0,312
17795,2014-05-13,[ 08:35 ],0,298
17796,2014-05-13,[ 08:36 ],0,302
17797,2014-05-13,[ 08:37 ],0,271
17798,2014-05-13,[ 08:38 ],0,273
17799,2014-05-13,[ 08:39 ],0,273
17800,2014-05-13,[ 08:40 ],0,273
17801,2014-05-13,[ 08:41 ],0,273
17802,2014-05-13,[ 08:42 ],0,271
17803,2014-05-13,[ 08:43 ],0,269
17804,2014-05-13,[ 08:44 ],0,308
17805,2014-05-13,[ 08:45 ],0,308
17806,2014-05-13,[ 08:46 ],0,309
17807,2014-05-13,[ 08:47 ],0,308
17808,2014-05-13,[ 08:48 ],0,278
17809,2014-05-13,[ 08:49 ],0,271
17810,2014-05-13,[ 08:50 ],0,271
17811,2014-05-13,[ 08:51 ],0,274
17812,2014-05-13,[ 08:52 ],0,273
17813,2014-05-13,[ 08:53 ],0,272
17814,2014-05-13,[ 08:54 ],0,269
17815,2014-05-13,[ 08:55 ],0,222
17816,2014-05-13,[ 08:56 ],0,221
17817,2014-05-13,[ 08:57 ],0,249
17818,2014-05-13,[ 08:58 ],0,254
17819,2014-05-13,[ 08:59 ],0,254
17820,2014-05-13,[ 09:00 ],0,252
17821,2014-05-13,[ 09:01 ],0,333
17822,2014-05-13,[ 09:02 ],0,420
17823,2014-05-13,[ 09:03 ],0,409
17824,2014-05-13,[ 09:04 ],0,405
17825,2014-05-13,[ 09:05 ],0,402
17826,2014-05-13,[ 09:06 ],0,407
17827,2014-05-13,[ 09:07 ],0,401
17828,2014-05-13,[ 09:08 ],0,403
17829,2014-05-13,[ 09:09 ],0,403
17830,2014-05-13,[ 09:10 ],0,406
17831,2014-05-13,[ 09:11 ],0,403
17832,2014-05-13,[ 09:12 ],0,406
17833,2014-05-13,[ 09:13 ],0,399
17834,2014-05-13,[ 09:14 ],0,404
17835,2014-05-13,[ 09:15 ],0,411
17836,2014-05-13,[ 09:16 ],0,402
17837,2014-05-13,[ 09:17 ],0,404
17838,2014-05-13,[ 09:18 ],0,405
17839,2014-05-13,[ 09:19 ],0,405
17840,2014-05-13,[ 09:20 ],0,404
17841,2014-05-13,[ 09:21 ],0,404
17842,2014-05-13,[ 09:22 ],0,407
17843,2014-05-13,[ 09:23 ],0,403
17844,2014-05-13,[ 09:24 ],0,404
17845,2014-05-13,[ 09:25 ],0,412
17846,2014-05-13,[ 09:26 ],0,405
17847,2014-05-13,[ 09:27 ],0,403
17848,2014-05-13,[ 09:28 ],0,403
17849,2014-05-13,[ 09:29 ],0,398
17850,2014-05-13,[ 09:30 ],0,400
17851,2014-05-13,[ 09:31 ],0,400
17852,2014-05-13,[ 09:32 ],0,398
17853,2014-05-13,[ 09:33 ],0,331
17854,2014-05-13,[ 09:34 ],0,336
17855,2014-05-13,[ 09:35 ],0,335
17856,2014-05-13,[ 09:36 ],0,335
17857,2014-05-13,[ 09:37 ],0,548
17858,2014-05-13,[ 09:38 ],0,555
17859,2014-05-13,[ 09:39 ],0,554
17860,2014-05-13,[ 09:40 ],0,557
17861,2014-05-13,[ 09:41 ],0,554
17862,2014-05-13,[ 09:42 ],0,567
17863,2014-05-13,[ 09:43 ],0,554
17864,2014-05-13,[ 09:44 ],0,552
17865,2014-05-13,[ 09:45 ],0,555
17866,2014-05-13,[ 09:46 ],0,550
17867,2014-05-13,[ 09:47 ],0,546
17868,2014-05-13,[ 09:48 ],0,505
17869,2014-05-13,[ 09:49 ],0,481
17870,2014-05-13,[ 09:50 ],0,330
17871,2014-05-13,[ 09:51 ],0,336
17872,2014-05-13,[ 09:52 ],0,334
17873,2014-05-13,[ 09:53 ],0,330
17874,2014-05-13,[ 09:54 ],0,326
17875,2014-05-13,[ 09:55 ],0,330
17876,2014-05-13,[ 09:56 ],0,327
17877,2014-05-13,[ 09:57 ],0,328
17878,2014-05-13,[ 09:58 ],0,324
17879,2014-05-13,[ 09:59 ],0,331
17880,2014-05-13,[ 10:00 ],0,323
17881,2014-05-13,[ 10:01 ],0,326
17882,2014-05-13,[ 10:02 ],0,323
17883,2014-05-13,[ 10:03 ],0,449
17884,2014-05-13,[ 10:04 ],0,398
17885,2014-05-13,[ 10:05 ],0,406
17886,2014-05-13,[ 10:06 ],0,407
17887,2014-05-13,[ 10:07 ],0,409
17888,2014-05-13,[ 10:08 ],0,410
17889,2014-05-13,[ 10:09 ],0,410
17890,2014-05-13,[ 10:10 ],0,418
17891,2014-05-13,[ 10:11 ],0,415
17892,2014-05-13,[ 10:12 ],0,414
17893,2014-05-13,[ 10:13 ],0,416
17894,2014-05-13,[ 10:14 ],0,413
17895,2014-05-13,[ 10:15 ],0,409
17896,2014-05-13,[ 10:16 ],0,407
17897,2014-05-13,[ 10:17 ],0,404
17898,2014-05-13,[ 10:18 ],0,394
17899,2014-05-13,[ 10:19 ],0,416
17900,2014-05-13,[ 10:20 ],0,348
17901,2014-05-13,[ 10:21 ],0,346
17902,2014-05-13,[ 10:22 ],0,354
17903,2014-05-13,[ 10:23 ],0,350
17904,2014-05-13,[ 10:24 ],0,413
17905,2014-05-13,[ 10:25 ],0,459
17906,2014-05-13,[ 10:26 ],0,452
17907,2014-05-13,[ 10:27 ],0,439
17908,2014-05-13,[ 10:28 ],0,417
17909,2014-05-13,[ 10:29 ],0,420
17910,2014-05-13,[ 10:30 ],0,412
17911,2014-05-13,[ 10:31 ],0,411
17912,2014-05-13,[ 10:32 ],0,409
17913,2014-05-13,[ 10:33 ],0,414
17914,2014-05-13,[ 10:34 ],0,412
17915,2014-05-13,[ 10:35 ],0,393
17916,2014-05-13,[ 10:36 ],0,407
17917,2014-05-13,[ 10:37 ],0,402
17918,2014-05-13,[ 10:38 ],0,409
17919,2014-05-13,[ 10:39 ],0,401
17920,2014-05-13,[ 10:40 ],0,411
17921,2014-05-13,[ 10:41 ],0,406
17922,2014-05-13,[ 10:42 ],0,406
17923,2014-05-13,[ 10:43 ],0,417
17924,2014-05-13,[ 10:44 ],0,407
17925,2014-05-13,[ 10:45 ],0,405
17926,2014-05-13,[ 10:46 ],0,453
17927,2014-05-13,[ 10:47 ],0,475
17928,2014-05-13,[ 10:48 ],0,491
17929,2014-05-13,[ 10:49 ],0,463
17930,2014-05-13,[ 10:50 ],0,400
17931,2014-05-13,[ 10:51 ],0,2792
17932,2014-05-13,[ 10:52 ],0,2840
17933,2014-05-13,[ 10:53 ],0,2882
17934,2014-05-13,[ 10:54 ],0,2080
17935,2014-05-13,[ 10:55 ],0,2080
17936,2014-05-13,[ 10:56 ],0,1973
17937,2014-05-13,[ 10:57 ],0,2759
17938,2014-05-13,[ 10:58 ],0,2835
17939,2014-05-13,[ 10:59 ],0,2099
17940,2014-05-13,[ 11:00 ],0,2199
17941,2014-05-13,[ 11:01 ],0,2769
17942,2014-05-13,[ 11:02 ],0,1908
17943,2014-05-13,[ 11:03 ],0,2423
17944,2014-05-13,[ 11:04 ],0,2245
17945,2014-05-13,[ 11:05 ],0,1920
17946,2014-05-13,[ 11:06 ],0,2682
17947,2014-05-13,[ 11:07 ],0,1813
17948,2014-05-13,[ 11:08 ],0,2904
17949,2014-05-13,[ 11:09 ],0,1787
17950,2014-05-13,[ 11:10 ],0,1821
17951,2014-05-13,[ 11:11 ],0,1784
17952,2014-05-13,[ 11:12 ],0,1773
17953,2014-05-13,[ 11:13 ],0,1789
17954,2014-05-13,[ 11:14 ],0,1778
17955,2014-05-13,[ 11:15 ],0,361
17956,2014-05-13,[ 11:16 ],0,365
17957,2014-05-13,[ 11:17 ],0,374
17958,2014-05-13,[ 11:18 ],0,356
17959,2014-05-13,[ 11:19 ],0,416
17960,2014-05-13,[ 11:20 ],0,414
17961,2014-05-13,[ 11:21 ],0,492
17962,2014-05-13,[ 11:22 ],0,521
17963,2014-05-13,[ 11:23 ],0,520
17964,2014-05-13,[ 11:24 ],0,483
17965,2014-05-13,[ 11:25 ],0,424
17966,2014-05-13,[ 11:26 ],0,412
17967,2014-05-13,[ 11:27 ],0,415
17968,2014-05-13,[ 11:28 ],0,412
17969,2014-05-13,[ 11:29 ],0,405
17970,2014-05-13,[ 11:30 ],0,427
17971,2014-05-13,[ 11:31 ],0,406
17972,2014-05-13,[ 11:32 ],0,399
17973,2014-05-13,[ 11:33 ],0,403
17974,2014-05-13,[ 11:34 ],0,399
17975,2014-05-13,[ 11:35 ],0,405
17976,2014-05-13,[ 11:36 ],0,405
17977,2014-05-13,[ 11:37 ],0,363
17978,2014-05-13,[ 11:38 ],0,359
17979,2014-05-13,[ 11:39 ],0,353
17980,2014-05-13,[ 11:40 ],0,359
17981,2014-05-13,[ 11:41 ],0,363
17982,2014-05-13,[ 11:42 ],0,365
17983,2014-05-13,[ 11:43 ],0,359
17984,2014-05-13,[ 11:44 ],0,411
17985,2014-05-13,[ 11:45 ],0,366
17986,2014-05-13,[ 11:46 ],0,359
17987,2014-05-13,[ 11:47 ],0,347
17988,2014-05-13,[ 11:48 ],0,354
17989,2014-05-13,[ 11:49 ],0,351
17990,2014-05-13,[ 11:50 ],0,347
17991,2014-05-13,[ 11:51 ],0,350
17992,2014-05-13,[ 11:52 ],0,350
17993,2014-05-13,[ 11:53 ],0,327
17994,2014-05-13,[ 11:54 ],0,324
17995,2014-05-13,[ 11:55 ],0,309
17996,2014-05-13,[ 11:56 ],0,305
17997,2014-05-13,[ 11:57 ],0,318
17998,2014-05-13,[ 11:58 ],0,313
17999,2014-05-13,[ 11:59 ],0,379
18000,2014-05-13,[ 12:00 ],0,379
18001,2014-05-13,[ 12:01 ],0,418
18002,2014-05-13,[ 12:02 ],0,337
18003,2014-05-13,[ 12:03 ],0,2763
18004,2014-05-13,[ 12:04 ],0,2826
18005,2014-05-13,[ 12:05 ],0,2789
18006,2014-05-13,[ 12:06 ],0,398
18007,2014-05-13,[ 12:07 ],0,440
18008,2014-05-13,[ 12:08 ],0,455
18009,2014-05-13,[ 12:09 ],0,430
18010,2014-05-13,[ 12:10 ],0,467
18011,2014-05-13,[ 12:11 ],0,421
18012,2014-05-13,[ 12:12 ],0,403
18013,2014-05-13,[ 12:13 ],0,382
18014,2014-05-13,[ 12:14 ],0,435
18015,2014-05-13,[ 12:15 ],0,394
18016,2014-05-13,[ 12:16 ],0,411
18017,2014-05-13,[ 12:17 ],0,387
18018,2014-05-13,[ 12:18 ],0,387
18019,2014-05-13,[ 12:19 ],0,436
18020,2014-05-13,[ 12:20 ],0,451
18021,2014-05-13,[ 12:21 ],0,434
18022,2014-05-13,[ 12:22 ],0,370
18023,2014-05-13,[ 12:23 ],0,382
18024,2014-05-13,[ 12:24 ],0,380
18025,2014-05-13,[ 12:25 ],0,392
18026,2014-05-13,[ 12:26 ],0,389
18027,2014-05-13,[ 12:27 ],0,415
18028,2014-05-13,[ 12:28 ],0,426
18029,2014-05-13,[ 12:29 ],0,420
18030,2014-05-13,[ 12:30 ],0,452
18031,2014-05-13,[ 12:31 ],0,436
18032,2014-05-13,[ 12:32 ],0,418
18033,2014-05-13,[ 12:33 ],0,435
18034,2014-05-13,[ 12:34 ],0,436
18035,2014-05-13,[ 12:35 ],0,427
18036,2014-05-13,[ 12:36 ],0,435
18037,2014-05-13,[ 12:37 ],0,435
18038,2014-05-13,[ 12:38 ],0,406
18039,2014-05-13,[ 12:39 ],0,409
18040,2014-05-13,[ 12:40 ],0,397
18041,2014-05-13,[ 12:41 ],0,417
18042,2014-05-13,[ 12:42 ],0,416
18043,2014-05-13,[ 12:43 ],0,418
18044,2014-05-13,[ 12:44 ],0,415
18045,2014-05-13,[ 12:45 ],0,397
18046,2014-05-13,[ 12:46 ],0,410
18047,2014-05-13,[ 12:47 ],0,528
18048,2014-05-13,[ 12:48 ],0,480
18049,2014-05-13,[ 12:49 ],0,468
18050,2014-05-13,[ 12:50 ],0,453
18051,2014-05-13,[ 12:51 ],0,455
18052,2014-05-13,[ 12:52 ],0,427
18053,2014-05-13,[ 12:53 ],0,422
18054,2014-05-13,[ 12:54 ],0,392
18055,2014-05-13,[ 12:55 ],0,378
18056,2014-05-13,[ 12:56 ],0,399
18057,2014-05-13,[ 12:57 ],0,427
18058,2014-05-13,[ 12:58 ],0,364
18059,2014-05-13,[ 12:59 ],0,370
18060,2014-05-13,[ 13:00 ],0,352
18061,2014-05-13,[ 13:01 ],0,485
18062,2014-05-13,[ 13:02 ],0,498
18063,2014-05-13,[ 13:03 ],0,371
18064,2014-05-13,[ 13:04 ],0,358
18065,2014-05-13,[ 13:05 ],0,332
18066,2014-05-13,[ 13:06 ],0,341
18067,2014-05-13,[ 13:07 ],0,390
18068,2014-05-13,[ 13:08 ],0,354
18069,2014-05-13,[ 13:09 ],0,438
18070,2014-05-13,[ 13:10 ],0,480
18071,2014-05-13,[ 13:11 ],0,440
18072,2014-05-13,[ 13:12 ],0,440
18073,2014-05-13,[ 13:13 ],0,467
18074,2014-05-13,[ 13:14 ],0,478
18075,2014-05-13,[ 13:15 ],0,436
18076,2014-05-13,[ 13:16 ],0,446
18077,2014-05-13,[ 13:17 ],0,471
18078,2014-05-13,[ 13:18 ],0,487
18079,2014-05-13,[ 13:19 ],0,462
18080,2014-05-13,[ 13:20 ],0,465
18081,2014-05-13,[ 13:21 ],0,453
18082,2014-05-13,[ 13:22 ],0,462
18083,2014-05-13,[ 13:23 ],0,446
18084,2014-05-13,[ 13:24 ],0,447
18085,2014-05-13,[ 13:25 ],0,465
18086,2014-05-13,[ 13:26 ],0,507
18087,2014-05-13,[ 13:27 ],0,484
18088,2014-05-13,[ 13:28 ],0,486
18089,2014-05-13,[ 13:29 ],0,486
18090,2014-05-13,[ 13:30 ],0,464
18091,2014-05-13,[ 13:31 ],0,463
18092,2014-05-13,[ 13:32 ],0,459
18093,2014-05-13,[ 13:33 ],0,469
18094,2014-05-13,[ 13:34 ],0,468
18095,2014-05-13,[ 13:35 ],0,498
18096,2014-05-13,[ 13:36 ],0,483
18097,2014-05-13,[ 13:37 ],0,472
18098,2014-05-13,[ 13:38 ],0,484
18099,2014-05-13,[ 13:39 ],0,484
18100,2014-05-13,[ 13:40 ],0,448
18101,2014-05-13,[ 13:41 ],0,436
18102,2014-05-13,[ 13:42 ],0,443
18103,2014-05-13,[ 13:43 ],0,445
18104,2014-05-13,[ 13:44 ],0,415
18105,2014-05-13,[ 13:45 ],0,422
18106,2014-05-13,[ 13:46 ],0,437
18107,2014-05-13,[ 13:47 ],0,427
18108,2014-05-13,[ 13:48 ],0,426
18109,2014-05-13,[ 13:49 ],0,436
18110,2014-05-13,[ 13:50 ],0,422
18111,2014-05-13,[ 13:51 ],0,379
18112,2014-05-13,[ 13:52 ],0,382
18113,2014-05-13,[ 13:53 ],0,381
18114,2014-05-13,[ 13:54 ],0,378
18115,2014-05-13,[ 13:55 ],0,376
18116,2014-05-13,[ 13:56 ],0,376
18117,2014-05-13,[ 13:57 ],0,385
18118,2014-05-13,[ 13:58 ],0,385
18119,2014-05-13,[ 13:59 ],0,383
18120,2014-05-13,[ 14:00 ],0,383
18121,2014-05-13,[ 14:01 ],0,383
18122,2014-05-13,[ 14:02 ],0,380
18123,2014-05-13,[ 14:03 ],0,375
18124,2014-05-13,[ 14:04 ],0,456
18125,2014-05-13,[ 14:05 ],0,426
18126,2014-05-13,[ 14:06 ],0,400
18127,2014-05-13,[ 14:07 ],0,417
18128,2014-05-13,[ 14:08 ],0,463
18129,2014-05-13,[ 14:09 ],0,2958
18130,2014-05-13,[ 14:10 ],0,2950
18131,2014-05-13,[ 14:11 ],0,475
18132,2014-05-13,[ 14:12 ],0,471
18133,2014-05-13,[ 14:13 ],0,473
18134,2014-05-13,[ 14:14 ],0,414
18135,2014-05-13,[ 14:15 ],0,400
18136,2014-05-13,[ 14:16 ],0,406
18137,2014-05-13,[ 14:17 ],0,411
18138,2014-05-13,[ 14:18 ],0,382
18139,2014-05-13,[ 14:19 ],0,334
18140,2014-05-13,[ 14:20 ],0,326
18141,2014-05-13,[ 14:21 ],0,331
18142,2014-05-13,[ 14:22 ],0,327
18143,2014-05-13,[ 14:23 ],0,324
18144,2014-05-13,[ 14:24 ],0,333
18145,2014-05-13,[ 14:25 ],0,334
18146,2014-05-13,[ 14:26 ],0,332
18147,2014-05-13,[ 14:27 ],0,328
18148,2014-05-13,[ 14:28 ],0,328
18149,2014-05-13,[ 14:29 ],0,331
18150,2014-05-13,[ 14:30 ],0,331
18151,2014-05-13,[ 14:31 ],0,321
18152,2014-05-13,[ 14:32 ],0,341
18153,2014-05-13,[ 14:33 ],0,322
18154,2014-05-13,[ 14:34 ],0,326
18155,2014-05-13,[ 14:35 ],0,334
18156,2014-05-13,[ 14:36 ],0,351
18157,2014-05-13,[ 14:37 ],0,351
18158,2014-05-13,[ 14:38 ],0,354
18159,2014-05-13,[ 14:39 ],0,353
18160,2014-05-13,[ 14:40 ],0,328
18161,2014-05-13,[ 14:41 ],0,330
18162,2014-05-13,[ 14:42 ],0,331
18163,2014-05-13,[ 14:43 ],0,327
18164,2014-05-13,[ 14:44 ],0,330
18165,2014-05-13,[ 14:45 ],0,369
18166,2014-05-13,[ 14:46 ],0,359
18167,2014-05-13,[ 14:47 ],0,371
18168,2014-05-13,[ 14:48 ],0,366
18169,2014-05-13,[ 14:49 ],0,365
18170,2014-05-13,[ 14:50 ],0,369
18171,2014-05-13,[ 14:51 ],0,370
18172,2014-05-13,[ 14:52 ],0,370
18173,2014-05-13,[ 14:53 ],0,372
18174,2014-05-13,[ 14:54 ],0,343
18175,2014-05-13,[ 14:55 ],0,343
18176,2014-05-13,[ 14:56 ],0,337
18177,2014-05-13,[ 14:57 ],0,346
18178,2014-05-13,[ 14:58 ],0,340
18179,2014-05-13,[ 14:59 ],0,335
18180,2014-05-13,[ 15:00 ],0,333
18181,2014-05-13,[ 15:01 ],0,333
18182,2014-05-13,[ 15:02 ],0,406
18183,2014-05-13,[ 15:03 ],0,406
18184,2014-05-13,[ 15:04 ],0,406
18185,2014-05-13,[ 15:05 ],0,405
18186,2014-05-13,[ 15:06 ],0,406
18187,2014-05-13,[ 15:07 ],0,406
18188,2014-05-13,[ 15:08 ],0,398
18189,2014-05-13,[ 15:09 ],0,400
18190,2014-05-13,[ 15:10 ],0,400
18191,2014-05-13,[ 15:11 ],0,392
18192,2014-05-13,[ 15:12 ],0,406
18193,2014-05-13,[ 15:13 ],0,400
18194,2014-05-13,[ 15:14 ],0,330
18195,2014-05-13,[ 15:15 ],0,328
18196,2014-05-13,[ 15:16 ],0,342
18197,2014-05-13,[ 15:17 ],0,344
18198,2014-05-13,[ 15:18 ],0,332
18199,2014-05-13,[ 15:19 ],0,335
18200,2014-05-13,[ 15:20 ],0,333
18201,2014-05-13,[ 15:21 ],0,328
18202,2014-05-13,[ 15:22 ],0,334
18203,2014-05-13,[ 15:23 ],0,413
18204,2014-05-13,[ 15:24 ],0,413
18205,2014-05-13,[ 15:25 ],0,404
18206,2014-05-13,[ 15:26 ],0,402
18207,2014-05-13,[ 15:27 ],0,415
18208,2014-05-13,[ 15:28 ],0,402
18209,2014-05-13,[ 15:29 ],0,405
18210,2014-05-13,[ 15:30 ],0,402
18211,2014-05-13,[ 15:31 ],0,403
18212,2014-05-13,[ 15:32 ],0,401
18213,2014-05-13,[ 15:33 ],0,401
18214,2014-05-13,[ 15:34 ],0,413
18215,2014-05-13,[ 15:35 ],0,405
18216,2014-05-13,[ 15:36 ],0,413
18217,2014-05-13,[ 15:37 ],0,410
18218,2014-05-13,[ 15:38 ],0,406
18219,2014-05-13,[ 15:39 ],0,412
18220,2014-05-13,[ 15:40 ],0,415
18221,2014-05-13,[ 15:41 ],0,410
18222,2014-05-13,[ 15:42 ],0,401
18223,2014-05-13,[ 15:43 ],0,413
18224,2014-05-13,[ 15:44 ],0,415
18225,2014-05-13,[ 15:45 ],0,401
18226,2014-05-13,[ 15:46 ],0,401
18227,2014-05-13,[ 15:47 ],0,389
18228,2014-05-13,[ 15:48 ],0,328
18229,2014-05-13,[ 15:49 ],0,332
18230,2014-05-13,[ 15:50 ],0,341
18231,2014-05-13,[ 15:51 ],0,341
18232,2014-05-13,[ 15:52 ],0,340
18233,2014-05-13,[ 15:53 ],0,340
18234,2014-05-13,[ 15:54 ],0,336
18235,2014-05-13,[ 15:55 ],0,336
18236,2014-05-13,[ 15:56 ],0,333
18237,2014-05-13,[ 15:57 ],0,330
18238,2014-05-13,[ 15:58 ],0,308
18239,2014-05-13,[ 15:59 ],0,309
18240,2014-05-13,[ 16:00 ],0,307
18241,2014-05-13,[ 16:01 ],0,308
18242,2014-05-13,[ 16:02 ],0,309
18243,2014-05-13,[ 16:03 ],0,312
18244,2014-05-13,[ 16:04 ],0,316
18245,2014-05-13,[ 16:05 ],0,301
18246,2014-05-13,[ 16:06 ],0,302
18247,2014-05-13,[ 16:07 ],0,301
18248,2014-05-13,[ 16:08 ],0,331
18249,2014-05-13,[ 16:09 ],0,336
18250,2014-05-13,[ 16:10 ],0,336
18251,2014-05-13,[ 16:11 ],0,309
18252,2014-05-13,[ 16:12 ],0,309
18253,2014-05-13,[ 16:13 ],0,301
18254,2014-05-13,[ 16:14 ],0,310
18255,2014-05-13,[ 16:15 ],0,311
18256,2014-05-13,[ 16:16 ],0,301
18257,2014-05-13,[ 16:17 ],0,307
18258,2014-05-13,[ 16:18 ],0,310
18259,2014-05-13,[ 16:19 ],0,309
18260,2014-05-13,[ 16:20 ],0,299
18261,2014-05-13,[ 16:21 ],0,316
18262,2014-05-13,[ 16:22 ],0,300
18263,2014-05-13,[ 16:23 ],0,300
18264,2014-05-13,[ 16:24 ],0,311
18265,2014-05-13,[ 16:25 ],0,313
18266,2014-05-13,[ 16:26 ],0,310
18267,2014-05-13,[ 16:27 ],0,302
18268,2014-05-13,[ 16:28 ],0,305
18269,2014-05-13,[ 16:29 ],0,390
18270,2014-05-13,[ 16:30 ],0,375
18271,2014-05-13,[ 16:31 ],0,367
18272,2014-05-13,[ 16:32 ],0,367
18273,2014-05-13,[ 16:33 ],0,297
18274,2014-05-13,[ 16:34 ],0,294
18275,2014-05-13,[ 16:35 ],0,307
18276,2014-05-13,[ 16:36 ],0,292
18277,2014-05-13,[ 16:37 ],0,304
18278,2014-05-13,[ 16:38 ],0,310
18279,2014-05-13,[ 16:39 ],0,295
18280,2014-05-13,[ 16:40 ],0,2685
18281,2014-05-13,[ 16:41 ],0,2530
18282,2014-05-13,[ 16:42 ],0,245
18283,2014-05-13,[ 16:43 ],0,298
18284,2014-05-13,[ 16:44 ],0,308
18285,2014-05-13,[ 16:45 ],0,312
18286,2014-05-13,[ 16:46 ],0,304
18287,2014-05-13,[ 16:47 ],0,315
18288,2014-05-13,[ 16:48 ],0,315
18289,2014-05-13,[ 16:49 ],0,378
18290,2014-05-13,[ 16:50 ],0,370
18291,2014-05-13,[ 16:51 ],0,359
18292,2014-05-13,[ 16:52 ],0,365
18293,2014-05-13,[ 16:53 ],0,363
18294,2014-05-13,[ 16:54 ],0,374
18295,2014-05-13,[ 16:55 ],0,409
18296,2014-05-13,[ 16:56 ],0,415
18297,2014-05-13,[ 16:57 ],0,369
18298,2014-05-13,[ 16:58 ],0,374
18299,2014-05-13,[ 16:59 ],0,374
18300,2014-05-13,[ 17:00 ],0,370
18301,2014-05-13,[ 17:01 ],0,379
18302,2014-05-13,[ 17:02 ],0,377
18303,2014-05-13,[ 17:03 ],0,371
18304,2014-05-13,[ 17:04 ],0,374
18305,2014-05-13,[ 17:05 ],0,400
18306,2014-05-13,[ 17:06 ],0,402
18307,2014-05-13,[ 17:07 ],0,404
18308,2014-05-13,[ 17:08 ],0,401
18309,2014-05-13,[ 17:09 ],0,399
18310,2014-05-13,[ 17:10 ],0,404
18311,2014-05-13,[ 17:11 ],0,471
18312,2014-05-13,[ 17:12 ],0,473
18313,2014-05-13,[ 17:13 ],0,465
18314,2014-05-13,[ 17:14 ],0,352
18315,2014-05-13,[ 17:15 ],0,348
18316,2014-05-13,[ 17:16 ],0,372
18317,2014-05-13,[ 17:17 ],0,368
18318,2014-05-13,[ 17:18 ],0,418
18319,2014-05-13,[ 17:19 ],0,390
18320,2014-05-13,[ 17:20 ],0,334
18321,2014-05-13,[ 17:21 ],0,412
18322,2014-05-13,[ 17:22 ],0,1883
18323,2014-05-13,[ 17:23 ],0,1909
18324,2014-05-13,[ 17:24 ],0,1894
18325,2014-05-13,[ 17:25 ],0,1892
18326,2014-05-13,[ 17:26 ],0,1877
18327,2014-05-13,[ 17:27 ],0,185
18328,2014-05-13,[ 17:28 ],0,185
18329,2014-05-13,[ 17:29 ],0,184
18330,2014-05-13,[ 17:30 ],0,184
18331,2014-05-13,[ 17:31 ],0,185
18332,2014-05-13,[ 17:32 ],0,246
18333,2014-05-13,[ 17:33 ],0,1931
18334,2014-05-13,[ 17:34 ],0,1932
18335,2014-05-13,[ 17:35 ],0,1954
18336,2014-05-13,[ 17:36 ],0,1922
18337,2014-05-13,[ 17:37 ],0,3435
18338,2014-05-13,[ 17:38 ],0,3435
18339,2014-05-13,[ 17:39 ],0,258
18340,2014-05-13,[ 17:40 ],0,265
18341,2014-05-13,[ 17:41 ],0,277
18342,2014-05-13,[ 17:42 ],0,293
18343,2014-05-13,[ 17:43 ],0,293
18344,2014-05-13,[ 17:44 ],0,315
18345,2014-05-13,[ 17:45 ],0,295
18346,2014-05-13,[ 17:46 ],0,323
18347,2014-05-13,[ 17:47 ],0,265
18348,2014-05-13,[ 17:48 ],0,261
18349,2014-05-13,[ 17:49 ],0,365
18350,2014-05-13,[ 17:50 ],0,365
18351,2014-05-13,[ 17:51 ],0,359
18352,2014-05-13,[ 17:52 ],0,334
18353,2014-05-13,[ 17:53 ],0,351
18354,2014-05-13,[ 17:54 ],0,351
18355,2014-05-13,[ 17:55 ],0,334
18356,2014-05-13,[ 17:56 ],0,345
18357,2014-05-13,[ 17:57 ],0,352
18358,2014-05-13,[ 17:58 ],0,317
18359,2014-05-13,[ 17:59 ],0,335
18360,2014-05-13,[ 18:00 ],0,343
18361,2014-05-13,[ 18:01 ],0,344
18362,2014-05-13,[ 18:02 ],0,331
18363,2014-05-13,[ 18:03 ],0,1992
18364,2014-05-13,[ 18:04 ],0,1952
18365,2014-05-13,[ 18:05 ],0,351
18366,2014-05-13,[ 18:06 ],0,406
18367,2014-05-13,[ 18:07 ],0,406
18368,2014-05-13,[ 18:08 ],0,341
18369,2014-05-13,[ 18:09 ],0,335
18370,2014-05-13,[ 18:10 ],0,335
18371,2014-05-13,[ 18:11 ],0,286
18372,2014-05-13,[ 18:12 ],0,280
18373,2014-05-13,[ 18:13 ],0,300
18374,2014-05-13,[ 18:14 ],0,300
18375,2014-05-13,[ 18:15 ],0,319
18376,2014-05-13,[ 18:16 ],0,295
18377,2014-05-13,[ 18:17 ],0,334
18378,2014-05-13,[ 18:18 ],0,300
18379,2014-05-13,[ 18:19 ],0,288
18380,2014-05-13,[ 18:20 ],0,287
18381,2014-05-13,[ 18:21 ],0,633
18382,2014-05-13,[ 18:22 ],0,633
18383,2014-05-13,[ 18:23 ],0,374
18384,2014-05-13,[ 18:24 ],0,370
18385,2014-05-13,[ 18:25 ],0,400
18386,2014-05-13,[ 18:26 ],0,411
18387,2014-05-13,[ 18:27 ],0,404
18388,2014-05-13,[ 18:28 ],0,406
18389,2014-05-13,[ 18:29 ],0,407
18390,2014-05-13,[ 18:30 ],0,404
18391,2014-05-13,[ 18:31 ],0,409
18392,2014-05-13,[ 18:32 ],0,412
18393,2014-05-13,[ 18:33 ],0,411
18394,2014-05-13,[ 18:34 ],0,402
18395,2014-05-13,[ 18:35 ],0,398
18396,2014-05-13,[ 18:36 ],0,401
18397,2014-05-13,[ 18:37 ],0,394
18398,2014-05-13,[ 18:38 ],0,401
18399,2014-05-13,[ 18:39 ],0,401
18400,2014-05-13,[ 18:40 ],0,397
18401,2014-05-13,[ 18:41 ],0,402
18402,2014-05-13,[ 18:42 ],0,404
18403,2014-05-13,[ 18:43 ],0,399
18404,2014-05-13,[ 18:44 ],0,414
18405,2014-05-13,[ 18:45 ],0,414
18406,2014-05-13,[ 18:46 ],0,411
18407,2014-05-13,[ 18:47 ],0,407
18408,2014-05-13,[ 18:48 ],0,412
18409,2014-05-13,[ 18:49 ],0,405
18410,2014-05-13,[ 18:50 ],0,414
18411,2014-05-13,[ 18:51 ],0,415
18412,2014-05-13,[ 18:52 ],0,416
18413,2014-05-13,[ 18:53 ],0,443
18414,2014-05-13,[ 18:54 ],0,514
18415,2014-05-13,[ 18:55 ],0,509
18416,2014-05-13,[ 18:56 ],0,508
18417,2014-05-13,[ 18:57 ],0,533
18418,2014-05-13,[ 18:58 ],0,525
18419,2014-05-13,[ 18:59 ],0,523
18420,2014-05-13,[ 19:00 ],0,585
18421,2014-05-13,[ 19:01 ],0,585
18422,2014-05-13,[ 19:02 ],0,540
18423,2014-05-13,[ 19:03 ],0,531
18424,2014-05-13,[ 19:04 ],0,518
18425,2014-05-13,[ 19:05 ],0,491
18426,2014-05-13,[ 19:06 ],0,530
18427,2014-05-13,[ 19:07 ],0,530
18428,2014-05-13,[ 19:08 ],0,535
18429,2014-05-13,[ 19:09 ],0,525
18430,2014-05-13,[ 19:10 ],0,525
18431,2014-05-13,[ 19:11 ],0,530
18432,2014-05-13,[ 19:12 ],0,515
18433,2014-05-13,[ 19:13 ],0,510
18434,2014-05-13,[ 19:14 ],0,511
18435,2014-05-13,[ 19:15 ],0,521
18436,2014-05-13,[ 19:16 ],0,510
18437,2014-05-13,[ 19:17 ],0,508
18438,2014-05-13,[ 19:18 ],0,506
18439,2014-05-13,[ 19:19 ],0,510
18440,2014-05-13,[ 19:20 ],0,522
18441,2014-05-13,[ 19:21 ],0,508
18442,2014-05-13,[ 19:22 ],0,509
18443,2014-05-13,[ 19:23 ],0,511
18444,2014-05-13,[ 19:24 ],0,519
18445,2014-05-13,[ 19:25 ],0,511
18446,2014-05-13,[ 19:26 ],0,508
18447,2014-05-13,[ 19:27 ],0,549
18448,2014-05-13,[ 19:28 ],0,2155
18449,2014-05-13,[ 19:29 ],0,548
18450,2014-05-13,[ 19:30 ],0,530
18451,2014-05-13,[ 19:31 ],0,517
18452,2014-05-13,[ 19:32 ],0,502
18453,2014-05-13,[ 19:33 ],0,497
18454,2014-05-13,[ 19:34 ],0,495
18455,2014-05-13,[ 19:35 ],0,497
18456,2014-05-13,[ 19:36 ],0,492
18457,2014-05-13,[ 19:37 ],0,435
18458,2014-05-13,[ 19:38 ],0,441
18459,2014-05-13,[ 19:39 ],0,435
18460,2014-05-13,[ 19:40 ],0,427
18461,2014-05-13,[ 19:41 ],0,427
18462,2014-05-13,[ 19:42 ],0,422
18463,2014-05-13,[ 19:43 ],0,423
18464,2014-05-13,[ 19:44 ],0,422
18465,2014-05-13,[ 19:45 ],0,436
18466,2014-05-13,[ 19:46 ],0,438
18467,2014-05-13,[ 19:47 ],0,440
18468,2014-05-13,[ 19:48 ],0,436
18469,2014-05-13,[ 19:49 ],0,434
18470,2014-05-13,[ 19:50 ],0,430
18471,2014-05-13,[ 19:51 ],0,429
18472,2014-05-13,[ 19:52 ],0,450
18473,2014-05-13,[ 19:53 ],0,413
18474,2014-05-13,[ 19:54 ],0,435
18475,2014-05-13,[ 19:55 ],0,421
18476,2014-05-13,[ 19:56 ],0,422
18477,2014-05-13,[ 19:57 ],0,430
18478,2014-05-13,[ 19:58 ],0,434
18479,2014-05-13,[ 19:59 ],0,429
18480,2014-05-13,[ 20:00 ],0,427
18481,2014-05-13,[ 20:01 ],0,424
18482,2014-05-13,[ 20:02 ],0,424
18483,2014-05-13,[ 20:03 ],0,427
18484,2014-05-13,[ 20:04 ],0,427
18485,2014-05-13,[ 20:05 ],0,422
18486,2014-05-13,[ 20:06 ],0,427
18487,2014-05-13,[ 20:07 ],0,424
18488,2014-05-13,[ 20:08 ],0,421
18489,2014-05-13,[ 20:09 ],0,425
18490,2014-05-13,[ 20:10 ],0,420
18491,2014-05-13,[ 20:11 ],0,438
18492,2014-05-13,[ 20:12 ],0,482
18493,2014-05-13,[ 20:13 ],0,463
18494,2014-05-13,[ 20:14 ],0,470
18495,2014-05-13,[ 20:15 ],0,429
18496,2014-05-13,[ 20:16 ],0,420
18497,2014-05-13,[ 20:17 ],0,416
18498,2014-05-13,[ 20:18 ],0,416
18499,2014-05-13,[ 20:19 ],0,423
18500,2014-05-13,[ 20:20 ],0,427
18501,2014-05-13,[ 20:21 ],0,426
18502,2014-05-13,[ 20:22 ],0,526
18503,2014-05-13,[ 20:23 ],0,510
18504,2014-05-13,[ 20:24 ],0,498
18505,2014-05-13,[ 20:25 ],0,506
18506,2014-05-13,[ 20:26 ],0,509
18507,2014-05-13,[ 20:27 ],0,497
18508,2014-05-13,[ 20:28 ],0,505
18509,2014-05-13,[ 20:29 ],0,495
18510,2014-05-13,[ 20:30 ],0,499
18511,2014-05-13,[ 20:31 ],0,496
18512,2014-05-13,[ 20:32 ],0,498
18513,2014-05-13,[ 20:33 ],0,492
18514,2014-05-13,[ 20:34 ],0,438
18515,2014-05-13,[ 20:35 ],0,437
18516,2014-05-13,[ 20:36 ],0,445
18517,2014-05-13,[ 20:37 ],0,433
18518,2014-05-13,[ 20:38 ],0,445
18519,2014-05-13,[ 20:39 ],0,426
18520,2014-05-13,[ 20:40 ],0,421
18521,2014-05-13,[ 20:41 ],0,425
18522,2014-05-13,[ 20:42 ],0,420
18523,2014-05-13,[ 20:43 ],0,421
18524,2014-05-13,[ 20:44 ],0,427
18525,2014-05-13,[ 20:45 ],0,503
18526,2014-05-13,[ 20:46 ],0,505
18527,2014-05-13,[ 20:47 ],0,510
18528,2014-05-13,[ 20:48 ],0,504
18529,2014-05-13,[ 20:49 ],0,509
18530,2014-05-13,[ 20:50 ],0,511
18531,2014-05-13,[ 20:51 ],0,531
18532,2014-05-13,[ 20:52 ],0,523
18533,2014-05-13,[ 20:53 ],0,518
18534,2014-05-13,[ 20:54 ],0,505
18535,2014-05-13,[ 20:55 ],0,506
18536,2014-05-13,[ 20:56 ],0,506
18537,2014-05-13,[ 20:57 ],0,503
18538,2014-05-13,[ 20:58 ],0,507
18539,2014-05-13,[ 20:59 ],0,507
18540,2014-05-13,[ 21:00 ],0,503
18541,2014-05-13,[ 21:01 ],0,498
18542,2014-05-13,[ 21:02 ],0,497
18543,2014-05-13,[ 21:03 ],0,508
18544,2014-05-13,[ 21:04 ],0,513
18545,2014-05-13,[ 21:05 ],0,490
18546,2014-05-13,[ 21:06 ],0,495
18547,2014-05-13,[ 21:07 ],0,535
18548,2014-05-13,[ 21:08 ],0,517
18549,2014-05-13,[ 21:09 ],0,430
18550,2014-05-13,[ 21:10 ],0,352
18551,2014-05-13,[ 21:11 ],0,353
18552,2014-05-13,[ 21:12 ],0,344
18553,2014-05-13,[ 21:13 ],0,210
18554,2014-05-13,[ 21:14 ],0,213
18555,2014-05-13,[ 21:15 ],0,211
18556,2014-05-13,[ 21:16 ],0,212
18557,2014-05-13,[ 21:17 ],0,212
18558,2014-05-13,[ 21:18 ],0,211
18559,2014-05-13,[ 21:19 ],0,254
18560,2014-05-13,[ 21:20 ],0,277
18561,2014-05-13,[ 21:21 ],0,283
18562,2014-05-13,[ 21:22 ],0,259
18563,2014-05-13,[ 21:23 ],0,254
18564,2014-05-13,[ 21:24 ],0,277
18565,2014-05-13,[ 21:25 ],0,287
18566,2014-05-13,[ 21:26 ],0,327
18567,2014-05-13,[ 21:27 ],0,299
18568,2014-05-13,[ 21:28 ],0,237
18569,2014-05-13,[ 21:29 ],0,217
18570,2014-05-13,[ 21:30 ],0,213
18571,2014-05-13,[ 21:31 ],0,212
18572,2014-05-13,[ 21:32 ],0,210
18573,2014-05-13,[ 21:33 ],0,212
18574,2014-05-13,[ 21:34 ],0,212
18575,2014-05-13,[ 21:35 ],0,207
18576,2014-05-13,[ 21:36 ],0,212
18577,2014-05-13,[ 21:37 ],0,211
18578,2014-05-13,[ 21:38 ],0,210
18579,2014-05-13,[ 21:39 ],0,211
18580,2014-05-13,[ 21:40 ],0,211
18581,2014-05-13,[ 21:41 ],0,203
18582,2014-05-13,[ 21:42 ],0,219
18583,2014-05-13,[ 21:43 ],0,178
18584,2014-05-13,[ 21:44 ],0,182
18585,2014-05-13,[ 21:45 ],0,184
18586,2014-05-13,[ 21:46 ],0,182
18587,2014-05-13,[ 21:47 ],0,179
18588,2014-05-13,[ 21:48 ],0,181
18589,2014-05-13,[ 21:49 ],0,183
18590,2014-05-13,[ 21:50 ],0,179
18591,2014-05-13,[ 21:51 ],0,181
18592,2014-05-13,[ 21:52 ],0,180
18593,2014-05-13,[ 21:53 ],0,246
18594,2014-05-13,[ 21:54 ],0,253
18595,2014-05-13,[ 21:55 ],0,249
18596,2014-05-13,[ 21:56 ],0,247
18597,2014-05-13,[ 21:57 ],0,238
18598,2014-05-13,[ 21:58 ],0,235
18599,2014-05-13,[ 21:59 ],0,240
18600,2014-05-13,[ 22:00 ],0,240
18601,2014-05-13,[ 22:01 ],0,237
18602,2014-05-13,[ 22:02 ],0,236
18603,2014-05-13,[ 22:03 ],0,236
18604,2014-05-13,[ 22:04 ],0,236
18605,2014-05-13,[ 22:05 ],0,177
18606,2014-05-13,[ 22:06 ],0,175
18607,2014-05-13,[ 22:07 ],0,175
18608,2014-05-13,[ 22:08 ],0,178
18609,2014-05-13,[ 22:09 ],0,177
18610,2014-05-13,[ 22:10 ],0,173
18611,2014-05-13,[ 22:11 ],0,174
18612,2014-05-13,[ 22:12 ],0,178
18613,2014-05-13,[ 22:13 ],0,174
18614,2014-05-13,[ 22:14 ],0,239
18615,2014-05-13,[ 22:15 ],0,238
18616,2014-05-13,[ 22:16 ],0,235
18617,2014-05-13,[ 22:17 ],0,241
18618,2014-05-13,[ 22:18 ],0,236
18619,2014-05-13,[ 22:19 ],0,241
18620,2014-05-13,[ 22:20 ],0,242
18621,2014-05-13,[ 22:21 ],0,237
18622,2014-05-13,[ 22:22 ],0,238
18623,2014-05-13,[ 22:23 ],0,238
18624,2014-05-13,[ 22:24 ],0,238
18625,2014-05-13,[ 22:25 ],0,236
18626,2014-05-13,[ 22:26 ],0,239
18627,2014-05-13,[ 22:27 ],0,238
18628,2014-05-13,[ 22:28 ],0,239
18629,2014-05-13,[ 22:29 ],0,239
18630,2014-05-13,[ 22:30 ],0,238
18631,2014-05-13,[ 22:31 ],0,238
18632,2014-05-13,[ 22:32 ],0,239
18633,2014-05-13,[ 22:33 ],0,236
18634,2014-05-13,[ 22:34 ],0,236
18635,2014-05-13,[ 22:35 ],0,236
18636,2014-05-13,[ 22:36 ],0,232
18637,2014-05-13,[ 22:37 ],0,174
18638,2014-05-13,[ 22:38 ],0,173
18639,2014-05-13,[ 22:39 ],0,173
18640,2014-05-13,[ 22:40 ],0,174
18641,2014-05-13,[ 22:41 ],0,173
18642,2014-05-13,[ 22:42 ],0,171
18643,2014-05-13,[ 22:43 ],0,171
18644,2014-05-13,[ 22:44 ],0,171
18645,2014-05-13,[ 22:45 ],0,169
18646,2014-05-13,[ 22:46 ],0,171
18647,2014-05-13,[ 22:47 ],0,170
18648,2014-05-13,[ 22:48 ],0,171
18649,2014-05-13,[ 22:49 ],0,172
18650,2014-05-13,[ 22:50 ],0,170
18651,2014-05-13,[ 22:51 ],0,170
18652,2014-05-13,[ 22:52 ],0,169
18653,2014-05-13,[ 22:53 ],0,170
18654,2014-05-13,[ 22:54 ],0,170
18655,2014-05-13,[ 22:55 ],0,170
18656,2014-05-13,[ 22:56 ],0,170
18657,2014-05-13,[ 22:57 ],0,170
18658,2014-05-13,[ 22:58 ],0,169
18659,2014-05-13,[ 22:59 ],0,168
18660,2014-05-13,[ 23:00 ],0,169
18661,2014-05-13,[ 23:01 ],0,170
18662,2014-05-13,[ 23:02 ],0,170
18663,2014-05-13,[ 23:03 ],0,170
18664,2014-05-13,[ 23:04 ],0,169
18665,2014-05-13,[ 23:05 ],0,167
18666,2014-05-13,[ 23:06 ],0,167
18667,2014-05-13,[ 23:07 ],0,165
18668,2014-05-13,[ 23:08 ],0,165
18669,2014-05-13,[ 23:09 ],0,167
18670,2014-05-13,[ 23:10 ],0,166
18671,2014-05-13,[ 23:11 ],0,163
18672,2014-05-13,[ 23:12 ],0,166
18673,2014-05-13,[ 23:13 ],0,171
18674,2014-05-13,[ 23:14 ],0,172
18675,2014-05-13,[ 23:15 ],0,174
18676,2014-05-13,[ 23:16 ],0,176
18677,2014-05-13,[ 23:17 ],0,176
18678,2014-05-13,[ 23:18 ],0,173
18679,2014-05-13,[ 23:19 ],0,172
18680,2014-05-13,[ 23:20 ],0,171
18681,2014-05-13,[ 23:21 ],0,250
18682,2014-05-13,[ 23:22 ],0,250
18683,2014-05-13,[ 23:23 ],0,237
18684,2014-05-13,[ 23:24 ],0,238
18685,2014-05-13,[ 23:25 ],0,239
18686,2014-05-13,[ 23:26 ],0,237
18687,2014-05-13,[ 23:27 ],0,237
18688,2014-05-13,[ 23:28 ],0,237
18689,2014-05-13,[ 23:29 ],0,235
18690,2014-05-13,[ 23:30 ],0,234
18691,2014-05-13,[ 23:31 ],0,235
18692,2014-05-13,[ 23:32 ],0,234
18693,2014-05-13,[ 23:33 ],0,171
18694,2014-05-13,[ 23:34 ],0,169
18695,2014-05-13,[ 23:35 ],0,169
18696,2014-05-13,[ 23:36 ],0,166
18697,2014-05-13,[ 23:37 ],0,163
18698,2014-05-13,[ 23:38 ],0,163
18699,2014-05-13,[ 23:39 ],0,163
18700,2014-05-13,[ 23:40 ],0,163
18701,2014-05-13,[ 23:41 ],0,161
18702,2014-05-13,[ 23:42 ],0,163
18703,2014-05-13,[ 23:43 ],0,163
18704,2014-05-13,[ 23:44 ],0,163
18705,2014-05-13,[ 23:45 ],0,165
18706,2014-05-13,[ 23:46 ],0,165
18707,2014-05-13,[ 23:47 ],0,163
18708,2014-05-13,[ 23:48 ],0,163
18709,2014-05-13,[ 23:49 ],0,163
18710,2014-05-13,[ 23:50 ],0,163
18711,2014-05-13,[ 23:51 ],0,163
18712,2014-05-13,[ 23:52 ],0,228
18713,2014-05-13,[ 23:53 ],0,224
18714,2014-05-13,[ 23:54 ],0,217
18715,2014-05-13,[ 23:55 ],0,224
18716,2014-05-13,[ 23:56 ],0,224
18717,2014-05-13,[ 23:57 ],0,224
18718,2014-05-13,[ 23:58 ],0,224
18719,2014-05-13,[ 23:59 ],0,226
18720,2014-05-14,[ 00:00 ],0,226
18721,2014-05-14,[ 00:01 ],0,223
18722,2014-05-14,[ 00:02 ],0,225
18723,2014-05-14,[ 00:03 ],0,224
18724,2014-05-14,[ 00:04 ],0,225
18725,2014-05-14,[ 00:05 ],0,223
18726,2014-05-14,[ 00:06 ],0,218
18727,2014-05-14,[ 00:07 ],0,218
18728,2014-05-14,[ 00:08 ],0,221
18729,2014-05-14,[ 00:09 ],0,223
18730,2014-05-14,[ 00:10 ],0,225
18731,2014-05-14,[ 00:11 ],0,226
18732,2014-05-14,[ 00:12 ],0,224
18733,2014-05-14,[ 00:13 ],0,218
18734,2014-05-14,[ 00:14 ],0,218
18735,2014-05-14,[ 00:15 ],0,215
18736,2014-05-14,[ 00:16 ],0,216
18737,2014-05-14,[ 00:17 ],0,215
18738,2014-05-14,[ 00:18 ],0,163
18739,2014-05-14,[ 00:19 ],0,163
18740,2014-05-14,[ 00:20 ],0,163
18741,2014-05-14,[ 00:21 ],0,163
18742,2014-05-14,[ 00:22 ],0,369
18743,2014-05-14,[ 00:23 ],0,371
18744,2014-05-14,[ 00:24 ],0,370
18745,2014-05-14,[ 00:25 ],0,369
18746,2014-05-14,[ 00:26 ],0,371
18747,2014-05-14,[ 00:27 ],0,372
18748,2014-05-14,[ 00:28 ],0,372
18749,2014-05-14,[ 00:29 ],0,371
18750,2014-05-14,[ 00:30 ],0,371
18751,2014-05-14,[ 00:31 ],0,372
18752,2014-05-14,[ 00:32 ],0,372
18753,2014-05-14,[ 00:33 ],0,370
18754,2014-05-14,[ 00:34 ],0,363
18755,2014-05-14,[ 00:35 ],0,162
18756,2014-05-14,[ 00:36 ],0,161
18757,2014-05-14,[ 00:37 ],0,160
18758,2014-05-14,[ 00:38 ],0,161
18759,2014-05-14,[ 00:39 ],0,160
18760,2014-05-14,[ 00:40 ],0,162
18761,2014-05-14,[ 00:41 ],0,160
18762,2014-05-14,[ 00:42 ],0,162
18763,2014-05-14,[ 00:43 ],0,162
18764,2014-05-14,[ 00:44 ],0,161
18765,2014-05-14,[ 00:45 ],0,161
18766,2014-05-14,[ 00:46 ],0,162
18767,2014-05-14,[ 00:47 ],0,270
18768,2014-05-14,[ 00:48 ],0,227
18769,2014-05-14,[ 00:49 ],0,232
18770,2014-05-14,[ 00:50 ],0,240
18771,2014-05-14,[ 00:51 ],0,241
18772,2014-05-14,[ 00:52 ],0,238
18773,2014-05-14,[ 00:53 ],0,236
18774,2014-05-14,[ 00:54 ],0,235
18775,2014-05-14,[ 00:55 ],0,231
18776,2014-05-14,[ 00:56 ],0,229
18777,2014-05-14,[ 00:57 ],0,227
18778,2014-05-14,[ 00:58 ],0,227
18779,2014-05-14,[ 00:59 ],0,226
18780,2014-05-14,[ 01:00 ],0,224
18781,2014-05-14,[ 01:01 ],0,224
18782,2014-05-14,[ 01:02 ],0,222
18783,2014-05-14,[ 01:03 ],0,221
18784,2014-05-14,[ 01:04 ],0,222
18785,2014-05-14,[ 01:05 ],0,218
18786,2014-05-14,[ 01:06 ],0,217
18787,2014-05-14,[ 01:07 ],0,216
18788,2014-05-14,[ 01:08 ],0,216
18789,2014-05-14,[ 01:09 ],0,216
18790,2014-05-14,[ 01:10 ],0,214
18791,2014-05-14,[ 01:11 ],0,213
18792,2014-05-14,[ 01:12 ],0,213
18793,2014-05-14,[ 01:13 ],0,215
18794,2014-05-14,[ 01:14 ],0,213
18795,2014-05-14,[ 01:15 ],0,214
18796,2014-05-14,[ 01:16 ],0,162
18797,2014-05-14,[ 01:17 ],0,163
18798,2014-05-14,[ 01:18 ],0,161
18799,2014-05-14,[ 01:19 ],0,158
18800,2014-05-14,[ 01:20 ],0,160
18801,2014-05-14,[ 01:21 ],0,160
18802,2014-05-14,[ 01:22 ],0,160
18803,2014-05-14,[ 01:23 ],0,162
18804,2014-05-14,[ 01:24 ],0,160
18805,2014-05-14,[ 01:25 ],0,161
18806,2014-05-14,[ 01:26 ],0,160
18807,2014-05-14,[ 01:27 ],0,159
18808,2014-05-14,[ 01:28 ],0,161
18809,2014-05-14,[ 01:29 ],0,160
18810,2014-05-14,[ 01:30 ],0,213
18811,2014-05-14,[ 01:31 ],0,213
18812,2014-05-14,[ 01:32 ],0,213
18813,2014-05-14,[ 01:33 ],0,217
18814,2014-05-14,[ 01:34 ],0,221
18815,2014-05-14,[ 01:35 ],0,222
18816,2014-05-14,[ 01:36 ],0,223
18817,2014-05-14,[ 01:37 ],0,225
18818,2014-05-14,[ 01:38 ],0,222
18819,2014-05-14,[ 01:39 ],0,224
18820,2014-05-14,[ 01:40 ],0,222
18821,2014-05-14,[ 01:41 ],0,219
18822,2014-05-14,[ 01:42 ],0,221
18823,2014-05-14,[ 01:43 ],0,222
18824,2014-05-14,[ 01:44 ],0,219
18825,2014-05-14,[ 01:45 ],0,218
18826,2014-05-14,[ 01:46 ],0,217
18827,2014-05-14,[ 01:47 ],0,221
18828,2014-05-14,[ 01:48 ],0,223
18829,2014-05-14,[ 01:49 ],0,221
18830,2014-05-14,[ 01:50 ],0,219
18831,2014-05-14,[ 01:51 ],0,217
18832,2014-05-14,[ 01:52 ],0,216
18833,2014-05-14,[ 01:53 ],0,212
18834,2014-05-14,[ 01:54 ],0,161
18835,2014-05-14,[ 01:55 ],0,161
18836,2014-05-14,[ 01:56 ],0,160
18837,2014-05-14,[ 01:57 ],0,159
18838,2014-05-14,[ 01:58 ],0,160
18839,2014-05-14,[ 01:59 ],0,160
18840,2014-05-14,[ 02:00 ],0,162
18841,2014-05-14,[ 02:01 ],0,161
18842,2014-05-14,[ 02:02 ],0,163
18843,2014-05-14,[ 02:03 ],0,163
18844,2014-05-14,[ 02:04 ],0,163
18845,2014-05-14,[ 02:05 ],0,163
18846,2014-05-14,[ 02:06 ],0,161
18847,2014-05-14,[ 02:07 ],0,161
18848,2014-05-14,[ 02:08 ],0,160
18849,2014-05-14,[ 02:09 ],0,161
18850,2014-05-14,[ 02:10 ],0,160
18851,2014-05-14,[ 02:11 ],0,162
18852,2014-05-14,[ 02:12 ],0,162
18853,2014-05-14,[ 02:13 ],0,161
18854,2014-05-14,[ 02:14 ],0,161
18855,2014-05-14,[ 02:15 ],0,162
18856,2014-05-14,[ 02:16 ],0,162
18857,2014-05-14,[ 02:17 ],0,161
18858,2014-05-14,[ 02:18 ],0,161
18859,2014-05-14,[ 02:19 ],0,162
18860,2014-05-14,[ 02:20 ],0,161
18861,2014-05-14,[ 02:21 ],0,162
18862,2014-05-14,[ 02:22 ],0,161
18863,2014-05-14,[ 02:23 ],0,163
18864,2014-05-14,[ 02:24 ],0,161
18865,2014-05-14,[ 02:25 ],0,160
18866,2014-05-14,[ 02:26 ],0,163
18867,2014-05-14,[ 02:27 ],0,163
18868,2014-05-14,[ 02:28 ],0,162
18869,2014-05-14,[ 02:29 ],0,162
18870,2014-05-14,[ 02:30 ],0,162
18871,2014-05-14,[ 02:31 ],0,161
18872,2014-05-14,[ 02:32 ],0,162
18873,2014-05-14,[ 02:33 ],0,163
18874,2014-05-14,[ 02:34 ],0,160
18875,2014-05-14,[ 02:35 ],0,231
18876,2014-05-14,[ 02:36 ],0,222
18877,2014-05-14,[ 02:37 ],0,221
18878,2014-05-14,[ 02:38 ],0,217
18879,2014-05-14,[ 02:39 ],0,217
18880,2014-05-14,[ 02:40 ],0,218
18881,2014-05-14,[ 02:41 ],0,218
18882,2014-05-14,[ 02:42 ],0,214
18883,2014-05-14,[ 02:43 ],0,215
18884,2014-05-14,[ 02:44 ],0,214
18885,2014-05-14,[ 02:45 ],0,213
18886,2014-05-14,[ 02:46 ],0,166
18887,2014-05-14,[ 02:47 ],0,166
18888,2014-05-14,[ 02:48 ],0,167
18889,2014-05-14,[ 02:49 ],0,165
18890,2014-05-14,[ 02:50 ],0,168
18891,2014-05-14,[ 02:51 ],0,168
18892,2014-05-14,[ 02:52 ],0,168
18893,2014-05-14,[ 02:53 ],0,168
18894,2014-05-14,[ 02:54 ],0,166
18895,2014-05-14,[ 02:55 ],0,166
18896,2014-05-14,[ 02:56 ],0,168
18897,2014-05-14,[ 02:57 ],0,167
18898,2014-05-14,[ 02:58 ],0,163
18899,2014-05-14,[ 02:59 ],0,160
18900,2014-05-14,[ 03:00 ],0,162
18901,2014-05-14,[ 03:01 ],0,162
18902,2014-05-14,[ 03:02 ],0,168
18903,2014-05-14,[ 03:03 ],0,169
18904,2014-05-14,[ 03:04 ],0,166
18905,2014-05-14,[ 03:05 ],0,168
18906,2014-05-14,[ 03:06 ],0,167
18907,2014-05-14,[ 03:07 ],0,166
18908,2014-05-14,[ 03:08 ],0,165
18909,2014-05-14,[ 03:09 ],0,165
18910,2014-05-14,[ 03:10 ],0,241
18911,2014-05-14,[ 03:11 ],0,238
18912,2014-05-14,[ 03:12 ],0,231
18913,2014-05-14,[ 03:13 ],0,218
18914,2014-05-14,[ 03:14 ],0,218
18915,2014-05-14,[ 03:15 ],0,219
18916,2014-05-14,[ 03:16 ],0,223
18917,2014-05-14,[ 03:17 ],0,223
18918,2014-05-14,[ 03:18 ],0,223
18919,2014-05-14,[ 03:19 ],0,223
18920,2014-05-14,[ 03:20 ],0,218
18921,2014-05-14,[ 03:21 ],0,217
18922,2014-05-14,[ 03:22 ],0,219
18923,2014-05-14,[ 03:23 ],0,221
18924,2014-05-14,[ 03:24 ],0,217
18925,2014-05-14,[ 03:25 ],0,218
18926,2014-05-14,[ 03:26 ],0,218
18927,2014-05-14,[ 03:27 ],0,219
18928,2014-05-14,[ 03:28 ],0,221
18929,2014-05-14,[ 03:29 ],0,221
18930,2014-05-14,[ 03:30 ],0,221
18931,2014-05-14,[ 03:31 ],0,218
18932,2014-05-14,[ 03:32 ],0,218
18933,2014-05-14,[ 03:33 ],0,216
18934,2014-05-14,[ 03:34 ],0,216
18935,2014-05-14,[ 03:35 ],0,214
18936,2014-05-14,[ 03:36 ],0,212
18937,2014-05-14,[ 03:37 ],0,162
18938,2014-05-14,[ 03:38 ],0,162
18939,2014-05-14,[ 03:39 ],0,160
18940,2014-05-14,[ 03:40 ],0,162
18941,2014-05-14,[ 03:41 ],0,159
18942,2014-05-14,[ 03:42 ],0,160
18943,2014-05-14,[ 03:43 ],0,161
18944,2014-05-14,[ 03:44 ],0,158
18945,2014-05-14,[ 03:45 ],0,160
18946,2014-05-14,[ 03:46 ],0,159
18947,2014-05-14,[ 03:47 ],0,159
18948,2014-05-14,[ 03:48 ],0,159
18949,2014-05-14,[ 03:49 ],0,160
18950,2014-05-14,[ 03:50 ],0,160
18951,2014-05-14,[ 03:51 ],0,162
18952,2014-05-14,[ 03:52 ],0,161
18953,2014-05-14,[ 03:53 ],0,160
18954,2014-05-14,[ 03:54 ],0,160
18955,2014-05-14,[ 03:55 ],0,160
18956,2014-05-14,[ 03:56 ],0,159
18957,2014-05-14,[ 03:57 ],0,160
18958,2014-05-14,[ 03:58 ],0,160
18959,2014-05-14,[ 03:59 ],0,165
18960,2014-05-14,[ 04:00 ],0,165
18961,2014-05-14,[ 04:01 ],0,161
18962,2014-05-14,[ 04:02 ],0,162
18963,2014-05-14,[ 04:03 ],0,161
18964,2014-05-14,[ 04:04 ],0,163
18965,2014-05-14,[ 04:05 ],0,162
18966,2014-05-14,[ 04:06 ],0,160
18967,2014-05-14,[ 04:07 ],0,158
18968,2014-05-14,[ 04:08 ],0,160
18969,2014-05-14,[ 04:09 ],0,162
18970,2014-05-14,[ 04:10 ],0,160
18971,2014-05-14,[ 04:11 ],0,159
18972,2014-05-14,[ 04:12 ],0,160
18973,2014-05-14,[ 04:13 ],0,160
18974,2014-05-14,[ 04:14 ],0,161
18975,2014-05-14,[ 04:15 ],0,162
18976,2014-05-14,[ 04:16 ],0,161
18977,2014-05-14,[ 04:17 ],0,161
18978,2014-05-14,[ 04:18 ],0,160
18979,2014-05-14,[ 04:19 ],0,159
18980,2014-05-14,[ 04:20 ],0,160
18981,2014-05-14,[ 04:21 ],0,160
18982,2014-05-14,[ 04:22 ],0,159
18983,2014-05-14,[ 04:23 ],0,228
18984,2014-05-14,[ 04:24 ],0,219
18985,2014-05-14,[ 04:25 ],0,218
18986,2014-05-14,[ 04:26 ],0,218
18987,2014-05-14,[ 04:27 ],0,219
18988,2014-05-14,[ 04:28 ],0,216
18989,2014-05-14,[ 04:29 ],0,216
18990,2014-05-14,[ 04:30 ],0,217
18991,2014-05-14,[ 04:31 ],0,216
18992,2014-05-14,[ 04:32 ],0,213
18993,2014-05-14,[ 04:33 ],0,213
18994,2014-05-14,[ 04:34 ],0,158
18995,2014-05-14,[ 04:35 ],0,162
18996,2014-05-14,[ 04:36 ],0,161
18997,2014-05-14,[ 04:37 ],0,161
18998,2014-05-14,[ 04:38 ],0,160
18999,2014-05-14,[ 04:39 ],0,161
19000,2014-05-14,[ 04:40 ],0,161
19001,2014-05-14,[ 04:41 ],0,160
19002,2014-05-14,[ 04:42 ],0,163
19003,2014-05-14,[ 04:43 ],0,161
19004,2014-05-14,[ 04:44 ],0,160
19005,2014-05-14,[ 04:45 ],0,162
19006,2014-05-14,[ 04:46 ],0,161
19007,2014-05-14,[ 04:47 ],0,160
19008,2014-05-14,[ 04:48 ],0,159
19009,2014-05-14,[ 04:49 ],0,160
19010,2014-05-14,[ 04:50 ],0,159
19011,2014-05-14,[ 04:51 ],0,161
19012,2014-05-14,[ 04:52 ],0,160
19013,2014-05-14,[ 04:53 ],0,161
19014,2014-05-14,[ 04:54 ],0,222
19015,2014-05-14,[ 04:55 ],0,217
19016,2014-05-14,[ 04:56 ],0,216
19017,2014-05-14,[ 04:57 ],0,218
19018,2014-05-14,[ 04:58 ],0,217
19019,2014-05-14,[ 04:59 ],0,222
19020,2014-05-14,[ 05:00 ],0,225
19021,2014-05-14,[ 05:01 ],0,221
19022,2014-05-14,[ 05:02 ],0,218
19023,2014-05-14,[ 05:03 ],0,218
19024,2014-05-14,[ 05:04 ],0,218
19025,2014-05-14,[ 05:05 ],0,218
19026,2014-05-14,[ 05:06 ],0,218
19027,2014-05-14,[ 05:07 ],0,214
19028,2014-05-14,[ 05:08 ],0,216
19029,2014-05-14,[ 05:09 ],0,216
19030,2014-05-14,[ 05:10 ],0,216
19031,2014-05-14,[ 05:11 ],0,216
19032,2014-05-14,[ 05:12 ],0,216
19033,2014-05-14,[ 05:13 ],0,218
19034,2014-05-14,[ 05:14 ],0,214
19035,2014-05-14,[ 05:15 ],0,214
19036,2014-05-14,[ 05:16 ],0,213
19037,2014-05-14,[ 05:17 ],0,213
19038,2014-05-14,[ 05:18 ],0,210
19039,2014-05-14,[ 05:19 ],0,208
19040,2014-05-14,[ 05:20 ],0,161
19041,2014-05-14,[ 05:21 ],0,159
19042,2014-05-14,[ 05:22 ],0,161
19043,2014-05-14,[ 05:23 ],0,159
19044,2014-05-14,[ 05:24 ],0,159
19045,2014-05-14,[ 05:25 ],0,161
19046,2014-05-14,[ 05:26 ],0,158
19047,2014-05-14,[ 05:27 ],0,159
19048,2014-05-14,[ 05:28 ],0,158
19049,2014-05-14,[ 05:29 ],0,160
19050,2014-05-14,[ 05:30 ],0,159
19051,2014-05-14,[ 05:31 ],0,159
19052,2014-05-14,[ 05:32 ],0,161
19053,2014-05-14,[ 05:33 ],0,161
19054,2014-05-14,[ 05:34 ],0,156
19055,2014-05-14,[ 05:35 ],0,160
19056,2014-05-14,[ 05:36 ],0,158
19057,2014-05-14,[ 05:37 ],0,159
19058,2014-05-14,[ 05:38 ],0,161
19059,2014-05-14,[ 05:39 ],0,158
19060,2014-05-14,[ 05:40 ],0,158
19061,2014-05-14,[ 05:41 ],0,160
19062,2014-05-14,[ 05:42 ],0,159
19063,2014-05-14,[ 05:43 ],0,159
19064,2014-05-14,[ 05:44 ],0,159
19065,2014-05-14,[ 05:45 ],0,157
19066,2014-05-14,[ 05:46 ],0,159
19067,2014-05-14,[ 05:47 ],0,159
19068,2014-05-14,[ 05:48 ],0,160
19069,2014-05-14,[ 05:49 ],0,162
19070,2014-05-14,[ 05:50 ],0,159
19071,2014-05-14,[ 05:51 ],0,163
19072,2014-05-14,[ 05:52 ],0,160
19073,2014-05-14,[ 05:53 ],0,162
19074,2014-05-14,[ 05:54 ],0,159
19075,2014-05-14,[ 05:55 ],0,161
19076,2014-05-14,[ 05:56 ],0,161
19077,2014-05-14,[ 05:57 ],0,159
19078,2014-05-14,[ 05:58 ],0,161
19079,2014-05-14,[ 05:59 ],0,163
19080,2014-05-14,[ 06:00 ],0,163
19081,2014-05-14,[ 06:01 ],0,163
19082,2014-05-14,[ 06:02 ],0,161
19083,2014-05-14,[ 06:03 ],0,163
19084,2014-05-14,[ 06:04 ],0,163
19085,2014-05-14,[ 06:05 ],0,161
19086,2014-05-14,[ 06:06 ],0,228
19087,2014-05-14,[ 06:07 ],0,221
19088,2014-05-14,[ 06:08 ],0,213
19089,2014-05-14,[ 06:09 ],0,214
19090,2014-05-14,[ 06:10 ],0,214
19091,2014-05-14,[ 06:11 ],0,212
19092,2014-05-14,[ 06:12 ],0,212
19093,2014-05-14,[ 06:13 ],0,214
19094,2014-05-14,[ 06:14 ],0,215
19095,2014-05-14,[ 06:15 ],0,213
19096,2014-05-14,[ 06:16 ],0,210
19097,2014-05-14,[ 06:17 ],0,207
19098,2014-05-14,[ 06:18 ],0,159
19099,2014-05-14,[ 06:19 ],0,160
19100,2014-05-14,[ 06:20 ],0,157
19101,2014-05-14,[ 06:21 ],0,157
19102,2014-05-14,[ 06:22 ],0,158
19103,2014-05-14,[ 06:23 ],0,159
19104,2014-05-14,[ 06:24 ],0,156
19105,2014-05-14,[ 06:25 ],0,160
19106,2014-05-14,[ 06:26 ],0,159
19107,2014-05-14,[ 06:27 ],0,159
19108,2014-05-14,[ 06:28 ],0,158
19109,2014-05-14,[ 06:29 ],0,158
19110,2014-05-14,[ 06:30 ],0,159
19111,2014-05-14,[ 06:31 ],0,161
19112,2014-05-14,[ 06:32 ],0,161
19113,2014-05-14,[ 06:33 ],0,162
19114,2014-05-14,[ 06:34 ],0,165
19115,2014-05-14,[ 06:35 ],0,162
19116,2014-05-14,[ 06:36 ],0,163
19117,2014-05-14,[ 06:37 ],0,160
19118,2014-05-14,[ 06:38 ],0,241
19119,2014-05-14,[ 06:39 ],0,2628
19120,2014-05-14,[ 06:40 ],0,2631
19121,2014-05-14,[ 06:41 ],0,2563
19122,2014-05-14,[ 06:42 ],0,219
19123,2014-05-14,[ 06:43 ],0,228
19124,2014-05-14,[ 06:44 ],0,241
19125,2014-05-14,[ 06:45 ],0,223
19126,2014-05-14,[ 06:46 ],0,221
19127,2014-05-14,[ 06:47 ],0,224
19128,2014-05-14,[ 06:48 ],0,224
19129,2014-05-14,[ 06:49 ],0,216
19130,2014-05-14,[ 06:50 ],0,215
19131,2014-05-14,[ 06:51 ],0,215
19132,2014-05-14,[ 06:52 ],0,226
19133,2014-05-14,[ 06:53 ],0,232
19134,2014-05-14,[ 06:54 ],0,219
19135,2014-05-14,[ 06:55 ],0,218
19136,2014-05-14,[ 06:56 ],0,219
19137,2014-05-14,[ 06:57 ],0,221
19138,2014-05-14,[ 06:58 ],0,219
19139,2014-05-14,[ 06:59 ],0,223
19140,2014-05-14,[ 07:00 ],0,228
19141,2014-05-14,[ 07:01 ],0,300
19142,2014-05-14,[ 07:02 ],0,284
19143,2014-05-14,[ 07:03 ],0,286
19144,2014-05-14,[ 07:04 ],0,283
19145,2014-05-14,[ 07:05 ],0,292
19146,2014-05-14,[ 07:06 ],0,275
19147,2014-05-14,[ 07:07 ],0,265
19148,2014-05-14,[ 07:08 ],0,355
19149,2014-05-14,[ 07:09 ],0,371
19150,2014-05-14,[ 07:10 ],0,385
19151,2014-05-14,[ 07:11 ],0,357
19152,2014-05-14,[ 07:12 ],0,342
19153,2014-05-14,[ 07:13 ],0,302
19154,2014-05-14,[ 07:14 ],0,299
19155,2014-05-14,[ 07:15 ],0,343
19156,2014-05-14,[ 07:16 ],0,359
19157,2014-05-14,[ 07:17 ],0,353
19158,2014-05-14,[ 07:18 ],0,345
19159,2014-05-14,[ 07:19 ],0,371
19160,2014-05-14,[ 07:20 ],0,371
19161,2014-05-14,[ 07:21 ],0,361
19162,2014-05-14,[ 07:22 ],0,368
19163,2014-05-14,[ 07:23 ],0,376
19164,2014-05-14,[ 07:24 ],0,340
19165,2014-05-14,[ 07:25 ],0,307
19166,2014-05-14,[ 07:26 ],0,309
19167,2014-05-14,[ 07:27 ],0,311
19168,2014-05-14,[ 07:28 ],0,304
19169,2014-05-14,[ 07:29 ],0,304
19170,2014-05-14,[ 07:30 ],0,330
19171,2014-05-14,[ 07:31 ],0,339
19172,2014-05-14,[ 07:32 ],0,333
19173,2014-05-14,[ 07:33 ],0,346
19174,2014-05-14,[ 07:34 ],0,337
19175,2014-05-14,[ 07:35 ],0,350
19176,2014-05-14,[ 07:36 ],0,332
19177,2014-05-14,[ 07:37 ],0,330
19178,2014-05-14,[ 07:38 ],0,336
19179,2014-05-14,[ 07:39 ],0,330
19180,2014-05-14,[ 07:40 ],0,334
19181,2014-05-14,[ 07:41 ],0,353
19182,2014-05-14,[ 07:42 ],0,346
19183,2014-05-14,[ 07:43 ],0,346
19184,2014-05-14,[ 07:44 ],0,330
19185,2014-05-14,[ 07:45 ],0,332
19186,2014-05-14,[ 07:46 ],0,342
19187,2014-05-14,[ 07:47 ],0,342
19188,2014-05-14,[ 07:48 ],0,331
19189,2014-05-14,[ 07:49 ],0,332
19190,2014-05-14,[ 07:50 ],0,334
19191,2014-05-14,[ 07:51 ],0,324
19192,2014-05-14,[ 07:52 ],0,333
19193,2014-05-14,[ 07:53 ],0,326
19194,2014-05-14,[ 07:54 ],0,441
19195,2014-05-14,[ 07:55 ],0,443
19196,2014-05-14,[ 07:56 ],0,2834
19197,2014-05-14,[ 07:57 ],0,2882
19198,2014-05-14,[ 07:58 ],0,451
19199,2014-05-14,[ 07:59 ],0,445
19200,2014-05-14,[ 08:00 ],0,456
19201,2014-05-14,[ 08:01 ],0,449
19202,2014-05-14,[ 08:02 ],0,2097
19203,2014-05-14,[ 08:03 ],0,2097
19204,2014-05-14,[ 08:04 ],0,2067
19205,2014-05-14,[ 08:05 ],0,2076
19206,2014-05-14,[ 08:06 ],0,1944
19207,2014-05-14,[ 08:07 ],0,1922
19208,2014-05-14,[ 08:08 ],0,368
19209,2014-05-14,[ 08:09 ],0,354
19210,2014-05-14,[ 08:10 ],0,363
19211,2014-05-14,[ 08:11 ],0,363
19212,2014-05-14,[ 08:12 ],0,365
19213,2014-05-14,[ 08:13 ],0,364
19214,2014-05-14,[ 08:14 ],0,353
19215,2014-05-14,[ 08:15 ],0,517
19216,2014-05-14,[ 08:16 ],0,381
19217,2014-05-14,[ 08:17 ],0,369
19218,2014-05-14,[ 08:18 ],0,385
19219,2014-05-14,[ 08:19 ],0,427
19220,2014-05-14,[ 08:20 ],0,439
19221,2014-05-14,[ 08:21 ],0,457
19222,2014-05-14,[ 08:22 ],0,435
19223,2014-05-14,[ 08:23 ],0,439
19224,2014-05-14,[ 08:24 ],0,433
19225,2014-05-14,[ 08:25 ],0,439
19226,2014-05-14,[ 08:26 ],0,436
19227,2014-05-14,[ 08:27 ],0,433
19228,2014-05-14,[ 08:28 ],0,2068
19229,2014-05-14,[ 08:29 ],0,2095
19230,2014-05-14,[ 08:30 ],0,427
19231,2014-05-14,[ 08:31 ],0,427
19232,2014-05-14,[ 08:32 ],0,445
19233,2014-05-14,[ 08:33 ],0,438
19234,2014-05-14,[ 08:34 ],0,440
19235,2014-05-14,[ 08:35 ],0,462
19236,2014-05-14,[ 08:36 ],0,462
19237,2014-05-14,[ 08:37 ],0,557
19238,2014-05-14,[ 08:38 ],0,522
19239,2014-05-14,[ 08:39 ],0,522
19240,2014-05-14,[ 08:40 ],0,507
19241,2014-05-14,[ 08:41 ],0,506
19242,2014-05-14,[ 08:42 ],0,439
19243,2014-05-14,[ 08:43 ],0,432
19244,2014-05-14,[ 08:44 ],0,434
19245,2014-05-14,[ 08:45 ],0,429
19246,2014-05-14,[ 08:46 ],0,432
19247,2014-05-14,[ 08:47 ],0,427
19248,2014-05-14,[ 08:48 ],0,430
19249,2014-05-14,[ 08:49 ],0,435
19250,2014-05-14,[ 08:50 ],0,430
19251,2014-05-14,[ 08:51 ],0,446
19252,2014-05-14,[ 08:52 ],0,438
19253,2014-05-14,[ 08:53 ],0,438
19254,2014-05-14,[ 08:54 ],0,458
19255,2014-05-14,[ 08:55 ],0,346
19256,2014-05-14,[ 08:56 ],0,2790
19257,2014-05-14,[ 08:57 ],0,2790
19258,2014-05-14,[ 08:58 ],0,2826
19259,2014-05-14,[ 08:59 ],0,2789
19260,2014-05-14,[ 09:00 ],0,2800
19261,2014-05-14,[ 09:01 ],0,2830
19262,2014-05-14,[ 09:02 ],0,2792
19263,2014-05-14,[ 09:03 ],0,2791
19264,2014-05-14,[ 09:04 ],0,2821
19265,2014-05-14,[ 09:05 ],0,2820
19266,2014-05-14,[ 09:06 ],0,2782
19267,2014-05-14,[ 09:07 ],0,2769
19268,2014-05-14,[ 09:08 ],0,447
19269,2014-05-14,[ 09:09 ],0,444
19270,2014-05-14,[ 09:10 ],0,443
19271,2014-05-14,[ 09:11 ],0,443
19272,2014-05-14,[ 09:12 ],0,426
19273,2014-05-14,[ 09:13 ],0,443
19274,2014-05-14,[ 09:14 ],0,439
19275,2014-05-14,[ 09:15 ],0,438
19276,2014-05-14,[ 09:16 ],0,441
19277,2014-05-14,[ 09:17 ],0,931
19278,2014-05-14,[ 09:18 ],0,1225
19279,2014-05-14,[ 09:19 ],0,2370
19280,2014-05-14,[ 09:20 ],0,2995
19281,2014-05-14,[ 09:21 ],0,2818
19282,2014-05-14,[ 09:22 ],0,2865
19283,2014-05-14,[ 09:23 ],0,2931
19284,2014-05-14,[ 09:24 ],0,2864
19285,2014-05-14,[ 09:25 ],0,2786
19286,2014-05-14,[ 09:26 ],0,2949
19287,2014-05-14,[ 09:27 ],0,2921
19288,2014-05-14,[ 09:28 ],0,2824
19289,2014-05-14,[ 09:29 ],0,2855
19290,2014-05-14,[ 09:30 ],0,2855
19291,2014-05-14,[ 09:31 ],0,2834
19292,2014-05-14,[ 09:32 ],0,2963
19293,2014-05-14,[ 09:33 ],0,2875
19294,2014-05-14,[ 09:34 ],0,2865
19295,2014-05-14,[ 09:35 ],0,2570
19296,2014-05-14,[ 09:36 ],0,1472
19297,2014-05-14,[ 09:37 ],0,1392
19298,2014-05-14,[ 09:38 ],0,1383
19299,2014-05-14,[ 09:39 ],0,1306
19300,2014-05-14,[ 09:40 ],0,2811
19301,2014-05-14,[ 09:41 ],0,2747
19302,2014-05-14,[ 09:42 ],0,1456
19303,2014-05-14,[ 09:43 ],0,1529
19304,2014-05-14,[ 09:44 ],0,1420
19305,2014-05-14,[ 09:45 ],0,1271
19306,2014-05-14,[ 09:46 ],0,2663
19307,2014-05-14,[ 09:47 ],0,2887
19308,2014-05-14,[ 09:48 ],0,1335
19309,2014-05-14,[ 09:49 ],0,1456
19310,2014-05-14,[ 09:50 ],0,1759
19311,2014-05-14,[ 09:51 ],0,1252
19312,2014-05-14,[ 09:52 ],0,1258
19313,2014-05-14,[ 09:53 ],0,2867
19314,2014-05-14,[ 09:54 ],0,1408
19315,2014-05-14,[ 09:55 ],0,1443
19316,2014-05-14,[ 09:56 ],0,1415
19317,2014-05-14,[ 09:57 ],0,1415
19318,2014-05-14,[ 09:58 ],0,1312
19319,2014-05-14,[ 09:59 ],0,1398
19320,2014-05-14,[ 10:00 ],0,3396
19321,2014-05-14,[ 10:01 ],0,3255
19322,2014-05-14,[ 10:02 ],0,3339
19323,2014-05-14,[ 10:03 ],0,3349
19324,2014-05-14,[ 10:04 ],0,3360
19325,2014-05-14,[ 10:05 ],0,3367
19326,2014-05-14,[ 10:06 ],0,3282
19327,2014-05-14,[ 10:07 ],0,3296
19328,2014-05-14,[ 10:08 ],0,3309
19329,2014-05-14,[ 10:09 ],0,2899
19330,2014-05-14,[ 10:10 ],0,3190
19331,2014-05-14,[ 10:11 ],0,3312
19332,2014-05-14,[ 10:12 ],0,2852
19333,2014-05-14,[ 10:13 ],0,2902
19334,2014-05-14,[ 10:14 ],0,3084
19335,2014-05-14,[ 10:15 ],0,3057
19336,2014-05-14,[ 10:16 ],0,2851
19337,2014-05-14,[ 10:17 ],0,731
19338,2014-05-14,[ 10:18 ],0,764
19339,2014-05-14,[ 10:19 ],0,672
19340,2014-05-14,[ 10:20 ],0,561
19341,2014-05-14,[ 10:21 ],0,953
19342,2014-05-14,[ 10:22 ],0,1040
19343,2014-05-14,[ 10:23 ],0,1065
19344,2014-05-14,[ 10:24 ],0,1733
19345,2014-05-14,[ 10:25 ],0,1697
19346,2014-05-14,[ 10:26 ],0,1579
19347,2014-05-14,[ 10:27 ],0,1535
19348,2014-05-14,[ 10:28 ],0,992
19349,2014-05-14,[ 10:29 ],0,469
19350,2014-05-14,[ 10:30 ],0,668
19351,2014-05-14,[ 10:31 ],0,671
19352,2014-05-14,[ 10:32 ],0,704
19353,2014-05-14,[ 10:33 ],0,639
19354,2014-05-14,[ 10:34 ],0,854
19355,2014-05-14,[ 10:35 ],0,966
19356,2014-05-14,[ 10:36 ],0,1305
19357,2014-05-14,[ 10:37 ],0,1741
19358,2014-05-14,[ 10:38 ],0,1668
19359,2014-05-14,[ 10:39 ],0,1806
19360,2014-05-14,[ 10:40 ],0,557
19361,2014-05-14,[ 10:41 ],0,930
19362,2014-05-14,[ 10:42 ],0,475
19363,2014-05-14,[ 10:43 ],0,539
19364,2014-05-14,[ 10:44 ],0,882
19365,2014-05-14,[ 10:45 ],0,737
19366,2014-05-14,[ 10:46 ],0,673
19367,2014-05-14,[ 10:47 ],0,661
19368,2014-05-14,[ 10:48 ],0,545
19369,2014-05-14,[ 10:49 ],0,748
19370,2014-05-14,[ 10:50 ],0,864
19371,2014-05-14,[ 10:51 ],0,813
19372,2014-05-14,[ 10:52 ],0,808
19373,2014-05-14,[ 10:53 ],0,634
19374,2014-05-14,[ 10:54 ],0,570
19375,2014-05-14,[ 10:55 ],0,418
19376,2014-05-14,[ 10:56 ],0,412
19377,2014-05-14,[ 10:57 ],0,413
19378,2014-05-14,[ 10:58 ],0,410
19379,2014-05-14,[ 10:59 ],0,412
19380,2014-05-14,[ 11:00 ],0,407
19381,2014-05-14,[ 11:01 ],0,410
19382,2014-05-14,[ 11:02 ],0,410
19383,2014-05-14,[ 11:03 ],0,413
19384,2014-05-14,[ 11:04 ],0,410
19385,2014-05-14,[ 11:05 ],0,413
19386,2014-05-14,[ 11:06 ],0,344
19387,2014-05-14,[ 11:07 ],0,341
19388,2014-05-14,[ 11:08 ],0,342
19389,2014-05-14,[ 11:09 ],0,332
19390,2014-05-14,[ 11:10 ],0,331
19391,2014-05-14,[ 11:11 ],0,334
19392,2014-05-14,[ 11:12 ],0,332
19393,2014-05-14,[ 11:13 ],0,323
19394,2014-05-14,[ 11:14 ],0,337
19395,2014-05-14,[ 11:15 ],0,337
19396,2014-05-14,[ 11:16 ],0,333
19397,2014-05-14,[ 11:17 ],0,340
19398,2014-05-14,[ 11:18 ],0,415
19399,2014-05-14,[ 11:19 ],0,400
19400,2014-05-14,[ 11:20 ],0,413
19401,2014-05-14,[ 11:21 ],0,398
19402,2014-05-14,[ 11:22 ],0,415
19403,2014-05-14,[ 11:23 ],0,400
19404,2014-05-14,[ 11:24 ],0,407
19405,2014-05-14,[ 11:25 ],0,402
19406,2014-05-14,[ 11:26 ],0,413
19407,2014-05-14,[ 11:27 ],0,406
19408,2014-05-14,[ 11:28 ],0,399
19409,2014-05-14,[ 11:29 ],0,390
19410,2014-05-14,[ 11:30 ],0,399
19411,2014-05-14,[ 11:31 ],0,399
19412,2014-05-14,[ 11:32 ],0,412
19413,2014-05-14,[ 11:33 ],0,411
19414,2014-05-14,[ 11:34 ],0,400
19415,2014-05-14,[ 11:35 ],0,401
19416,2014-05-14,[ 11:36 ],0,394
19417,2014-05-14,[ 11:37 ],0,412
19418,2014-05-14,[ 11:38 ],0,415
19419,2014-05-14,[ 11:39 ],0,409
19420,2014-05-14,[ 11:40 ],0,405
19421,2014-05-14,[ 11:41 ],0,409
19422,2014-05-14,[ 11:42 ],0,400
19423,2014-05-14,[ 11:43 ],0,337
19424,2014-05-14,[ 11:44 ],0,342
19425,2014-05-14,[ 11:45 ],0,348
19426,2014-05-14,[ 11:46 ],0,328
19427,2014-05-14,[ 11:47 ],0,323
19428,2014-05-14,[ 11:48 ],0,332
19429,2014-05-14,[ 11:49 ],0,322
19430,2014-05-14,[ 11:50 ],0,322
19431,2014-05-14,[ 11:51 ],0,326
19432,2014-05-14,[ 11:52 ],0,333
19433,2014-05-14,[ 11:53 ],0,336
19434,2014-05-14,[ 11:54 ],0,344
19435,2014-05-14,[ 11:55 ],0,341
19436,2014-05-14,[ 11:56 ],0,342
19437,2014-05-14,[ 11:57 ],0,347
19438,2014-05-14,[ 11:58 ],0,339
19439,2014-05-14,[ 11:59 ],0,331
19440,2014-05-14,[ 12:00 ],0,333
19441,2014-05-14,[ 12:01 ],0,332
19442,2014-05-14,[ 12:02 ],0,324
19443,2014-05-14,[ 12:03 ],0,343
19444,2014-05-14,[ 12:04 ],0,340
19445,2014-05-14,[ 12:05 ],0,335
19446,2014-05-14,[ 12:06 ],0,339
19447,2014-05-14,[ 12:07 ],0,355
19448,2014-05-14,[ 12:08 ],0,327
19449,2014-05-14,[ 12:09 ],0,326
19450,2014-05-14,[ 12:10 ],0,334
19451,2014-05-14,[ 12:11 ],0,332
19452,2014-05-14,[ 12:12 ],0,331
19453,2014-05-14,[ 12:13 ],0,324
19454,2014-05-14,[ 12:14 ],0,326
19455,2014-05-14,[ 12:15 ],0,333
19456,2014-05-14,[ 12:16 ],0,330
19457,2014-05-14,[ 12:17 ],0,331
19458,2014-05-14,[ 12:18 ],0,339
19459,2014-05-14,[ 12:19 ],0,341
19460,2014-05-14,[ 12:20 ],0,322
19461,2014-05-14,[ 12:21 ],0,337
19462,2014-05-14,[ 12:22 ],0,323
19463,2014-05-14,[ 12:23 ],0,334
19464,2014-05-14,[ 12:24 ],0,331
19465,2014-05-14,[ 12:25 ],0,332
19466,2014-05-14,[ 12:26 ],0,330
19467,2014-05-14,[ 12:27 ],0,406
19468,2014-05-14,[ 12:28 ],0,404
19469,2014-05-14,[ 12:29 ],0,394
19470,2014-05-14,[ 12:30 ],0,393
19471,2014-05-14,[ 12:31 ],0,392
19472,2014-05-14,[ 12:32 ],0,407
19473,2014-05-14,[ 12:33 ],0,392
19474,2014-05-14,[ 12:34 ],0,393
19475,2014-05-14,[ 12:35 ],0,386
19476,2014-05-14,[ 12:36 ],0,398
19477,2014-05-14,[ 12:37 ],0,398
19478,2014-05-14,[ 12:38 ],0,323
19479,2014-05-14,[ 12:39 ],0,1918
19480,2014-05-14,[ 12:40 ],0,1976
19481,2014-05-14,[ 12:41 ],0,1978
19482,2014-05-14,[ 12:42 ],0,1974
19483,2014-05-14,[ 12:43 ],0,1977
19484,2014-05-14,[ 12:44 ],0,316
19485,2014-05-14,[ 12:45 ],0,310
19486,2014-05-14,[ 12:46 ],0,307
19487,2014-05-14,[ 12:47 ],0,309
19488,2014-05-14,[ 12:48 ],0,830
19489,2014-05-14,[ 12:49 ],0,380
19490,2014-05-14,[ 12:50 ],0,379
19491,2014-05-14,[ 12:51 ],0,382
19492,2014-05-14,[ 12:52 ],0,371
19493,2014-05-14,[ 12:53 ],0,374
19494,2014-05-14,[ 12:54 ],0,383
19495,2014-05-14,[ 12:55 ],0,370
19496,2014-05-14,[ 12:56 ],0,392
19497,2014-05-14,[ 12:57 ],0,376
19498,2014-05-14,[ 12:58 ],0,370
19499,2014-05-14,[ 12:59 ],0,364
19500,2014-05-14,[ 13:00 ],0,374
19501,2014-05-14,[ 13:01 ],0,2845
19502,2014-05-14,[ 13:02 ],0,2853
19503,2014-05-14,[ 13:03 ],0,2781
19504,2014-05-14,[ 13:04 ],0,370
19505,2014-05-14,[ 13:05 ],0,378
19506,2014-05-14,[ 13:06 ],0,359
19507,2014-05-14,[ 13:07 ],0,386
19508,2014-05-14,[ 13:08 ],0,379
19509,2014-05-14,[ 13:09 ],0,364
19510,2014-05-14,[ 13:10 ],0,355
19511,2014-05-14,[ 13:11 ],0,422
19512,2014-05-14,[ 13:12 ],0,421
19513,2014-05-14,[ 13:13 ],0,420
19514,2014-05-14,[ 13:14 ],0,444
19515,2014-05-14,[ 13:15 ],0,444
19516,2014-05-14,[ 13:16 ],0,423
19517,2014-05-14,[ 13:17 ],0,423
19518,2014-05-14,[ 13:18 ],0,437
19519,2014-05-14,[ 13:19 ],0,376
19520,2014-05-14,[ 13:20 ],0,380
19521,2014-05-14,[ 13:21 ],0,357
19522,2014-05-14,[ 13:22 ],0,372
19523,2014-05-14,[ 13:23 ],0,387
19524,2014-05-14,[ 13:24 ],0,372
19525,2014-05-14,[ 13:25 ],0,372
19526,2014-05-14,[ 13:26 ],0,355
19527,2014-05-14,[ 13:27 ],0,333
19528,2014-05-14,[ 13:28 ],0,334
19529,2014-05-14,[ 13:29 ],0,337
19530,2014-05-14,[ 13:30 ],0,337
19531,2014-05-14,[ 13:31 ],0,345
19532,2014-05-14,[ 13:32 ],0,344
19533,2014-05-14,[ 13:33 ],0,336
19534,2014-05-14,[ 13:34 ],0,356
19535,2014-05-14,[ 13:35 ],0,324
19536,2014-05-14,[ 13:36 ],0,326
19537,2014-05-14,[ 13:37 ],0,323
19538,2014-05-14,[ 13:38 ],0,333
19539,2014-05-14,[ 13:39 ],0,328
19540,2014-05-14,[ 13:40 ],0,326
19541,2014-05-14,[ 13:41 ],0,319
19542,2014-05-14,[ 13:42 ],0,323
19543,2014-05-14,[ 13:43 ],0,323
19544,2014-05-14,[ 13:44 ],0,322
19545,2014-05-14,[ 13:45 ],0,322
19546,2014-05-14,[ 13:46 ],0,327
19547,2014-05-14,[ 13:47 ],0,326
19548,2014-05-14,[ 13:48 ],0,731
19549,2014-05-14,[ 13:49 ],0,763
19550,2014-05-14,[ 13:50 ],0,2678
19551,2014-05-14,[ 13:51 ],0,2678
19552,2014-05-14,[ 13:52 ],0,2618
19553,2014-05-14,[ 13:53 ],0,2675
19554,2014-05-14,[ 13:54 ],0,2817
19555,2014-05-14,[ 13:55 ],0,2627
19556,2014-05-14,[ 13:56 ],0,2662
19557,2014-05-14,[ 13:57 ],0,2666
19558,2014-05-14,[ 13:58 ],0,2584
19559,2014-05-14,[ 13:59 ],0,2767
19560,2014-05-14,[ 14:00 ],0,2734
19561,2014-05-14,[ 14:01 ],0,2825
19562,2014-05-14,[ 14:02 ],0,2695
19563,2014-05-14,[ 14:03 ],0,2491
19564,2014-05-14,[ 14:04 ],0,2719
19565,2014-05-14,[ 14:05 ],0,2524
19566,2014-05-14,[ 14:06 ],0,1081
19567,2014-05-14,[ 14:07 ],0,1222
19568,2014-05-14,[ 14:08 ],0,1222
19569,2014-05-14,[ 14:09 ],0,1095
19570,2014-05-14,[ 14:10 ],0,2617
19571,2014-05-14,[ 14:11 ],0,2617
19572,2014-05-14,[ 14:12 ],0,1018
19573,2014-05-14,[ 14:13 ],0,969
19574,2014-05-14,[ 14:14 ],0,942
19575,2014-05-14,[ 14:15 ],0,948
19576,2014-05-14,[ 14:16 ],0,963
19577,2014-05-14,[ 14:17 ],0,2612
19578,2014-05-14,[ 14:18 ],0,2580
19579,2014-05-14,[ 14:19 ],0,1386
19580,2014-05-14,[ 14:20 ],0,970
19581,2014-05-14,[ 14:21 ],0,1255
19582,2014-05-14,[ 14:22 ],0,946
19583,2014-05-14,[ 14:23 ],0,2481
19584,2014-05-14,[ 14:24 ],0,2479
19585,2014-05-14,[ 14:25 ],0,969
19586,2014-05-14,[ 14:26 ],0,1054
19587,2014-05-14,[ 14:27 ],0,1070
19588,2014-05-14,[ 14:28 ],0,3236
19589,2014-05-14,[ 14:29 ],0,3224
19590,2014-05-14,[ 14:30 ],0,1116
19591,2014-05-14,[ 14:31 ],0,969
19592,2014-05-14,[ 14:32 ],0,1134
19593,2014-05-14,[ 14:33 ],0,1192
19594,2014-05-14,[ 14:34 ],0,950
19595,2014-05-14,[ 14:35 ],0,1065
19596,2014-05-14,[ 14:36 ],0,971
19597,2014-05-14,[ 14:37 ],0,1255
19598,2014-05-14,[ 14:38 ],0,1224
19599,2014-05-14,[ 14:39 ],0,975
19600,2014-05-14,[ 14:40 ],0,565
19601,2014-05-14,[ 14:41 ],0,920
19602,2014-05-14,[ 14:42 ],0,508
19603,2014-05-14,[ 14:43 ],0,748
19604,2014-05-14,[ 14:44 ],0,714
19605,2014-05-14,[ 14:45 ],0,586
19606,2014-05-14,[ 14:46 ],0,613
19607,2014-05-14,[ 14:47 ],0,929
19608,2014-05-14,[ 14:48 ],0,552
19609,2014-05-14,[ 14:49 ],0,805
19610,2014-05-14,[ 14:50 ],0,912
19611,2014-05-14,[ 14:51 ],0,946
19612,2014-05-14,[ 14:52 ],0,1254
19613,2014-05-14,[ 14:53 ],0,1468
19614,2014-05-14,[ 14:54 ],0,932
19615,2014-05-14,[ 14:55 ],0,1758
19616,2014-05-14,[ 14:56 ],0,952
19617,2014-05-14,[ 14:57 ],0,952
19618,2014-05-14,[ 14:58 ],0,817
19619,2014-05-14,[ 14:59 ],0,736
19620,2014-05-14,[ 15:00 ],0,841
19621,2014-05-14,[ 15:01 ],0,1383
19622,2014-05-14,[ 15:02 ],0,1135
19623,2014-05-14,[ 15:03 ],0,1538
19624,2014-05-14,[ 15:04 ],0,1695
19625,2014-05-14,[ 15:05 ],0,1878
19626,2014-05-14,[ 15:06 ],0,1746
19627,2014-05-14,[ 15:07 ],0,1061
19628,2014-05-14,[ 15:08 ],0,484
19629,2014-05-14,[ 15:09 ],0,371
19630,2014-05-14,[ 15:10 ],0,902
19631,2014-05-14,[ 15:11 ],0,566
19632,2014-05-14,[ 15:12 ],0,510
19633,2014-05-14,[ 15:13 ],0,505
19634,2014-05-14,[ 15:14 ],0,449
19635,2014-05-14,[ 15:15 ],0,607
19636,2014-05-14,[ 15:16 ],0,751
19637,2014-05-14,[ 15:17 ],0,680
19638,2014-05-14,[ 15:18 ],0,669
19639,2014-05-14,[ 15:19 ],0,386
19640,2014-05-14,[ 15:20 ],0,382
19641,2014-05-14,[ 15:21 ],0,478
19642,2014-05-14,[ 15:22 ],0,261
19643,2014-05-14,[ 15:23 ],0,438
19644,2014-05-14,[ 15:24 ],0,437
19645,2014-05-14,[ 15:25 ],0,426
19646,2014-05-14,[ 15:26 ],0,422
19647,2014-05-14,[ 15:27 ],0,422
19648,2014-05-14,[ 15:28 ],0,423
19649,2014-05-14,[ 15:29 ],0,415
19650,2014-05-14,[ 15:30 ],0,415
19651,2014-05-14,[ 15:31 ],0,415
19652,2014-05-14,[ 15:32 ],0,409
19653,2014-05-14,[ 15:33 ],0,420
19654,2014-05-14,[ 15:34 ],0,422
19655,2014-05-14,[ 15:35 ],0,406
19656,2014-05-14,[ 15:36 ],0,409
19657,2014-05-14,[ 15:37 ],0,399
19658,2014-05-14,[ 15:38 ],0,324
19659,2014-05-14,[ 15:39 ],0,326
19660,2014-05-14,[ 15:40 ],0,327
19661,2014-05-14,[ 15:41 ],0,323
19662,2014-05-14,[ 15:42 ],0,319
19663,2014-05-14,[ 15:43 ],0,291
19664,2014-05-14,[ 15:44 ],0,291
19665,2014-05-14,[ 15:45 ],0,287
19666,2014-05-14,[ 15:46 ],0,285
19667,2014-05-14,[ 15:47 ],0,358
19668,2014-05-14,[ 15:48 ],0,402
19669,2014-05-14,[ 15:49 ],0,402
19670,2014-05-14,[ 15:50 ],0,343
19671,2014-05-14,[ 15:51 ],0,306
19672,2014-05-14,[ 15:52 ],0,312
19673,2014-05-14,[ 15:53 ],0,304
19674,2014-05-14,[ 15:54 ],0,318
19675,2014-05-14,[ 15:55 ],0,306
19676,2014-05-14,[ 15:56 ],0,301
19677,2014-05-14,[ 15:57 ],0,270
19678,2014-05-14,[ 15:58 ],0,264
19679,2014-05-14,[ 15:59 ],0,366
19680,2014-05-14,[ 16:00 ],0,361
19681,2014-05-14,[ 16:01 ],0,361
19682,2014-05-14,[ 16:02 ],0,364
19683,2014-05-14,[ 16:03 ],0,369
19684,2014-05-14,[ 16:04 ],0,406
19685,2014-05-14,[ 16:05 ],0,410
19686,2014-05-14,[ 16:06 ],0,407
19687,2014-05-14,[ 16:07 ],0,401
19688,2014-05-14,[ 16:08 ],0,368
19689,2014-05-14,[ 16:09 ],0,369
19690,2014-05-14,[ 16:10 ],0,370
19691,2014-05-14,[ 16:11 ],0,371
19692,2014-05-14,[ 16:12 ],0,405
19693,2014-05-14,[ 16:13 ],0,402
19694,2014-05-14,[ 16:14 ],0,404
19695,2014-05-14,[ 16:15 ],0,367
19696,2014-05-14,[ 16:16 ],0,367
19697,2014-05-14,[ 16:17 ],0,361
19698,2014-05-14,[ 16:18 ],0,307
19699,2014-05-14,[ 16:19 ],0,331
19700,2014-05-14,[ 16:20 ],0,337
19701,2014-05-14,[ 16:21 ],0,336
19702,2014-05-14,[ 16:22 ],0,331
19703,2014-05-14,[ 16:23 ],0,300
19704,2014-05-14,[ 16:24 ],0,317
19705,2014-05-14,[ 16:25 ],0,327
19706,2014-05-14,[ 16:26 ],0,331
19707,2014-05-14,[ 16:27 ],0,339
19708,2014-05-14,[ 16:28 ],0,339
19709,2014-05-14,[ 16:29 ],0,337
19710,2014-05-14,[ 16:30 ],0,320
19711,2014-05-14,[ 16:31 ],0,300
19712,2014-05-14,[ 16:32 ],0,302
19713,2014-05-14,[ 16:33 ],0,332
19714,2014-05-14,[ 16:34 ],0,332
19715,2014-05-14,[ 16:35 ],0,348
19716,2014-05-14,[ 16:36 ],0,346
19717,2014-05-14,[ 16:37 ],0,313
19718,2014-05-14,[ 16:38 ],0,319
19719,2014-05-14,[ 16:39 ],0,316
19720,2014-05-14,[ 16:40 ],0,333
19721,2014-05-14,[ 16:41 ],0,332
19722,2014-05-14,[ 16:42 ],0,333
19723,2014-05-14,[ 16:43 ],0,352
19724,2014-05-14,[ 16:44 ],0,302
19725,2014-05-14,[ 16:45 ],0,304
19726,2014-05-14,[ 16:46 ],0,301
19727,2014-05-14,[ 16:47 ],0,450
19728,2014-05-14,[ 16:48 ],0,416
19729,2014-05-14,[ 16:49 ],0,416
19730,2014-05-14,[ 16:50 ],0,413
19731,2014-05-14,[ 16:51 ],0,409
19732,2014-05-14,[ 16:52 ],0,422
19733,2014-05-14,[ 16:53 ],0,415
19734,2014-05-14,[ 16:54 ],0,404
19735,2014-05-14,[ 16:55 ],0,412
19736,2014-05-14,[ 16:56 ],0,410
19737,2014-05-14,[ 16:57 ],0,420
19738,2014-05-14,[ 16:58 ],0,409
19739,2014-05-14,[ 16:59 ],0,358
19740,2014-05-14,[ 17:00 ],0,341
19741,2014-05-14,[ 17:01 ],0,316
19742,2014-05-14,[ 17:02 ],0,307
19743,2014-05-14,[ 17:03 ],0,162
19744,2014-05-14,[ 17:04 ],0,163
19745,2014-05-14,[ 17:05 ],0,185
19746,2014-05-14,[ 17:06 ],0,196
19747,2014-05-14,[ 17:07 ],0,262
19748,2014-05-14,[ 17:08 ],0,267
19749,2014-05-14,[ 17:09 ],0,258
19750,2014-05-14,[ 17:10 ],0,278
19751,2014-05-14,[ 17:11 ],0,423
19752,2014-05-14,[ 17:12 ],0,333
19753,2014-05-14,[ 17:13 ],0,319
19754,2014-05-14,[ 17:14 ],0,410
19755,2014-05-14,[ 17:15 ],0,342
19756,2014-05-14,[ 17:16 ],0,335
19757,2014-05-14,[ 17:17 ],0,355
19758,2014-05-14,[ 17:18 ],0,340
19759,2014-05-14,[ 17:19 ],0,365
19760,2014-05-14,[ 17:20 ],0,355
19761,2014-05-14,[ 17:21 ],0,2716
19762,2014-05-14,[ 17:22 ],0,2676
19763,2014-05-14,[ 17:23 ],0,2676
19764,2014-05-14,[ 17:24 ],0,385
19765,2014-05-14,[ 17:25 ],0,355
19766,2014-05-14,[ 17:26 ],0,351
19767,2014-05-14,[ 17:27 ],0,351
19768,2014-05-14,[ 17:28 ],0,336
19769,2014-05-14,[ 17:29 ],0,357
19770,2014-05-14,[ 17:30 ],0,357
19771,2014-05-14,[ 17:31 ],0,2038
19772,2014-05-14,[ 17:32 ],0,2046
19773,2014-05-14,[ 17:33 ],0,357
19774,2014-05-14,[ 17:34 ],0,351
19775,2014-05-14,[ 17:35 ],0,332
19776,2014-05-14,[ 17:36 ],0,323
19777,2014-05-14,[ 17:37 ],0,326
19778,2014-05-14,[ 17:38 ],0,352
19779,2014-05-14,[ 17:39 ],0,363
19780,2014-05-14,[ 17:40 ],0,327
19781,2014-05-14,[ 17:41 ],0,322
19782,2014-05-14,[ 17:42 ],0,348
19783,2014-05-14,[ 17:43 ],0,339
19784,2014-05-14,[ 17:44 ],0,321
19785,2014-05-14,[ 17:45 ],0,323
19786,2014-05-14,[ 17:46 ],0,841
19787,2014-05-14,[ 17:47 ],0,1956
19788,2014-05-14,[ 17:48 ],0,333
19789,2014-05-14,[ 17:49 ],0,322
19790,2014-05-14,[ 17:50 ],0,1950
19791,2014-05-14,[ 17:51 ],0,1952
19792,2014-05-14,[ 17:52 ],0,1926
19793,2014-05-14,[ 17:53 ],0,280
19794,2014-05-14,[ 17:54 ],0,269
19795,2014-05-14,[ 17:55 ],0,261
19796,2014-05-14,[ 17:56 ],0,274
19797,2014-05-14,[ 17:57 ],0,256
19798,2014-05-14,[ 17:58 ],0,256
19799,2014-05-14,[ 17:59 ],0,1976
19800,2014-05-14,[ 18:00 ],0,1976
19801,2014-05-14,[ 18:01 ],0,258
19802,2014-05-14,[ 18:02 ],0,2717
19803,2014-05-14,[ 18:03 ],0,2652
19804,2014-05-14,[ 18:04 ],0,2603
19805,2014-05-14,[ 18:05 ],0,309
19806,2014-05-14,[ 18:06 ],0,275
19807,2014-05-14,[ 18:07 ],0,289
19808,2014-05-14,[ 18:08 ],0,257
19809,2014-05-14,[ 18:09 ],0,289
19810,2014-05-14,[ 18:10 ],0,295
19811,2014-05-14,[ 18:11 ],0,266
19812,2014-05-14,[ 18:12 ],0,252
19813,2014-05-14,[ 18:13 ],0,252
19814,2014-05-14,[ 18:14 ],0,274
19815,2014-05-14,[ 18:15 ],0,251
19816,2014-05-14,[ 18:16 ],0,237
19817,2014-05-14,[ 18:17 ],0,236
19818,2014-05-14,[ 18:18 ],0,223
19819,2014-05-14,[ 18:19 ],0,216
19820,2014-05-14,[ 18:20 ],0,256
19821,2014-05-14,[ 18:21 ],0,310
19822,2014-05-14,[ 18:22 ],0,301
19823,2014-05-14,[ 18:23 ],0,280
19824,2014-05-14,[ 18:24 ],0,321
19825,2014-05-14,[ 18:25 ],0,354
19826,2014-05-14,[ 18:26 ],0,326
19827,2014-05-14,[ 18:27 ],0,225
19828,2014-05-14,[ 18:28 ],0,270
19829,2014-05-14,[ 18:29 ],0,265
19830,2014-05-14,[ 18:30 ],0,259
19831,2014-05-14,[ 18:31 ],0,240
19832,2014-05-14,[ 18:32 ],0,251
19833,2014-05-14,[ 18:33 ],0,246
19834,2014-05-14,[ 18:34 ],0,366
19835,2014-05-14,[ 18:35 ],0,352
19836,2014-05-14,[ 18:36 ],0,327
19837,2014-05-14,[ 18:37 ],0,339
19838,2014-05-14,[ 18:38 ],0,326
19839,2014-05-14,[ 18:39 ],0,326
19840,2014-05-14,[ 18:40 ],0,317
19841,2014-05-14,[ 18:41 ],0,302
19842,2014-05-14,[ 18:42 ],0,300
19843,2014-05-14,[ 18:43 ],0,320
19844,2014-05-14,[ 18:44 ],0,320
19845,2014-05-14,[ 18:45 ],0,302
19846,2014-05-14,[ 18:46 ],0,305
19847,2014-05-14,[ 18:47 ],0,292
19848,2014-05-14,[ 18:48 ],0,309
19849,2014-05-14,[ 18:49 ],0,301
19850,2014-05-14,[ 18:50 ],0,327
19851,2014-05-14,[ 18:51 ],0,298
19852,2014-05-14,[ 18:52 ],0,304
19853,2014-05-14,[ 18:53 ],0,330
19854,2014-05-14,[ 18:54 ],0,334
19855,2014-05-14,[ 18:55 ],0,326
19856,2014-05-14,[ 18:56 ],0,316
19857,2014-05-14,[ 18:57 ],0,353
19858,2014-05-14,[ 18:58 ],0,339
19859,2014-05-14,[ 18:59 ],0,283
19860,2014-05-14,[ 19:00 ],0,288
19861,2014-05-14,[ 19:01 ],0,323
19862,2014-05-14,[ 19:02 ],0,323
19863,2014-05-14,[ 19:03 ],0,358
19864,2014-05-14,[ 19:04 ],0,394
19865,2014-05-14,[ 19:05 ],0,306
19866,2014-05-14,[ 19:06 ],0,302
19867,2014-05-14,[ 19:07 ],0,301
19868,2014-05-14,[ 19:08 ],0,302
19869,2014-05-14,[ 19:09 ],0,305
19870,2014-05-14,[ 19:10 ],0,292
19871,2014-05-14,[ 19:11 ],0,302
19872,2014-05-14,[ 19:12 ],0,292
19873,2014-05-14,[ 19:13 ],0,288
19874,2014-05-14,[ 19:14 ],0,286
19875,2014-05-14,[ 19:15 ],0,334
19876,2014-05-14,[ 19:16 ],0,370
19877,2014-05-14,[ 19:17 ],0,372
19878,2014-05-14,[ 19:18 ],0,356
19879,2014-05-14,[ 19:19 ],0,300
19880,2014-05-14,[ 19:20 ],0,294
19881,2014-05-14,[ 19:21 ],0,300
19882,2014-05-14,[ 19:22 ],0,288
19883,2014-05-14,[ 19:23 ],0,286
19884,2014-05-14,[ 19:24 ],0,286
19885,2014-05-14,[ 19:25 ],0,287
19886,2014-05-14,[ 19:26 ],0,287
19887,2014-05-14,[ 19:27 ],0,289
19888,2014-05-14,[ 19:28 ],0,300
19889,2014-05-14,[ 19:29 ],0,499
19890,2014-05-14,[ 19:30 ],0,505
19891,2014-05-14,[ 19:31 ],0,505
19892,2014-05-14,[ 19:32 ],0,521
19893,2014-05-14,[ 19:33 ],0,519
19894,2014-05-14,[ 19:34 ],0,522
19895,2014-05-14,[ 19:35 ],0,530
19896,2014-05-14,[ 19:36 ],0,538
19897,2014-05-14,[ 19:37 ],0,538
19898,2014-05-14,[ 19:38 ],0,530
19899,2014-05-14,[ 19:39 ],0,515
19900,2014-05-14,[ 19:40 ],0,515
19901,2014-05-14,[ 19:41 ],0,517
19902,2014-05-14,[ 19:42 ],0,526
19903,2014-05-14,[ 19:43 ],0,526
19904,2014-05-14,[ 19:44 ],0,521
19905,2014-05-14,[ 19:45 ],0,521
19906,2014-05-14,[ 19:46 ],0,509
19907,2014-05-14,[ 19:47 ],0,510
19908,2014-05-14,[ 19:48 ],0,523
19909,2014-05-14,[ 19:49 ],0,635
19910,2014-05-14,[ 19:50 ],0,615
19911,2014-05-14,[ 19:51 ],0,625
19912,2014-05-14,[ 19:52 ],0,634
19913,2014-05-14,[ 19:53 ],0,615
19914,2014-05-14,[ 19:54 ],0,588
19915,2014-05-14,[ 19:55 ],0,608
19916,2014-05-14,[ 19:56 ],0,588
19917,2014-05-14,[ 19:57 ],0,587
19918,2014-05-14,[ 19:58 ],0,587
19919,2014-05-14,[ 19:59 ],0,579
19920,2014-05-14,[ 20:00 ],0,521
19921,2014-05-14,[ 20:01 ],0,519
19922,2014-05-14,[ 20:02 ],0,509
19923,2014-05-14,[ 20:03 ],0,511
19924,2014-05-14,[ 20:04 ],0,509
19925,2014-05-14,[ 20:05 ],0,537
19926,2014-05-14,[ 20:06 ],0,511
19927,2014-05-14,[ 20:07 ],0,479
19928,2014-05-14,[ 20:08 ],0,479
19929,2014-05-14,[ 20:09 ],0,558
19930,2014-05-14,[ 20:10 ],0,552
19931,2014-05-14,[ 20:11 ],0,579
19932,2014-05-14,[ 20:12 ],0,585
19933,2014-05-14,[ 20:13 ],0,572
19934,2014-05-14,[ 20:14 ],0,569
19935,2014-05-14,[ 20:15 ],0,575
19936,2014-05-14,[ 20:16 ],0,587
19937,2014-05-14,[ 20:17 ],0,665
19938,2014-05-14,[ 20:18 ],0,657
19939,2014-05-14,[ 20:19 ],0,660
19940,2014-05-14,[ 20:20 ],0,669
19941,2014-05-14,[ 20:21 ],0,669
19942,2014-05-14,[ 20:22 ],0,657
19943,2014-05-14,[ 20:23 ],0,650
19944,2014-05-14,[ 20:24 ],0,645
19945,2014-05-14,[ 20:25 ],0,660
19946,2014-05-14,[ 20:26 ],0,650
19947,2014-05-14,[ 20:27 ],0,649
19948,2014-05-14,[ 20:28 ],0,655
19949,2014-05-14,[ 20:29 ],0,669
19950,2014-05-14,[ 20:30 ],0,681
19951,2014-05-14,[ 20:31 ],0,681
19952,2014-05-14,[ 20:32 ],0,671
19953,2014-05-14,[ 20:33 ],0,678
19954,2014-05-14,[ 20:34 ],0,674
19955,2014-05-14,[ 20:35 ],0,674
19956,2014-05-14,[ 20:36 ],0,688
19957,2014-05-14,[ 20:37 ],0,675
19958,2014-05-14,[ 20:38 ],0,674
19959,2014-05-14,[ 20:39 ],0,677
19960,2014-05-14,[ 20:40 ],0,661
19961,2014-05-14,[ 20:41 ],0,670
19962,2014-05-14,[ 20:42 ],0,684
19963,2014-05-14,[ 20:43 ],0,684
19964,2014-05-14,[ 20:44 ],0,684
19965,2014-05-14,[ 20:45 ],0,668
19966,2014-05-14,[ 20:46 ],0,660
19967,2014-05-14,[ 20:47 ],0,657
19968,2014-05-14,[ 20:48 ],0,656
19969,2014-05-14,[ 20:49 ],0,653
19970,2014-05-14,[ 20:50 ],0,666
19971,2014-05-14,[ 20:51 ],0,654
19972,2014-05-14,[ 20:52 ],0,654
19973,2014-05-14,[ 20:53 ],0,658
19974,2014-05-14,[ 20:54 ],0,669
19975,2014-05-14,[ 20:55 ],0,648
19976,2014-05-14,[ 20:56 ],0,627
19977,2014-05-14,[ 20:57 ],0,644
19978,2014-05-14,[ 20:58 ],0,638
19979,2014-05-14,[ 20:59 ],0,644
19980,2014-05-14,[ 21:00 ],0,639
19981,2014-05-14,[ 21:01 ],0,666
19982,2014-05-14,[ 21:02 ],0,666
19983,2014-05-14,[ 21:03 ],0,657
19984,2014-05-14,[ 21:04 ],0,657
19985,2014-05-14,[ 21:05 ],0,581
19986,2014-05-14,[ 21:06 ],0,591
19987,2014-05-14,[ 21:07 ],0,580
19988,2014-05-14,[ 21:08 ],0,578
19989,2014-05-14,[ 21:09 ],0,570
19990,2014-05-14,[ 21:10 ],0,576
19991,2014-05-14,[ 21:11 ],0,575
19992,2014-05-14,[ 21:12 ],0,577
19993,2014-05-14,[ 21:13 ],0,566
19994,2014-05-14,[ 21:14 ],0,567
19995,2014-05-14,[ 21:15 ],0,564
19996,2014-05-14,[ 21:16 ],0,567
19997,2014-05-14,[ 21:17 ],0,425
19998,2014-05-14,[ 21:18 ],0,463
19999,2014-05-14,[ 21:19 ],0,463
20000,2014-05-14,[ 21:20 ],0,404
20001,2014-05-14,[ 21:21 ],0,412
20002,2014-05-14,[ 21:22 ],0,391
20003,2014-05-14,[ 21:23 ],0,415
20004,2014-05-14,[ 21:24 ],0,415
20005,2014-05-14,[ 21:25 ],0,421
20006,2014-05-14,[ 21:26 ],0,404
20007,2014-05-14,[ 21:27 ],0,412
20008,2014-05-14,[ 21:28 ],0,393
20009,2014-05-14,[ 21:29 ],0,213
20010,2014-05-14,[ 21:30 ],0,226
20011,2014-05-14,[ 21:31 ],0,201
20012,2014-05-14,[ 21:32 ],0,201
20013,2014-05-14,[ 21:33 ],0,201
20014,2014-05-14,[ 21:34 ],0,200
20015,2014-05-14,[ 21:35 ],0,201
20016,2014-05-14,[ 21:36 ],0,196
20017,2014-05-14,[ 21:37 ],0,291
20018,2014-05-14,[ 21:38 ],0,281
20019,2014-05-14,[ 21:39 ],0,281
20020,2014-05-14,[ 21:40 ],0,283
20021,2014-05-14,[ 21:41 ],0,282
20022,2014-05-14,[ 21:42 ],0,288
20023,2014-05-14,[ 21:43 ],0,283
20024,2014-05-14,[ 21:44 ],0,283
20025,2014-05-14,[ 21:45 ],0,282
20026,2014-05-14,[ 21:46 ],0,280
20027,2014-05-14,[ 21:47 ],0,282
20028,2014-05-14,[ 21:48 ],0,282
20029,2014-05-14,[ 21:49 ],0,294
20030,2014-05-14,[ 21:50 ],0,252
20031,2014-05-14,[ 21:51 ],0,252
20032,2014-05-14,[ 21:52 ],0,252
20033,2014-05-14,[ 21:53 ],0,259
20034,2014-05-14,[ 21:54 ],0,257
20035,2014-05-14,[ 21:55 ],0,259
20036,2014-05-14,[ 21:56 ],0,264
20037,2014-05-14,[ 21:57 ],0,262
20038,2014-05-14,[ 21:58 ],0,261
20039,2014-05-14,[ 21:59 ],0,260
20040,2014-05-14,[ 22:00 ],0,259
20041,2014-05-14,[ 22:01 ],0,257
20042,2014-05-14,[ 22:02 ],0,257
20043,2014-05-14,[ 22:03 ],0,256
20044,2014-05-14,[ 22:04 ],0,257
20045,2014-05-14,[ 22:05 ],0,256
20046,2014-05-14,[ 22:06 ],0,274
20047,2014-05-14,[ 22:07 ],0,179
20048,2014-05-14,[ 22:08 ],0,178
20049,2014-05-14,[ 22:09 ],0,178
20050,2014-05-14,[ 22:10 ],0,178
20051,2014-05-14,[ 22:11 ],0,174
20052,2014-05-14,[ 22:12 ],0,171
20053,2014-05-14,[ 22:13 ],0,171
20054,2014-05-14,[ 22:14 ],0,171
20055,2014-05-14,[ 22:15 ],0,172
20056,2014-05-14,[ 22:16 ],0,171
20057,2014-05-14,[ 22:17 ],0,171
20058,2014-05-14,[ 22:18 ],0,173
20059,2014-05-14,[ 22:19 ],0,171
20060,2014-05-14,[ 22:20 ],0,171
20061,2014-05-14,[ 22:21 ],0,172
20062,2014-05-14,[ 22:22 ],0,172
20063,2014-05-14,[ 22:23 ],0,171
20064,2014-05-14,[ 22:24 ],0,172
20065,2014-05-14,[ 22:25 ],0,171
20066,2014-05-14,[ 22:26 ],0,171
20067,2014-05-14,[ 22:27 ],0,172
20068,2014-05-14,[ 22:28 ],0,171
20069,2014-05-14,[ 22:29 ],0,172
20070,2014-05-14,[ 22:30 ],0,171
20071,2014-05-14,[ 22:31 ],0,172
20072,2014-05-14,[ 22:32 ],0,171
20073,2014-05-14,[ 22:33 ],0,171
20074,2014-05-14,[ 22:34 ],0,171
20075,2014-05-14,[ 22:35 ],0,171
20076,2014-05-14,[ 22:36 ],0,171
20077,2014-05-14,[ 22:37 ],0,170
20078,2014-05-14,[ 22:38 ],0,170
20079,2014-05-14,[ 22:39 ],0,170
20080,2014-05-14,[ 22:40 ],0,168
20081,2014-05-14,[ 22:41 ],0,167
20082,2014-05-14,[ 22:42 ],0,169
20083,2014-05-14,[ 22:43 ],0,168
20084,2014-05-14,[ 22:44 ],0,170
20085,2014-05-14,[ 22:45 ],0,169
20086,2014-05-14,[ 22:46 ],0,168
20087,2014-05-14,[ 22:47 ],0,167
20088,2014-05-14,[ 22:48 ],0,167
20089,2014-05-14,[ 22:49 ],0,241
20090,2014-05-14,[ 22:50 ],0,241
20091,2014-05-14,[ 22:51 ],0,226
20092,2014-05-14,[ 22:52 ],0,227
20093,2014-05-14,[ 22:53 ],0,226
20094,2014-05-14,[ 22:54 ],0,224
20095,2014-05-14,[ 22:55 ],0,223
20096,2014-05-14,[ 22:56 ],0,226
20097,2014-05-14,[ 22:57 ],0,224
20098,2014-05-14,[ 22:58 ],0,221
20099,2014-05-14,[ 22:59 ],0,224
20100,2014-05-14,[ 23:00 ],0,219
20101,2014-05-14,[ 23:01 ],0,170
20102,2014-05-14,[ 23:02 ],0,169
20103,2014-05-14,[ 23:03 ],0,166
20104,2014-05-14,[ 23:04 ],0,165
20105,2014-05-14,[ 23:05 ],0,165
20106,2014-05-14,[ 23:06 ],0,165
20107,2014-05-14,[ 23:07 ],0,163
20108,2014-05-14,[ 23:08 ],0,163
20109,2014-05-14,[ 23:09 ],0,163
20110,2014-05-14,[ 23:10 ],0,163
20111,2014-05-14,[ 23:11 ],0,222
20112,2014-05-14,[ 23:12 ],0,218
20113,2014-05-14,[ 23:13 ],0,221
20114,2014-05-14,[ 23:14 ],0,223
20115,2014-05-14,[ 23:15 ],0,225
20116,2014-05-14,[ 23:16 ],0,225
20117,2014-05-14,[ 23:17 ],0,225
20118,2014-05-14,[ 23:18 ],0,227
20119,2014-05-14,[ 23:19 ],0,226
20120,2014-05-14,[ 23:20 ],0,222
20121,2014-05-14,[ 23:21 ],0,221
20122,2014-05-14,[ 23:22 ],0,223
20123,2014-05-14,[ 23:23 ],0,223
20124,2014-05-14,[ 23:24 ],0,222
20125,2014-05-14,[ 23:25 ],0,219
20126,2014-05-14,[ 23:26 ],0,223
20127,2014-05-14,[ 23:27 ],0,222
20128,2014-05-14,[ 23:28 ],0,224
20129,2014-05-14,[ 23:29 ],0,222
20130,2014-05-14,[ 23:30 ],0,223
20131,2014-05-14,[ 23:31 ],0,222
20132,2014-05-14,[ 23:32 ],0,218
20133,2014-05-14,[ 23:33 ],0,217
20134,2014-05-14,[ 23:34 ],0,217
20135,2014-05-14,[ 23:35 ],0,213
20136,2014-05-14,[ 23:36 ],0,163
20137,2014-05-14,[ 23:37 ],0,161
20138,2014-05-14,[ 23:38 ],0,161
20139,2014-05-14,[ 23:39 ],0,161
20140,2014-05-14,[ 23:40 ],0,162
20141,2014-05-14,[ 23:41 ],0,163
20142,2014-05-14,[ 23:42 ],0,162
20143,2014-05-14,[ 23:43 ],0,162
20144,2014-05-14,[ 23:44 ],0,161
20145,2014-05-14,[ 23:45 ],0,162
20146,2014-05-14,[ 23:46 ],0,161
20147,2014-05-14,[ 23:47 ],0,163
20148,2014-05-14,[ 23:48 ],0,161
20149,2014-05-14,[ 23:49 ],0,161
20150,2014-05-14,[ 23:50 ],0,161
20151,2014-05-14,[ 23:51 ],0,159
20152,2014-05-14,[ 23:52 ],0,160
20153,2014-05-14,[ 23:53 ],0,160
20154,2014-05-14,[ 23:54 ],0,160
20155,2014-05-14,[ 23:55 ],0,159
20156,2014-05-14,[ 23:56 ],0,159
20157,2014-05-14,[ 23:57 ],0,159
20158,2014-05-14,[ 23:58 ],0,161
20159,2014-05-14,[ 23:59 ],0,158
20160,2014-05-15,[ 00:00 ],0,162
20161,2014-05-15,[ 00:01 ],0,161
20162,2014-05-15,[ 00:02 ],0,161
20163,2014-05-15,[ 00:03 ],0,161
20164,2014-05-15,[ 00:04 ],0,163
20165,2014-05-15,[ 00:05 ],0,163
20166,2014-05-15,[ 00:06 ],0,163
20167,2014-05-15,[ 00:07 ],0,162
20168,2014-05-15,[ 00:08 ],0,160
20169,2014-05-15,[ 00:09 ],0,160
20170,2014-05-15,[ 00:10 ],0,162
20171,2014-05-15,[ 00:11 ],0,160
20172,2014-05-15,[ 00:12 ],0,160
20173,2014-05-15,[ 00:13 ],0,161
20174,2014-05-15,[ 00:14 ],0,162
20175,2014-05-15,[ 00:15 ],0,161
20176,2014-05-15,[ 00:16 ],0,161
20177,2014-05-15,[ 00:17 ],0,163
20178,2014-05-15,[ 00:18 ],0,237
20179,2014-05-15,[ 00:19 ],0,222
20180,2014-05-15,[ 00:20 ],0,221
20181,2014-05-15,[ 00:21 ],0,218
20182,2014-05-15,[ 00:22 ],0,217
20183,2014-05-15,[ 00:23 ],0,214
20184,2014-05-15,[ 00:24 ],0,215
20185,2014-05-15,[ 00:25 ],0,216
20186,2014-05-15,[ 00:26 ],0,216
20187,2014-05-15,[ 00:27 ],0,215
20188,2014-05-15,[ 00:28 ],0,214
20189,2014-05-15,[ 00:29 ],0,211
20190,2014-05-15,[ 00:30 ],0,162
20191,2014-05-15,[ 00:31 ],0,161
20192,2014-05-15,[ 00:32 ],0,160
20193,2014-05-15,[ 00:33 ],0,159
20194,2014-05-15,[ 00:34 ],0,160
20195,2014-05-15,[ 00:35 ],0,162
20196,2014-05-15,[ 00:36 ],0,162
20197,2014-05-15,[ 00:37 ],0,161
20198,2014-05-15,[ 00:38 ],0,162
20199,2014-05-15,[ 00:39 ],0,160
20200,2014-05-15,[ 00:40 ],0,160
20201,2014-05-15,[ 00:41 ],0,161
20202,2014-05-15,[ 00:42 ],0,162
20203,2014-05-15,[ 00:43 ],0,162
20204,2014-05-15,[ 00:44 ],0,161
20205,2014-05-15,[ 00:45 ],0,159
20206,2014-05-15,[ 00:46 ],0,160
20207,2014-05-15,[ 00:47 ],0,226
20208,2014-05-15,[ 00:48 ],0,222
20209,2014-05-15,[ 00:49 ],0,215
20210,2014-05-15,[ 00:50 ],0,217
20211,2014-05-15,[ 00:51 ],0,217
20212,2014-05-15,[ 00:52 ],0,219
20213,2014-05-15,[ 00:53 ],0,219
20214,2014-05-15,[ 00:54 ],0,218
20215,2014-05-15,[ 00:55 ],0,216
20216,2014-05-15,[ 00:56 ],0,217
20217,2014-05-15,[ 00:57 ],0,217
20218,2014-05-15,[ 00:58 ],0,216
20219,2014-05-15,[ 00:59 ],0,217
20220,2014-05-15,[ 01:00 ],0,218
20221,2014-05-15,[ 01:01 ],0,219
20222,2014-05-15,[ 01:02 ],0,221
20223,2014-05-15,[ 01:03 ],0,221
20224,2014-05-15,[ 01:04 ],0,221
20225,2014-05-15,[ 01:05 ],0,222
20226,2014-05-15,[ 01:06 ],0,224
20227,2014-05-15,[ 01:07 ],0,223
20228,2014-05-15,[ 01:08 ],0,219
20229,2014-05-15,[ 01:09 ],0,219
20230,2014-05-15,[ 01:10 ],0,218
20231,2014-05-15,[ 01:11 ],0,218
20232,2014-05-15,[ 01:12 ],0,215
20233,2014-05-15,[ 01:13 ],0,158
20234,2014-05-15,[ 01:14 ],0,160
20235,2014-05-15,[ 01:15 ],0,161
20236,2014-05-15,[ 01:16 ],0,161
20237,2014-05-15,[ 01:17 ],0,160
20238,2014-05-15,[ 01:18 ],0,161
20239,2014-05-15,[ 01:19 ],0,162
20240,2014-05-15,[ 01:20 ],0,162
20241,2014-05-15,[ 01:21 ],0,162
20242,2014-05-15,[ 01:22 ],0,163
20243,2014-05-15,[ 01:23 ],0,163
20244,2014-05-15,[ 01:24 ],0,161
20245,2014-05-15,[ 01:25 ],0,160
20246,2014-05-15,[ 01:26 ],0,161
20247,2014-05-15,[ 01:27 ],0,162
20248,2014-05-15,[ 01:28 ],0,162
20249,2014-05-15,[ 01:29 ],0,163
20250,2014-05-15,[ 01:30 ],0,160
20251,2014-05-15,[ 01:31 ],0,162
20252,2014-05-15,[ 01:32 ],0,161
20253,2014-05-15,[ 01:33 ],0,162
20254,2014-05-15,[ 01:34 ],0,161
20255,2014-05-15,[ 01:35 ],0,162
20256,2014-05-15,[ 01:36 ],0,162
20257,2014-05-15,[ 01:37 ],0,161
20258,2014-05-15,[ 01:38 ],0,161
20259,2014-05-15,[ 01:39 ],0,162
20260,2014-05-15,[ 01:40 ],0,162
20261,2014-05-15,[ 01:41 ],0,162
20262,2014-05-15,[ 01:42 ],0,160
20263,2014-05-15,[ 01:43 ],0,162
20264,2014-05-15,[ 01:44 ],0,161
20265,2014-05-15,[ 01:45 ],0,161
20266,2014-05-15,[ 01:46 ],0,163
20267,2014-05-15,[ 01:47 ],0,162
20268,2014-05-15,[ 01:48 ],0,161
20269,2014-05-15,[ 01:49 ],0,161
20270,2014-05-15,[ 01:50 ],0,162
20271,2014-05-15,[ 01:51 ],0,161
20272,2014-05-15,[ 01:52 ],0,160
20273,2014-05-15,[ 01:53 ],0,162
20274,2014-05-15,[ 01:54 ],0,163
20275,2014-05-15,[ 01:55 ],0,163
20276,2014-05-15,[ 01:56 ],0,163
20277,2014-05-15,[ 01:57 ],0,162
20278,2014-05-15,[ 01:58 ],0,320
20279,2014-05-15,[ 01:59 ],0,218
20280,2014-05-15,[ 02:00 ],0,219
20281,2014-05-15,[ 02:01 ],0,219
20282,2014-05-15,[ 02:02 ],0,221
20283,2014-05-15,[ 02:03 ],0,237
20284,2014-05-15,[ 02:04 ],0,236
20285,2014-05-15,[ 02:05 ],0,232
20286,2014-05-15,[ 02:06 ],0,232
20287,2014-05-15,[ 02:07 ],0,234
20288,2014-05-15,[ 02:08 ],0,231
20289,2014-05-15,[ 02:09 ],0,167
20290,2014-05-15,[ 02:10 ],0,168
20291,2014-05-15,[ 02:11 ],0,170
20292,2014-05-15,[ 02:12 ],0,167
20293,2014-05-15,[ 02:13 ],0,168
20294,2014-05-15,[ 02:14 ],0,168
20295,2014-05-15,[ 02:15 ],0,170
20296,2014-05-15,[ 02:16 ],0,166
20297,2014-05-15,[ 02:17 ],0,193
20298,2014-05-15,[ 02:18 ],0,193
20299,2014-05-15,[ 02:19 ],0,193
20300,2014-05-15,[ 02:20 ],0,195
20301,2014-05-15,[ 02:21 ],0,196
20302,2014-05-15,[ 02:22 ],0,194
20303,2014-05-15,[ 02:23 ],0,207
20304,2014-05-15,[ 02:24 ],0,208
20305,2014-05-15,[ 02:25 ],0,208
20306,2014-05-15,[ 02:26 ],0,243
20307,2014-05-15,[ 02:27 ],0,222
20308,2014-05-15,[ 02:28 ],0,218
20309,2014-05-15,[ 02:29 ],0,221
20310,2014-05-15,[ 02:30 ],0,222
20311,2014-05-15,[ 02:31 ],0,222
20312,2014-05-15,[ 02:32 ],0,227
20313,2014-05-15,[ 02:33 ],0,227
20314,2014-05-15,[ 02:34 ],0,223
20315,2014-05-15,[ 02:35 ],0,223
20316,2014-05-15,[ 02:36 ],0,223
20317,2014-05-15,[ 02:37 ],0,223
20318,2014-05-15,[ 02:38 ],0,224
20319,2014-05-15,[ 02:39 ],0,222
20320,2014-05-15,[ 02:40 ],0,222
20321,2014-05-15,[ 02:41 ],0,222
20322,2014-05-15,[ 02:42 ],0,221
20323,2014-05-15,[ 02:43 ],0,221
20324,2014-05-15,[ 02:44 ],0,224
20325,2014-05-15,[ 02:45 ],0,223
20326,2014-05-15,[ 02:46 ],0,224
20327,2014-05-15,[ 02:47 ],0,222
20328,2014-05-15,[ 02:48 ],0,218
20329,2014-05-15,[ 02:49 ],0,218
20330,2014-05-15,[ 02:50 ],0,217
20331,2014-05-15,[ 02:51 ],0,217
20332,2014-05-15,[ 02:52 ],0,162
20333,2014-05-15,[ 02:53 ],0,162
20334,2014-05-15,[ 02:54 ],0,163
20335,2014-05-15,[ 02:55 ],0,161
20336,2014-05-15,[ 02:56 ],0,161
20337,2014-05-15,[ 02:57 ],0,163
20338,2014-05-15,[ 02:58 ],0,163
20339,2014-05-15,[ 02:59 ],0,161
20340,2014-05-15,[ 03:00 ],0,162
20341,2014-05-15,[ 03:01 ],0,163
20342,2014-05-15,[ 03:02 ],0,165
20343,2014-05-15,[ 03:03 ],0,163
20344,2014-05-15,[ 03:04 ],0,163
20345,2014-05-15,[ 03:05 ],0,163
20346,2014-05-15,[ 03:06 ],0,162
20347,2014-05-15,[ 03:07 ],0,162
20348,2014-05-15,[ 03:08 ],0,162
20349,2014-05-15,[ 03:09 ],0,162
20350,2014-05-15,[ 03:10 ],0,162
20351,2014-05-15,[ 03:11 ],0,161
20352,2014-05-15,[ 03:12 ],0,159
20353,2014-05-15,[ 03:13 ],0,161
20354,2014-05-15,[ 03:14 ],0,161
20355,2014-05-15,[ 03:15 ],0,162
20356,2014-05-15,[ 03:16 ],0,162
20357,2014-05-15,[ 03:17 ],0,159
20358,2014-05-15,[ 03:18 ],0,161
20359,2014-05-15,[ 03:19 ],0,161
20360,2014-05-15,[ 03:20 ],0,161
20361,2014-05-15,[ 03:21 ],0,161
20362,2014-05-15,[ 03:22 ],0,163
20363,2014-05-15,[ 03:23 ],0,161
20364,2014-05-15,[ 03:24 ],0,161
20365,2014-05-15,[ 03:25 ],0,162
20366,2014-05-15,[ 03:26 ],0,161
20367,2014-05-15,[ 03:27 ],0,160
20368,2014-05-15,[ 03:28 ],0,160
20369,2014-05-15,[ 03:29 ],0,162
20370,2014-05-15,[ 03:30 ],0,161
20371,2014-05-15,[ 03:31 ],0,162
20372,2014-05-15,[ 03:32 ],0,162
20373,2014-05-15,[ 03:33 ],0,163
20374,2014-05-15,[ 03:34 ],0,161
20375,2014-05-15,[ 03:35 ],0,162
20376,2014-05-15,[ 03:36 ],0,162
20377,2014-05-15,[ 03:37 ],0,228
20378,2014-05-15,[ 03:38 ],0,229
20379,2014-05-15,[ 03:39 ],0,218
20380,2014-05-15,[ 03:40 ],0,222
20381,2014-05-15,[ 03:41 ],0,218
20382,2014-05-15,[ 03:42 ],0,216
20383,2014-05-15,[ 03:43 ],0,217
20384,2014-05-15,[ 03:44 ],0,218
20385,2014-05-15,[ 03:45 ],0,217
20386,2014-05-15,[ 03:46 ],0,218
20387,2014-05-15,[ 03:47 ],0,213
20388,2014-05-15,[ 03:48 ],0,215
20389,2014-05-15,[ 03:49 ],0,162
20390,2014-05-15,[ 03:50 ],0,161
20391,2014-05-15,[ 03:51 ],0,163
20392,2014-05-15,[ 03:52 ],0,162
20393,2014-05-15,[ 03:53 ],0,162
20394,2014-05-15,[ 03:54 ],0,162
20395,2014-05-15,[ 03:55 ],0,162
20396,2014-05-15,[ 03:56 ],0,161
20397,2014-05-15,[ 03:57 ],0,163
20398,2014-05-15,[ 03:58 ],0,162
20399,2014-05-15,[ 03:59 ],0,163
20400,2014-05-15,[ 04:00 ],0,167
20401,2014-05-15,[ 04:01 ],0,162
20402,2014-05-15,[ 04:02 ],0,165
20403,2014-05-15,[ 04:03 ],0,163
20404,2014-05-15,[ 04:04 ],0,163
20405,2014-05-15,[ 04:05 ],0,163
20406,2014-05-15,[ 04:06 ],0,163
20407,2014-05-15,[ 04:07 ],0,161
20408,2014-05-15,[ 04:08 ],0,222
20409,2014-05-15,[ 04:09 ],0,223
20410,2014-05-15,[ 04:10 ],0,218
20411,2014-05-15,[ 04:11 ],0,215
20412,2014-05-15,[ 04:12 ],0,217
20413,2014-05-15,[ 04:13 ],0,222
20414,2014-05-15,[ 04:14 ],0,226
20415,2014-05-15,[ 04:15 ],0,227
20416,2014-05-15,[ 04:16 ],0,221
20417,2014-05-15,[ 04:17 ],0,219
20418,2014-05-15,[ 04:18 ],0,221
20419,2014-05-15,[ 04:19 ],0,217
20420,2014-05-15,[ 04:20 ],0,217
20421,2014-05-15,[ 04:21 ],0,218
20422,2014-05-15,[ 04:22 ],0,221
20423,2014-05-15,[ 04:23 ],0,218
20424,2014-05-15,[ 04:24 ],0,218
20425,2014-05-15,[ 04:25 ],0,218
20426,2014-05-15,[ 04:26 ],0,222
20427,2014-05-15,[ 04:27 ],0,223
20428,2014-05-15,[ 04:28 ],0,223
20429,2014-05-15,[ 04:29 ],0,219
20430,2014-05-15,[ 04:30 ],0,218
20431,2014-05-15,[ 04:31 ],0,215
20432,2014-05-15,[ 04:32 ],0,215
20433,2014-05-15,[ 04:33 ],0,214
20434,2014-05-15,[ 04:34 ],0,213
20435,2014-05-15,[ 04:35 ],0,161
20436,2014-05-15,[ 04:36 ],0,161
20437,2014-05-15,[ 04:37 ],0,162
20438,2014-05-15,[ 04:38 ],0,162
20439,2014-05-15,[ 04:39 ],0,160
20440,2014-05-15,[ 04:40 ],0,160
20441,2014-05-15,[ 04:41 ],0,162
20442,2014-05-15,[ 04:42 ],0,161
20443,2014-05-15,[ 04:43 ],0,162
20444,2014-05-15,[ 04:44 ],0,163
20445,2014-05-15,[ 04:45 ],0,161
20446,2014-05-15,[ 04:46 ],0,161
20447,2014-05-15,[ 04:47 ],0,162
20448,2014-05-15,[ 04:48 ],0,160
20449,2014-05-15,[ 04:49 ],0,159
20450,2014-05-15,[ 04:50 ],0,161
20451,2014-05-15,[ 04:51 ],0,161
20452,2014-05-15,[ 04:52 ],0,162
20453,2014-05-15,[ 04:53 ],0,165
20454,2014-05-15,[ 04:54 ],0,163
20455,2014-05-15,[ 04:55 ],0,166
20456,2014-05-15,[ 04:56 ],0,163
20457,2014-05-15,[ 04:57 ],0,165
20458,2014-05-15,[ 04:58 ],0,163
20459,2014-05-15,[ 04:59 ],0,162
20460,2014-05-15,[ 05:00 ],0,166
20461,2014-05-15,[ 05:01 ],0,163
20462,2014-05-15,[ 05:02 ],0,163
20463,2014-05-15,[ 05:03 ],0,168
20464,2014-05-15,[ 05:04 ],0,166
20465,2014-05-15,[ 05:05 ],0,166
20466,2014-05-15,[ 05:06 ],0,163
20467,2014-05-15,[ 05:07 ],0,161
20468,2014-05-15,[ 05:08 ],0,163
20469,2014-05-15,[ 05:09 ],0,162
20470,2014-05-15,[ 05:10 ],0,163
20471,2014-05-15,[ 05:11 ],0,163
20472,2014-05-15,[ 05:12 ],0,163
20473,2014-05-15,[ 05:13 ],0,163
20474,2014-05-15,[ 05:14 ],0,163
20475,2014-05-15,[ 05:15 ],0,163
20476,2014-05-15,[ 05:16 ],0,166
20477,2014-05-15,[ 05:17 ],0,165
20478,2014-05-15,[ 05:18 ],0,166
20479,2014-05-15,[ 05:19 ],0,169
20480,2014-05-15,[ 05:20 ],0,254
20481,2014-05-15,[ 05:21 ],0,231
20482,2014-05-15,[ 05:22 ],0,2653
20483,2014-05-15,[ 05:23 ],0,2636
20484,2014-05-15,[ 05:24 ],0,275
20485,2014-05-15,[ 05:25 ],0,437
20486,2014-05-15,[ 05:26 ],0,334
20487,2014-05-15,[ 05:27 ],0,328
20488,2014-05-15,[ 05:28 ],0,302
20489,2014-05-15,[ 05:29 ],0,336
20490,2014-05-15,[ 05:30 ],0,289
20491,2014-05-15,[ 05:31 ],0,341
20492,2014-05-15,[ 05:32 ],0,216
20493,2014-05-15,[ 05:33 ],0,302
20494,2014-05-15,[ 05:34 ],0,306
20495,2014-05-15,[ 05:35 ],0,306
20496,2014-05-15,[ 05:36 ],0,297
20497,2014-05-15,[ 05:37 ],0,515
20498,2014-05-15,[ 05:38 ],0,504
20499,2014-05-15,[ 05:39 ],0,507
20500,2014-05-15,[ 05:40 ],0,517
20501,2014-05-15,[ 05:41 ],0,523
20502,2014-05-15,[ 05:42 ],0,517
20503,2014-05-15,[ 05:43 ],0,515
20504,2014-05-15,[ 05:44 ],0,515
20505,2014-05-15,[ 05:45 ],0,511
20506,2014-05-15,[ 05:46 ],0,499
20507,2014-05-15,[ 05:47 ],0,498
20508,2014-05-15,[ 05:48 ],0,497
20509,2014-05-15,[ 05:49 ],0,509
20510,2014-05-15,[ 05:50 ],0,506
20511,2014-05-15,[ 05:51 ],0,291
20512,2014-05-15,[ 05:52 ],0,292
20513,2014-05-15,[ 05:53 ],0,282
20514,2014-05-15,[ 05:54 ],0,282
20515,2014-05-15,[ 05:55 ],0,297
20516,2014-05-15,[ 05:56 ],0,282
20517,2014-05-15,[ 05:57 ],0,282
20518,2014-05-15,[ 05:58 ],0,282
20519,2014-05-15,[ 05:59 ],0,282
20520,2014-05-15,[ 06:00 ],0,285
20521,2014-05-15,[ 06:01 ],0,302
20522,2014-05-15,[ 06:02 ],0,426
20523,2014-05-15,[ 06:03 ],0,345
20524,2014-05-15,[ 06:04 ],0,345
20525,2014-05-15,[ 06:05 ],0,357
20526,2014-05-15,[ 06:06 ],0,346
20527,2014-05-15,[ 06:07 ],0,343
20528,2014-05-15,[ 06:08 ],0,343
20529,2014-05-15,[ 06:09 ],0,347
20530,2014-05-15,[ 06:10 ],0,347
20531,2014-05-15,[ 06:11 ],0,347
20532,2014-05-15,[ 06:12 ],0,371
20533,2014-05-15,[ 06:13 ],0,340
20534,2014-05-15,[ 06:14 ],0,357
20535,2014-05-15,[ 06:15 ],0,356
20536,2014-05-15,[ 06:16 ],0,347
20537,2014-05-15,[ 06:17 ],0,364
20538,2014-05-15,[ 06:18 ],0,343
20539,2014-05-15,[ 06:19 ],0,344
20540,2014-05-15,[ 06:20 ],0,345
20541,2014-05-15,[ 06:21 ],0,371
20542,2014-05-15,[ 06:22 ],0,359
20543,2014-05-15,[ 06:23 ],0,361
20544,2014-05-15,[ 06:24 ],0,367
20545,2014-05-15,[ 06:25 ],0,361
20546,2014-05-15,[ 06:26 ],0,359
20547,2014-05-15,[ 06:27 ],0,357
20548,2014-05-15,[ 06:28 ],0,355
20549,2014-05-15,[ 06:29 ],0,354
20550,2014-05-15,[ 06:30 ],0,351
20551,2014-05-15,[ 06:31 ],0,351
20552,2014-05-15,[ 06:32 ],0,366
20553,2014-05-15,[ 06:33 ],0,353
20554,2014-05-15,[ 06:34 ],0,348
20555,2014-05-15,[ 06:35 ],0,352
20556,2014-05-15,[ 06:36 ],0,344
20557,2014-05-15,[ 06:37 ],0,355
20558,2014-05-15,[ 06:38 ],0,348
20559,2014-05-15,[ 06:39 ],0,291
20560,2014-05-15,[ 06:40 ],0,286
20561,2014-05-15,[ 06:41 ],0,288
20562,2014-05-15,[ 06:42 ],0,291
20563,2014-05-15,[ 06:43 ],0,291
20564,2014-05-15,[ 06:44 ],0,291
20565,2014-05-15,[ 06:45 ],0,287
20566,2014-05-15,[ 06:46 ],0,287
20567,2014-05-15,[ 06:47 ],0,286
20568,2014-05-15,[ 06:48 ],0,287
20569,2014-05-15,[ 06:49 ],0,284
20570,2014-05-15,[ 06:50 ],0,285
20571,2014-05-15,[ 06:51 ],0,241
20572,2014-05-15,[ 06:52 ],0,285
20573,2014-05-15,[ 06:53 ],0,288
20574,2014-05-15,[ 06:54 ],0,288
20575,2014-05-15,[ 06:55 ],0,283
20576,2014-05-15,[ 06:56 ],0,286
20577,2014-05-15,[ 06:57 ],0,286
20578,2014-05-15,[ 06:58 ],0,287
20579,2014-05-15,[ 06:59 ],0,291
20580,2014-05-15,[ 07:00 ],0,286
20581,2014-05-15,[ 07:01 ],0,367
20582,2014-05-15,[ 07:02 ],0,351
20583,2014-05-15,[ 07:03 ],0,351
20584,2014-05-15,[ 07:04 ],0,345
20585,2014-05-15,[ 07:05 ],0,355
20586,2014-05-15,[ 07:06 ],0,354
20587,2014-05-15,[ 07:07 ],0,333
20588,2014-05-15,[ 07:08 ],0,351
20589,2014-05-15,[ 07:09 ],0,341
20590,2014-05-15,[ 07:10 ],0,328
20591,2014-05-15,[ 07:11 ],0,352
20592,2014-05-15,[ 07:12 ],0,336
20593,2014-05-15,[ 07:13 ],0,326
20594,2014-05-15,[ 07:14 ],0,353
20595,2014-05-15,[ 07:15 ],0,330
20596,2014-05-15,[ 07:16 ],0,324
20597,2014-05-15,[ 07:17 ],0,350
20598,2014-05-15,[ 07:18 ],0,342
20599,2014-05-15,[ 07:19 ],0,323
20600,2014-05-15,[ 07:20 ],0,335
20601,2014-05-15,[ 07:21 ],0,331
20602,2014-05-15,[ 07:22 ],0,316
20603,2014-05-15,[ 07:23 ],0,317
20604,2014-05-15,[ 07:24 ],0,312
20605,2014-05-15,[ 07:25 ],0,289
20606,2014-05-15,[ 07:26 ],0,288
20607,2014-05-15,[ 07:27 ],0,295
20608,2014-05-15,[ 07:28 ],0,323
20609,2014-05-15,[ 07:29 ],0,323
20610,2014-05-15,[ 07:30 ],0,323
20611,2014-05-15,[ 07:31 ],0,297
20612,2014-05-15,[ 07:32 ],0,289
20613,2014-05-15,[ 07:33 ],0,289
20614,2014-05-15,[ 07:34 ],0,293
20615,2014-05-15,[ 07:35 ],0,295
20616,2014-05-15,[ 07:36 ],0,302
20617,2014-05-15,[ 07:37 ],0,299
20618,2014-05-15,[ 07:38 ],0,287
20619,2014-05-15,[ 07:39 ],0,294
20620,2014-05-15,[ 07:40 ],0,385
20621,2014-05-15,[ 07:41 ],0,399
20622,2014-05-15,[ 07:42 ],0,390
20623,2014-05-15,[ 07:43 ],0,382
20624,2014-05-15,[ 07:44 ],0,356
20625,2014-05-15,[ 07:45 ],0,351
20626,2014-05-15,[ 07:46 ],0,352
20627,2014-05-15,[ 07:47 ],0,354
20628,2014-05-15,[ 07:48 ],0,351
20629,2014-05-15,[ 07:49 ],0,400
20630,2014-05-15,[ 07:50 ],0,2913
20631,2014-05-15,[ 07:51 ],0,2854
20632,2014-05-15,[ 07:52 ],0,394
20633,2014-05-15,[ 07:53 ],0,369
20634,2014-05-15,[ 07:54 ],0,2745
20635,2014-05-15,[ 07:55 ],0,399
20636,2014-05-15,[ 07:56 ],0,399
20637,2014-05-15,[ 07:57 ],0,401
20638,2014-05-15,[ 07:58 ],0,387
20639,2014-05-15,[ 07:59 ],0,375
20640,2014-05-15,[ 08:00 ],0,399
20641,2014-05-15,[ 08:01 ],0,388
20642,2014-05-15,[ 08:02 ],0,385
20643,2014-05-15,[ 08:03 ],0,365
20644,2014-05-15,[ 08:04 ],0,346
20645,2014-05-15,[ 08:05 ],0,350
20646,2014-05-15,[ 08:06 ],0,346
20647,2014-05-15,[ 08:07 ],0,380
20648,2014-05-15,[ 08:08 ],0,405
20649,2014-05-15,[ 08:09 ],0,386
20650,2014-05-15,[ 08:10 ],0,377
20651,2014-05-15,[ 08:11 ],0,378
20652,2014-05-15,[ 08:12 ],0,342
20653,2014-05-15,[ 08:13 ],0,300
20654,2014-05-15,[ 08:14 ],0,324
20655,2014-05-15,[ 08:15 ],0,331
20656,2014-05-15,[ 08:16 ],0,1956
20657,2014-05-15,[ 08:17 ],0,1968
20658,2014-05-15,[ 08:18 ],0,278
20659,2014-05-15,[ 08:19 ],0,328
20660,2014-05-15,[ 08:20 ],0,304
20661,2014-05-15,[ 08:21 ],0,340
20662,2014-05-15,[ 08:22 ],0,337
20663,2014-05-15,[ 08:23 ],0,336
20664,2014-05-15,[ 08:24 ],0,326
20665,2014-05-15,[ 08:25 ],0,347
20666,2014-05-15,[ 08:26 ],0,321
20667,2014-05-15,[ 08:27 ],0,337
20668,2014-05-15,[ 08:28 ],0,337
20669,2014-05-15,[ 08:29 ],0,321
20670,2014-05-15,[ 08:30 ],0,334
20671,2014-05-15,[ 08:31 ],0,324
20672,2014-05-15,[ 08:32 ],0,389
20673,2014-05-15,[ 08:33 ],0,406
20674,2014-05-15,[ 08:34 ],0,410
20675,2014-05-15,[ 08:35 ],0,414
20676,2014-05-15,[ 08:36 ],0,380
20677,2014-05-15,[ 08:37 ],0,404
20678,2014-05-15,[ 08:38 ],0,387
20679,2014-05-15,[ 08:39 ],0,410
20680,2014-05-15,[ 08:40 ],0,464
20681,2014-05-15,[ 08:41 ],0,378
20682,2014-05-15,[ 08:42 ],0,401
20683,2014-05-15,[ 08:43 ],0,427
20684,2014-05-15,[ 08:44 ],0,443
20685,2014-05-15,[ 08:45 ],0,366
20686,2014-05-15,[ 08:46 ],0,377
20687,2014-05-15,[ 08:47 ],0,411
20688,2014-05-15,[ 08:48 ],0,433
20689,2014-05-15,[ 08:49 ],0,480
20690,2014-05-15,[ 08:50 ],0,404
20691,2014-05-15,[ 08:51 ],0,432
20692,2014-05-15,[ 08:52 ],0,483
20693,2014-05-15,[ 08:53 ],0,490
20694,2014-05-15,[ 08:54 ],0,462
20695,2014-05-15,[ 08:55 ],0,462
20696,2014-05-15,[ 08:56 ],0,423
20697,2014-05-15,[ 08:57 ],0,386
20698,2014-05-15,[ 08:58 ],0,398
20699,2014-05-15,[ 08:59 ],0,377
20700,2014-05-15,[ 09:00 ],0,441
20701,2014-05-15,[ 09:01 ],0,441
20702,2014-05-15,[ 09:02 ],0,447
20703,2014-05-15,[ 09:03 ],0,437
20704,2014-05-15,[ 09:04 ],0,404
20705,2014-05-15,[ 09:05 ],0,416
20706,2014-05-15,[ 09:06 ],0,462
20707,2014-05-15,[ 09:07 ],0,436
20708,2014-05-15,[ 09:08 ],0,427
20709,2014-05-15,[ 09:09 ],0,455
20710,2014-05-15,[ 09:10 ],0,420
20711,2014-05-15,[ 09:11 ],0,467
20712,2014-05-15,[ 09:12 ],0,400
20713,2014-05-15,[ 09:13 ],0,383
20714,2014-05-15,[ 09:14 ],0,392
20715,2014-05-15,[ 09:15 ],0,392
20716,2014-05-15,[ 09:16 ],0,427
20717,2014-05-15,[ 09:17 ],0,438
20718,2014-05-15,[ 09:18 ],0,434
20719,2014-05-15,[ 09:19 ],0,388
20720,2014-05-15,[ 09:20 ],0,397
20721,2014-05-15,[ 09:21 ],0,393
20722,2014-05-15,[ 09:22 ],0,399
20723,2014-05-15,[ 09:23 ],0,397
20724,2014-05-15,[ 09:24 ],0,392
20725,2014-05-15,[ 09:25 ],0,403
20726,2014-05-15,[ 09:26 ],0,398
20727,2014-05-15,[ 09:27 ],0,394
20728,2014-05-15,[ 09:28 ],0,401
20729,2014-05-15,[ 09:29 ],0,388
20730,2014-05-15,[ 09:30 ],0,394
20731,2014-05-15,[ 09:31 ],0,2017
20732,2014-05-15,[ 09:32 ],0,4549
20733,2014-05-15,[ 09:33 ],0,4612
20734,2014-05-15,[ 09:34 ],0,4494
20735,2014-05-15,[ 09:35 ],0,1889
20736,2014-05-15,[ 09:36 ],0,342
20737,2014-05-15,[ 09:37 ],0,333
20738,2014-05-15,[ 09:38 ],0,394
20739,2014-05-15,[ 09:39 ],0,400
20740,2014-05-15,[ 09:40 ],0,403
20741,2014-05-15,[ 09:41 ],0,383
20742,2014-05-15,[ 09:42 ],0,383
20743,2014-05-15,[ 09:43 ],0,321
20744,2014-05-15,[ 09:44 ],0,320
20745,2014-05-15,[ 09:45 ],0,321
20746,2014-05-15,[ 09:46 ],0,319
20747,2014-05-15,[ 09:47 ],0,319
20748,2014-05-15,[ 09:48 ],0,324
20749,2014-05-15,[ 09:49 ],0,324
20750,2014-05-15,[ 09:50 ],0,320
20751,2014-05-15,[ 09:51 ],0,326
20752,2014-05-15,[ 09:52 ],0,322
20753,2014-05-15,[ 09:53 ],0,332
20754,2014-05-15,[ 09:54 ],0,324
20755,2014-05-15,[ 09:55 ],0,344
20756,2014-05-15,[ 09:56 ],0,318
20757,2014-05-15,[ 09:57 ],0,322
20758,2014-05-15,[ 09:58 ],0,2364
20759,2014-05-15,[ 09:59 ],0,2446
20760,2014-05-15,[ 10:00 ],0,2379
20761,2014-05-15,[ 10:01 ],0,2418
20762,2014-05-15,[ 10:02 ],0,2465
20763,2014-05-15,[ 10:03 ],0,2391
20764,2014-05-15,[ 10:04 ],0,2362
20765,2014-05-15,[ 10:05 ],0,2403
20766,2014-05-15,[ 10:06 ],0,2339
20767,2014-05-15,[ 10:07 ],0,327
20768,2014-05-15,[ 10:08 ],0,2314
20769,2014-05-15,[ 10:09 ],0,2223
20770,2014-05-15,[ 10:10 ],0,243
20771,2014-05-15,[ 10:11 ],0,2434
20772,2014-05-15,[ 10:12 ],0,2341
20773,2014-05-15,[ 10:13 ],0,245
20774,2014-05-15,[ 10:14 ],0,323
20775,2014-05-15,[ 10:15 ],0,324
20776,2014-05-15,[ 10:16 ],0,330
20777,2014-05-15,[ 10:17 ],0,318
20778,2014-05-15,[ 10:18 ],0,321
20779,2014-05-15,[ 10:19 ],0,323
20780,2014-05-15,[ 10:20 ],0,335
20781,2014-05-15,[ 10:21 ],0,320
20782,2014-05-15,[ 10:22 ],0,426
20783,2014-05-15,[ 10:23 ],0,412
20784,2014-05-15,[ 10:24 ],0,406
20785,2014-05-15,[ 10:25 ],0,2594
20786,2014-05-15,[ 10:26 ],0,2664
20787,2014-05-15,[ 10:27 ],0,2661
20788,2014-05-15,[ 10:28 ],0,2621
20789,2014-05-15,[ 10:29 ],0,2592
20790,2014-05-15,[ 10:30 ],0,2592
20791,2014-05-15,[ 10:31 ],0,426
20792,2014-05-15,[ 10:32 ],0,429
20793,2014-05-15,[ 10:33 ],0,434
20794,2014-05-15,[ 10:34 ],0,434
20795,2014-05-15,[ 10:35 ],0,457
20796,2014-05-15,[ 10:36 ],0,405
20797,2014-05-15,[ 10:37 ],0,284
20798,2014-05-15,[ 10:38 ],0,286
20799,2014-05-15,[ 10:39 ],0,281
20800,2014-05-15,[ 10:40 ],0,281
20801,2014-05-15,[ 10:41 ],0,281
20802,2014-05-15,[ 10:42 ],0,1902
20803,2014-05-15,[ 10:43 ],0,287
20804,2014-05-15,[ 10:44 ],0,284
20805,2014-05-15,[ 10:45 ],0,281
20806,2014-05-15,[ 10:46 ],0,354
20807,2014-05-15,[ 10:47 ],0,352
20808,2014-05-15,[ 10:48 ],0,347
20809,2014-05-15,[ 10:49 ],0,347
20810,2014-05-15,[ 10:50 ],0,352
20811,2014-05-15,[ 10:51 ],0,354
20812,2014-05-15,[ 10:52 ],0,354
20813,2014-05-15,[ 10:53 ],0,356
20814,2014-05-15,[ 10:54 ],0,357
20815,2014-05-15,[ 10:55 ],0,352
20816,2014-05-15,[ 10:56 ],0,358
20817,2014-05-15,[ 10:57 ],0,357
20818,2014-05-15,[ 10:58 ],0,352
20819,2014-05-15,[ 10:59 ],0,2464
20820,2014-05-15,[ 11:00 ],0,2510
20821,2014-05-15,[ 11:01 ],0,2543
20822,2014-05-15,[ 11:02 ],0,352
20823,2014-05-15,[ 11:03 ],0,354
20824,2014-05-15,[ 11:04 ],0,355
20825,2014-05-15,[ 11:05 ],0,357
20826,2014-05-15,[ 11:06 ],0,356
20827,2014-05-15,[ 11:07 ],0,188
20828,2014-05-15,[ 11:08 ],0,185
20829,2014-05-15,[ 11:09 ],0,187
20830,2014-05-15,[ 11:10 ],0,186
20831,2014-05-15,[ 11:11 ],0,187
20832,2014-05-15,[ 11:12 ],0,185
20833,2014-05-15,[ 11:13 ],0,185
20834,2014-05-15,[ 11:14 ],0,185
20835,2014-05-15,[ 11:15 ],0,185
20836,2014-05-15,[ 11:16 ],0,186
20837,2014-05-15,[ 11:17 ],0,186
20838,2014-05-15,[ 11:18 ],0,186
20839,2014-05-15,[ 11:19 ],0,185
20840,2014-05-15,[ 11:20 ],0,187
20841,2014-05-15,[ 11:21 ],0,188
20842,2014-05-15,[ 11:22 ],0,185
20843,2014-05-15,[ 11:23 ],0,185
20844,2014-05-15,[ 11:24 ],0,185
20845,2014-05-15,[ 11:25 ],0,187
20846,2014-05-15,[ 11:26 ],0,186
20847,2014-05-15,[ 11:27 ],0,189
20848,2014-05-15,[ 11:28 ],0,186
20849,2014-05-15,[ 11:29 ],0,187
20850,2014-05-15,[ 11:30 ],0,188
20851,2014-05-15,[ 11:31 ],0,187
20852,2014-05-15,[ 11:32 ],0,187
20853,2014-05-15,[ 11:33 ],0,187
20854,2014-05-15,[ 11:34 ],0,186
20855,2014-05-15,[ 11:35 ],0,185
20856,2014-05-15,[ 11:36 ],0,186
20857,2014-05-15,[ 11:37 ],0,186
20858,2014-05-15,[ 11:38 ],0,187
20859,2014-05-15,[ 11:39 ],0,186
20860,2014-05-15,[ 11:40 ],0,264
20861,2014-05-15,[ 11:41 ],0,260
20862,2014-05-15,[ 11:42 ],0,254
20863,2014-05-15,[ 11:43 ],0,257
20864,2014-05-15,[ 11:44 ],0,258
20865,2014-05-15,[ 11:45 ],0,257
20866,2014-05-15,[ 11:46 ],0,253
20867,2014-05-15,[ 11:47 ],0,254
20868,2014-05-15,[ 11:48 ],0,253
20869,2014-05-15,[ 11:49 ],0,251
20870,2014-05-15,[ 11:50 ],0,253
20871,2014-05-15,[ 11:51 ],0,250
20872,2014-05-15,[ 11:52 ],0,189
20873,2014-05-15,[ 11:53 ],0,185
20874,2014-05-15,[ 11:54 ],0,185
20875,2014-05-15,[ 11:55 ],0,187
20876,2014-05-15,[ 11:56 ],0,188
20877,2014-05-15,[ 11:57 ],0,188
20878,2014-05-15,[ 11:58 ],0,185
20879,2014-05-15,[ 11:59 ],0,186
20880,2014-05-15,[ 12:00 ],0,186
20881,2014-05-15,[ 12:01 ],0,188
20882,2014-05-15,[ 12:02 ],0,186
20883,2014-05-15,[ 12:03 ],0,185
20884,2014-05-15,[ 12:04 ],0,186
20885,2014-05-15,[ 12:05 ],0,186
20886,2014-05-15,[ 12:06 ],0,186
20887,2014-05-15,[ 12:07 ],0,185
20888,2014-05-15,[ 12:08 ],0,184
20889,2014-05-15,[ 12:09 ],0,185
20890,2014-05-15,[ 12:10 ],0,185
20891,2014-05-15,[ 12:11 ],0,183
20892,2014-05-15,[ 12:12 ],0,184
20893,2014-05-15,[ 12:13 ],0,185
20894,2014-05-15,[ 12:14 ],0,185
20895,2014-05-15,[ 12:15 ],0,183
20896,2014-05-15,[ 12:16 ],0,185
20897,2014-05-15,[ 12:17 ],0,185
20898,2014-05-15,[ 12:18 ],0,258
20899,2014-05-15,[ 12:19 ],0,259
20900,2014-05-15,[ 12:20 ],0,252
20901,2014-05-15,[ 12:21 ],0,253
20902,2014-05-15,[ 12:22 ],0,256
20903,2014-05-15,[ 12:23 ],0,260
20904,2014-05-15,[ 12:24 ],0,259
20905,2014-05-15,[ 12:25 ],0,258
20906,2014-05-15,[ 12:26 ],0,257
20907,2014-05-15,[ 12:27 ],0,257
20908,2014-05-15,[ 12:28 ],0,254
20909,2014-05-15,[ 12:29 ],0,258
20910,2014-05-15,[ 12:30 ],0,254
20911,2014-05-15,[ 12:31 ],0,252
20912,2014-05-15,[ 12:32 ],0,253
20913,2014-05-15,[ 12:33 ],0,253
20914,2014-05-15,[ 12:34 ],0,253
20915,2014-05-15,[ 12:35 ],0,250
20916,2014-05-15,[ 12:36 ],0,258
20917,2014-05-15,[ 12:37 ],0,258
20918,2014-05-15,[ 12:38 ],0,254
20919,2014-05-15,[ 12:39 ],0,258
20920,2014-05-15,[ 12:40 ],0,252
20921,2014-05-15,[ 12:41 ],0,253
20922,2014-05-15,[ 12:42 ],0,253
20923,2014-05-15,[ 12:43 ],0,250
20924,2014-05-15,[ 12:44 ],0,251
20925,2014-05-15,[ 12:45 ],0,187
20926,2014-05-15,[ 12:46 ],0,185
20927,2014-05-15,[ 12:47 ],0,185
20928,2014-05-15,[ 12:48 ],0,185
20929,2014-05-15,[ 12:49 ],0,185
20930,2014-05-15,[ 12:50 ],0,184
20931,2014-05-15,[ 12:51 ],0,185
20932,2014-05-15,[ 12:52 ],0,185
20933,2014-05-15,[ 12:53 ],0,185
20934,2014-05-15,[ 12:54 ],0,185
20935,2014-05-15,[ 12:55 ],0,185
20936,2014-05-15,[ 12:56 ],0,185
20937,2014-05-15,[ 12:57 ],0,185
20938,2014-05-15,[ 12:58 ],0,185
20939,2014-05-15,[ 12:59 ],0,185
20940,2014-05-15,[ 13:00 ],0,186
20941,2014-05-15,[ 13:01 ],0,187
20942,2014-05-15,[ 13:02 ],0,187
20943,2014-05-15,[ 13:03 ],0,187
20944,2014-05-15,[ 13:04 ],0,189
20945,2014-05-15,[ 13:05 ],0,195
20946,2014-05-15,[ 13:06 ],0,195
20947,2014-05-15,[ 13:07 ],0,192
20948,2014-05-15,[ 13:08 ],0,192
20949,2014-05-15,[ 13:09 ],0,193
20950,2014-05-15,[ 13:10 ],0,195
20951,2014-05-15,[ 13:11 ],0,191
20952,2014-05-15,[ 13:12 ],0,185
20953,2014-05-15,[ 13:13 ],0,184
20954,2014-05-15,[ 13:14 ],0,183
20955,2014-05-15,[ 13:15 ],0,184
20956,2014-05-15,[ 13:16 ],0,183
20957,2014-05-15,[ 13:17 ],0,185
20958,2014-05-15,[ 13:18 ],0,184
20959,2014-05-15,[ 13:19 ],0,183
20960,2014-05-15,[ 13:20 ],0,183
20961,2014-05-15,[ 13:21 ],0,182
20962,2014-05-15,[ 13:22 ],0,185
20963,2014-05-15,[ 13:23 ],0,185
20964,2014-05-15,[ 13:24 ],0,183
20965,2014-05-15,[ 13:25 ],0,184
20966,2014-05-15,[ 13:26 ],0,182
20967,2014-05-15,[ 13:27 ],0,184
20968,2014-05-15,[ 13:28 ],0,184
20969,2014-05-15,[ 13:29 ],0,183
20970,2014-05-15,[ 13:30 ],0,183
20971,2014-05-15,[ 13:31 ],0,261
20972,2014-05-15,[ 13:32 ],0,262
20973,2014-05-15,[ 13:33 ],0,252
20974,2014-05-15,[ 13:34 ],0,252
20975,2014-05-15,[ 13:35 ],0,254
20976,2014-05-15,[ 13:36 ],0,253
20977,2014-05-15,[ 13:37 ],0,252
20978,2014-05-15,[ 13:38 ],0,250
20979,2014-05-15,[ 13:39 ],0,252
20980,2014-05-15,[ 13:40 ],0,251
20981,2014-05-15,[ 13:41 ],0,251
20982,2014-05-15,[ 13:42 ],0,251
20983,2014-05-15,[ 13:43 ],0,185
20984,2014-05-15,[ 13:44 ],0,185
20985,2014-05-15,[ 13:45 ],0,183
20986,2014-05-15,[ 13:46 ],0,184
20987,2014-05-15,[ 13:47 ],0,185
20988,2014-05-15,[ 13:48 ],0,185
20989,2014-05-15,[ 13:49 ],0,184
20990,2014-05-15,[ 13:50 ],0,181
20991,2014-05-15,[ 13:51 ],0,183
20992,2014-05-15,[ 13:52 ],0,183
20993,2014-05-15,[ 13:53 ],0,270
20994,2014-05-15,[ 13:54 ],0,252
20995,2014-05-15,[ 13:55 ],0,252
20996,2014-05-15,[ 13:56 ],0,252
20997,2014-05-15,[ 13:57 ],0,254
20998,2014-05-15,[ 13:58 ],0,260
20999,2014-05-15,[ 13:59 ],0,258
21000,2014-05-15,[ 14:00 ],0,260
21001,2014-05-15,[ 14:01 ],0,259
21002,2014-05-15,[ 14:02 ],0,257
21003,2014-05-15,[ 14:03 ],0,257
21004,2014-05-15,[ 14:04 ],0,258
21005,2014-05-15,[ 14:05 ],0,258
21006,2014-05-15,[ 14:06 ],0,254
21007,2014-05-15,[ 14:07 ],0,257
21008,2014-05-15,[ 14:08 ],0,256
21009,2014-05-15,[ 14:09 ],0,257
21010,2014-05-15,[ 14:10 ],0,256
21011,2014-05-15,[ 14:11 ],0,258
21012,2014-05-15,[ 14:12 ],0,259
21013,2014-05-15,[ 14:13 ],0,254
21014,2014-05-15,[ 14:14 ],0,251
21015,2014-05-15,[ 14:15 ],0,253
21016,2014-05-15,[ 14:16 ],0,253
21017,2014-05-15,[ 14:17 ],0,185
21018,2014-05-15,[ 14:18 ],0,185
21019,2014-05-15,[ 14:19 ],0,185
21020,2014-05-15,[ 14:20 ],0,185
21021,2014-05-15,[ 14:21 ],0,183
21022,2014-05-15,[ 14:22 ],0,183
21023,2014-05-15,[ 14:23 ],0,184
21024,2014-05-15,[ 14:24 ],0,184
21025,2014-05-15,[ 14:25 ],0,185
21026,2014-05-15,[ 14:26 ],0,184
21027,2014-05-15,[ 14:27 ],0,185
21028,2014-05-15,[ 14:28 ],0,184
21029,2014-05-15,[ 14:29 ],0,185
21030,2014-05-15,[ 14:30 ],0,185
21031,2014-05-15,[ 14:31 ],0,184
21032,2014-05-15,[ 14:32 ],0,185
21033,2014-05-15,[ 14:33 ],0,185
21034,2014-05-15,[ 14:34 ],0,184
21035,2014-05-15,[ 14:35 ],0,185
21036,2014-05-15,[ 14:36 ],0,184
21037,2014-05-15,[ 14:37 ],0,183
21038,2014-05-15,[ 14:38 ],0,185
21039,2014-05-15,[ 14:39 ],0,159
21040,2014-05-15,[ 14:40 ],0,159
21041,2014-05-15,[ 14:41 ],0,158
21042,2014-05-15,[ 14:42 ],0,182
21043,2014-05-15,[ 14:43 ],0,184
21044,2014-05-15,[ 14:44 ],0,183
21045,2014-05-15,[ 14:45 ],0,185
21046,2014-05-15,[ 14:46 ],0,185
21047,2014-05-15,[ 14:47 ],0,185
21048,2014-05-15,[ 14:48 ],0,184
21049,2014-05-15,[ 14:49 ],0,185
21050,2014-05-15,[ 14:50 ],0,185
21051,2014-05-15,[ 14:51 ],0,184
21052,2014-05-15,[ 14:52 ],0,186
21053,2014-05-15,[ 14:53 ],0,184
21054,2014-05-15,[ 14:54 ],0,185
21055,2014-05-15,[ 14:55 ],0,185
21056,2014-05-15,[ 14:56 ],0,184
21057,2014-05-15,[ 14:57 ],0,185
21058,2014-05-15,[ 14:58 ],0,182
21059,2014-05-15,[ 14:59 ],0,186
21060,2014-05-15,[ 15:00 ],0,267
21061,2014-05-15,[ 15:01 ],0,260
21062,2014-05-15,[ 15:02 ],0,258
21063,2014-05-15,[ 15:03 ],0,254
21064,2014-05-15,[ 15:04 ],0,256
21065,2014-05-15,[ 15:05 ],0,253
21066,2014-05-15,[ 15:06 ],0,253
21067,2014-05-15,[ 15:07 ],0,252
21068,2014-05-15,[ 15:08 ],0,252
21069,2014-05-15,[ 15:09 ],0,249
21070,2014-05-15,[ 15:10 ],0,250
21071,2014-05-15,[ 15:11 ],0,184
21072,2014-05-15,[ 15:12 ],0,185
21073,2014-05-15,[ 15:13 ],0,184
21074,2014-05-15,[ 15:14 ],0,183
21075,2014-05-15,[ 15:15 ],0,186
21076,2014-05-15,[ 15:16 ],0,186
21077,2014-05-15,[ 15:17 ],0,183
21078,2014-05-15,[ 15:18 ],0,185
21079,2014-05-15,[ 15:19 ],0,184
21080,2014-05-15,[ 15:20 ],0,185
21081,2014-05-15,[ 15:21 ],0,184
21082,2014-05-15,[ 15:22 ],0,185
21083,2014-05-15,[ 15:23 ],0,185
21084,2014-05-15,[ 15:24 ],0,184
21085,2014-05-15,[ 15:25 ],0,186
21086,2014-05-15,[ 15:26 ],0,185
21087,2014-05-15,[ 15:27 ],0,256
21088,2014-05-15,[ 15:28 ],0,253
21089,2014-05-15,[ 15:29 ],0,250
21090,2014-05-15,[ 15:30 ],0,253
21091,2014-05-15,[ 15:31 ],0,256
21092,2014-05-15,[ 15:32 ],0,258
21093,2014-05-15,[ 15:33 ],0,260
21094,2014-05-15,[ 15:34 ],0,260
21095,2014-05-15,[ 15:35 ],0,259
21096,2014-05-15,[ 15:36 ],0,258
21097,2014-05-15,[ 15:37 ],0,253
21098,2014-05-15,[ 15:38 ],0,253
21099,2014-05-15,[ 15:39 ],0,254
21100,2014-05-15,[ 15:40 ],0,254
21101,2014-05-15,[ 15:41 ],0,254
21102,2014-05-15,[ 15:42 ],0,256
21103,2014-05-15,[ 15:43 ],0,253
21104,2014-05-15,[ 15:44 ],0,254
21105,2014-05-15,[ 15:45 ],0,257
21106,2014-05-15,[ 15:46 ],0,256
21107,2014-05-15,[ 15:47 ],0,254
21108,2014-05-15,[ 15:48 ],0,253
21109,2014-05-15,[ 15:49 ],0,256
21110,2014-05-15,[ 15:50 ],0,252
21111,2014-05-15,[ 15:51 ],0,248
21112,2014-05-15,[ 15:52 ],0,246
21113,2014-05-15,[ 15:53 ],0,184
21114,2014-05-15,[ 15:54 ],0,183
21115,2014-05-15,[ 15:55 ],0,183
21116,2014-05-15,[ 15:56 ],0,185
21117,2014-05-15,[ 15:57 ],0,185
21118,2014-05-15,[ 15:58 ],0,185
21119,2014-05-15,[ 15:59 ],0,185
21120,2014-05-15,[ 16:00 ],0,185
21121,2014-05-15,[ 16:01 ],0,185
21122,2014-05-15,[ 16:02 ],0,186
21123,2014-05-15,[ 16:03 ],0,186
21124,2014-05-15,[ 16:04 ],0,185
21125,2014-05-15,[ 16:05 ],0,185
21126,2014-05-15,[ 16:06 ],0,185
21127,2014-05-15,[ 16:07 ],0,184
21128,2014-05-15,[ 16:08 ],0,185
21129,2014-05-15,[ 16:09 ],0,184
21130,2014-05-15,[ 16:10 ],0,184
21131,2014-05-15,[ 16:11 ],0,185
21132,2014-05-15,[ 16:12 ],0,185
21133,2014-05-15,[ 16:13 ],0,186
21134,2014-05-15,[ 16:14 ],0,185
21135,2014-05-15,[ 16:15 ],0,185
21136,2014-05-15,[ 16:16 ],0,185
21137,2014-05-15,[ 16:17 ],0,184
21138,2014-05-15,[ 16:18 ],0,184
21139,2014-05-15,[ 16:19 ],0,184
21140,2014-05-15,[ 16:20 ],0,184
21141,2014-05-15,[ 16:21 ],0,185
21142,2014-05-15,[ 16:22 ],0,185
21143,2014-05-15,[ 16:23 ],0,183
21144,2014-05-15,[ 16:24 ],0,185
21145,2014-05-15,[ 16:25 ],0,183
21146,2014-05-15,[ 16:26 ],0,186
21147,2014-05-15,[ 16:27 ],0,158
21148,2014-05-15,[ 16:28 ],0,161
21149,2014-05-15,[ 16:29 ],0,158
21150,2014-05-15,[ 16:30 ],0,159
21151,2014-05-15,[ 16:31 ],0,159
21152,2014-05-15,[ 16:32 ],0,159
21153,2014-05-15,[ 16:33 ],0,159
21154,2014-05-15,[ 16:34 ],0,160
21155,2014-05-15,[ 16:35 ],0,160
21156,2014-05-15,[ 16:36 ],0,161
21157,2014-05-15,[ 16:37 ],0,360
21158,2014-05-15,[ 16:38 ],0,219
21159,2014-05-15,[ 16:39 ],0,217
21160,2014-05-15,[ 16:40 ],0,217
21161,2014-05-15,[ 16:41 ],0,217
21162,2014-05-15,[ 16:42 ],0,215
21163,2014-05-15,[ 16:43 ],0,216
21164,2014-05-15,[ 16:44 ],0,234
21165,2014-05-15,[ 16:45 ],0,251
21166,2014-05-15,[ 16:46 ],0,253
21167,2014-05-15,[ 16:47 ],0,250
21168,2014-05-15,[ 16:48 ],0,160
21169,2014-05-15,[ 16:49 ],0,161
21170,2014-05-15,[ 16:50 ],0,161
21171,2014-05-15,[ 16:51 ],0,161
21172,2014-05-15,[ 16:52 ],0,160
21173,2014-05-15,[ 16:53 ],0,159
21174,2014-05-15,[ 16:54 ],0,162
21175,2014-05-15,[ 16:55 ],0,160
21176,2014-05-15,[ 16:56 ],0,160
21177,2014-05-15,[ 16:57 ],0,159
21178,2014-05-15,[ 16:58 ],0,158
21179,2014-05-15,[ 16:59 ],0,160
21180,2014-05-15,[ 17:00 ],0,159
21181,2014-05-15,[ 17:01 ],0,161
21182,2014-05-15,[ 17:02 ],0,161
21183,2014-05-15,[ 17:03 ],0,185
21184,2014-05-15,[ 17:04 ],0,185
21185,2014-05-15,[ 17:05 ],0,256
21186,2014-05-15,[ 17:06 ],0,218
21187,2014-05-15,[ 17:07 ],0,212
21188,2014-05-15,[ 17:08 ],0,213
21189,2014-05-15,[ 17:09 ],0,218
21190,2014-05-15,[ 17:10 ],0,217
21191,2014-05-15,[ 17:11 ],0,293
21192,2014-05-15,[ 17:12 ],0,287
21193,2014-05-15,[ 17:13 ],0,283
21194,2014-05-15,[ 17:14 ],0,292
21195,2014-05-15,[ 17:15 ],0,292
21196,2014-05-15,[ 17:16 ],0,272
21197,2014-05-15,[ 17:17 ],0,294
21198,2014-05-15,[ 17:18 ],0,289
21199,2014-05-15,[ 17:19 ],0,270
21200,2014-05-15,[ 17:20 ],0,269
21201,2014-05-15,[ 17:21 ],0,272
21202,2014-05-15,[ 17:22 ],0,253
21203,2014-05-15,[ 17:23 ],0,260
21204,2014-05-15,[ 17:24 ],0,257
21205,2014-05-15,[ 17:25 ],0,216
21206,2014-05-15,[ 17:26 ],0,213
21207,2014-05-15,[ 17:27 ],0,213
21208,2014-05-15,[ 17:28 ],0,213
21209,2014-05-15,[ 17:29 ],0,251
21210,2014-05-15,[ 17:30 ],0,243
21211,2014-05-15,[ 17:31 ],0,185
21212,2014-05-15,[ 17:32 ],0,159
21213,2014-05-15,[ 17:33 ],0,160
21214,2014-05-15,[ 17:34 ],0,161
21215,2014-05-15,[ 17:35 ],0,159
21216,2014-05-15,[ 17:36 ],0,167
21217,2014-05-15,[ 17:37 ],0,159
21218,2014-05-15,[ 17:38 ],0,160
21219,2014-05-15,[ 17:39 ],0,160
21220,2014-05-15,[ 17:40 ],0,160
21221,2014-05-15,[ 17:41 ],0,160
21222,2014-05-15,[ 17:42 ],0,167
21223,2014-05-15,[ 17:43 ],0,161
21224,2014-05-15,[ 17:44 ],0,161
21225,2014-05-15,[ 17:45 ],0,160
21226,2014-05-15,[ 17:46 ],0,160
21227,2014-05-15,[ 17:47 ],0,158
21228,2014-05-15,[ 17:48 ],0,159
21229,2014-05-15,[ 17:49 ],0,169
21230,2014-05-15,[ 17:50 ],0,1966
21231,2014-05-15,[ 17:51 ],0,1908
21232,2014-05-15,[ 17:52 ],0,1908
21233,2014-05-15,[ 17:53 ],0,160
21234,2014-05-15,[ 17:54 ],0,159
21235,2014-05-15,[ 17:55 ],0,163
21236,2014-05-15,[ 17:56 ],0,163
21237,2014-05-15,[ 17:57 ],0,162
21238,2014-05-15,[ 17:58 ],0,162
21239,2014-05-15,[ 17:59 ],0,162
21240,2014-05-15,[ 18:00 ],0,190
21241,2014-05-15,[ 18:01 ],0,190
21242,2014-05-15,[ 18:02 ],0,187
21243,2014-05-15,[ 18:03 ],0,165
21244,2014-05-15,[ 18:04 ],0,162
21245,2014-05-15,[ 18:05 ],0,162
21246,2014-05-15,[ 18:06 ],0,163
21247,2014-05-15,[ 18:07 ],0,161
21248,2014-05-15,[ 18:08 ],0,163
21249,2014-05-15,[ 18:09 ],0,162
21250,2014-05-15,[ 18:10 ],0,161
21251,2014-05-15,[ 18:11 ],0,159
21252,2014-05-15,[ 18:12 ],0,160
21253,2014-05-15,[ 18:13 ],0,161
21254,2014-05-15,[ 18:14 ],0,161
21255,2014-05-15,[ 18:15 ],0,159
21256,2014-05-15,[ 18:16 ],0,252
21257,2014-05-15,[ 18:17 ],0,221
21258,2014-05-15,[ 18:18 ],0,218
21259,2014-05-15,[ 18:19 ],0,257
21260,2014-05-15,[ 18:20 ],0,258
21261,2014-05-15,[ 18:21 ],0,258
21262,2014-05-15,[ 18:22 ],0,256
21263,2014-05-15,[ 18:23 ],0,257
21264,2014-05-15,[ 18:24 ],0,256
21265,2014-05-15,[ 18:25 ],0,256
21266,2014-05-15,[ 18:26 ],0,394
21267,2014-05-15,[ 18:27 ],0,432
21268,2014-05-15,[ 18:28 ],0,448
21269,2014-05-15,[ 18:29 ],0,450
21270,2014-05-15,[ 18:30 ],0,447
21271,2014-05-15,[ 18:31 ],0,445
21272,2014-05-15,[ 18:32 ],0,444
21273,2014-05-15,[ 18:33 ],0,448
21274,2014-05-15,[ 18:34 ],0,447
21275,2014-05-15,[ 18:35 ],0,447
21276,2014-05-15,[ 18:36 ],0,532
21277,2014-05-15,[ 18:37 ],0,525
21278,2014-05-15,[ 18:38 ],0,535
21279,2014-05-15,[ 18:39 ],0,528
21280,2014-05-15,[ 18:40 ],0,535
21281,2014-05-15,[ 18:41 ],0,532
21282,2014-05-15,[ 18:42 ],0,535
21283,2014-05-15,[ 18:43 ],0,535
21284,2014-05-15,[ 18:44 ],0,476
21285,2014-05-15,[ 18:45 ],0,492
21286,2014-05-15,[ 18:46 ],0,484
21287,2014-05-15,[ 18:47 ],0,490
21288,2014-05-15,[ 18:48 ],0,486
21289,2014-05-15,[ 18:49 ],0,486
21290,2014-05-15,[ 18:50 ],0,485
21291,2014-05-15,[ 18:51 ],0,485
21292,2014-05-15,[ 18:52 ],0,487
21293,2014-05-15,[ 18:53 ],0,487
21294,2014-05-15,[ 18:54 ],0,490
21295,2014-05-15,[ 18:55 ],0,483
21296,2014-05-15,[ 18:56 ],0,491
21297,2014-05-15,[ 18:57 ],0,491
21298,2014-05-15,[ 18:58 ],0,488
21299,2014-05-15,[ 18:59 ],0,481
21300,2014-05-15,[ 19:00 ],0,459
21301,2014-05-15,[ 19:01 ],0,434
21302,2014-05-15,[ 19:02 ],0,374
21303,2014-05-15,[ 19:03 ],0,517
21304,2014-05-15,[ 19:04 ],0,521
21305,2014-05-15,[ 19:05 ],0,2958
21306,2014-05-15,[ 19:06 ],0,2872
21307,2014-05-15,[ 19:07 ],0,2947
21308,2014-05-15,[ 19:08 ],0,474
21309,2014-05-15,[ 19:09 ],0,472
21310,2014-05-15,[ 19:10 ],0,438
21311,2014-05-15,[ 19:11 ],0,439
21312,2014-05-15,[ 19:12 ],0,509
21313,2014-05-15,[ 19:13 ],0,513
21314,2014-05-15,[ 19:14 ],0,509
21315,2014-05-15,[ 19:15 ],0,503
21316,2014-05-15,[ 19:16 ],0,464
21317,2014-05-15,[ 19:17 ],0,469
21318,2014-05-15,[ 19:18 ],0,470
21319,2014-05-15,[ 19:19 ],0,472
21320,2014-05-15,[ 19:20 ],0,469
21321,2014-05-15,[ 19:21 ],0,468
21322,2014-05-15,[ 19:22 ],0,516
21323,2014-05-15,[ 19:23 ],0,516
21324,2014-05-15,[ 19:24 ],0,499
21325,2014-05-15,[ 19:25 ],0,503
21326,2014-05-15,[ 19:26 ],0,505
21327,2014-05-15,[ 19:27 ],0,513
21328,2014-05-15,[ 19:28 ],0,503
21329,2014-05-15,[ 19:29 ],0,503
21330,2014-05-15,[ 19:30 ],0,513
21331,2014-05-15,[ 19:31 ],0,518
21332,2014-05-15,[ 19:32 ],0,511
21333,2014-05-15,[ 19:33 ],0,510
21334,2014-05-15,[ 19:34 ],0,518
21335,2014-05-15,[ 19:35 ],0,504
21336,2014-05-15,[ 19:36 ],0,506
21337,2014-05-15,[ 19:37 ],0,511
21338,2014-05-15,[ 19:38 ],0,514
21339,2014-05-15,[ 19:39 ],0,514
21340,2014-05-15,[ 19:40 ],0,513
21341,2014-05-15,[ 19:41 ],0,509
21342,2014-05-15,[ 19:42 ],0,495
21343,2014-05-15,[ 19:43 ],0,500
21344,2014-05-15,[ 19:44 ],0,594
21345,2014-05-15,[ 19:45 ],0,588
21346,2014-05-15,[ 19:46 ],0,604
21347,2014-05-15,[ 19:47 ],0,608
21348,2014-05-15,[ 19:48 ],0,611
21349,2014-05-15,[ 19:49 ],0,622
21350,2014-05-15,[ 19:50 ],0,614
21351,2014-05-15,[ 19:51 ],0,609
21352,2014-05-15,[ 19:52 ],0,618
21353,2014-05-15,[ 19:53 ],0,605
21354,2014-05-15,[ 19:54 ],0,608
21355,2014-05-15,[ 19:55 ],0,556
21356,2014-05-15,[ 19:56 ],0,540
21357,2014-05-15,[ 19:57 ],0,526
21358,2014-05-15,[ 19:58 ],0,523
21359,2014-05-15,[ 19:59 ],0,537
21360,2014-05-15,[ 20:00 ],0,513
21361,2014-05-15,[ 20:01 ],0,551
21362,2014-05-15,[ 20:02 ],0,548
21363,2014-05-15,[ 20:03 ],0,548
21364,2014-05-15,[ 20:04 ],0,550
21365,2014-05-15,[ 20:05 ],0,556
21366,2014-05-15,[ 20:06 ],0,540
21367,2014-05-15,[ 20:07 ],0,550
21368,2014-05-15,[ 20:08 ],0,532
21369,2014-05-15,[ 20:09 ],0,610
21370,2014-05-15,[ 20:10 ],0,616
21371,2014-05-15,[ 20:11 ],0,615
21372,2014-05-15,[ 20:12 ],0,631
21373,2014-05-15,[ 20:13 ],0,615
21374,2014-05-15,[ 20:14 ],0,616
21375,2014-05-15,[ 20:15 ],0,616
21376,2014-05-15,[ 20:16 ],0,631
21377,2014-05-15,[ 20:17 ],0,614
21378,2014-05-15,[ 20:18 ],0,613
21379,2014-05-15,[ 20:19 ],0,607
21380,2014-05-15,[ 20:20 ],0,602
21381,2014-05-15,[ 20:21 ],0,610
21382,2014-05-15,[ 20:22 ],0,614
21383,2014-05-15,[ 20:23 ],0,628
21384,2014-05-15,[ 20:24 ],0,612
21385,2014-05-15,[ 20:25 ],0,619
21386,2014-05-15,[ 20:26 ],0,632
21387,2014-05-15,[ 20:27 ],0,628
21388,2014-05-15,[ 20:28 ],0,633
21389,2014-05-15,[ 20:29 ],0,631
21390,2014-05-15,[ 20:30 ],0,618
21391,2014-05-15,[ 20:31 ],0,625
21392,2014-05-15,[ 20:32 ],0,633
21393,2014-05-15,[ 20:33 ],0,610
21394,2014-05-15,[ 20:34 ],0,542
21395,2014-05-15,[ 20:35 ],0,566
21396,2014-05-15,[ 20:36 ],0,553
21397,2014-05-15,[ 20:37 ],0,554
21398,2014-05-15,[ 20:38 ],0,762
21399,2014-05-15,[ 20:39 ],0,766
21400,2014-05-15,[ 20:40 ],0,777
21401,2014-05-15,[ 20:41 ],0,784
21402,2014-05-15,[ 20:42 ],0,775
21403,2014-05-15,[ 20:43 ],0,778
21404,2014-05-15,[ 20:44 ],0,779
21405,2014-05-15,[ 20:45 ],0,777
21406,2014-05-15,[ 20:46 ],0,780
21407,2014-05-15,[ 20:47 ],0,784
21408,2014-05-15,[ 20:48 ],0,779
21409,2014-05-15,[ 20:49 ],0,780
21410,2014-05-15,[ 20:50 ],0,773
21411,2014-05-15,[ 20:51 ],0,553
21412,2014-05-15,[ 20:52 ],0,556
21413,2014-05-15,[ 20:53 ],0,552
21414,2014-05-15,[ 20:54 ],0,555
21415,2014-05-15,[ 20:55 ],0,551
21416,2014-05-15,[ 20:56 ],0,554
21417,2014-05-15,[ 20:57 ],0,552
21418,2014-05-15,[ 20:58 ],0,558
21419,2014-05-15,[ 20:59 ],0,557
21420,2014-05-15,[ 21:00 ],0,550
21421,2014-05-15,[ 21:01 ],0,555
21422,2014-05-15,[ 21:02 ],0,555
21423,2014-05-15,[ 21:03 ],0,686
21424,2014-05-15,[ 21:04 ],0,672
21425,2014-05-15,[ 21:05 ],0,644
21426,2014-05-15,[ 21:06 ],0,644
21427,2014-05-15,[ 21:07 ],0,663
21428,2014-05-15,[ 21:08 ],0,628
21429,2014-05-15,[ 21:09 ],0,425
21430,2014-05-15,[ 21:10 ],0,401
21431,2014-05-15,[ 21:11 ],0,406
21432,2014-05-15,[ 21:12 ],0,507
21433,2014-05-15,[ 21:13 ],0,507
21434,2014-05-15,[ 21:14 ],0,432
21435,2014-05-15,[ 21:15 ],0,476
21436,2014-05-15,[ 21:16 ],0,448
21437,2014-05-15,[ 21:17 ],0,400
21438,2014-05-15,[ 21:18 ],0,398
21439,2014-05-15,[ 21:19 ],0,405
21440,2014-05-15,[ 21:20 ],0,402
21441,2014-05-15,[ 21:21 ],0,390
21442,2014-05-15,[ 21:22 ],0,388
21443,2014-05-15,[ 21:23 ],0,394
21444,2014-05-15,[ 21:24 ],0,397
21445,2014-05-15,[ 21:25 ],0,389
21446,2014-05-15,[ 21:26 ],0,389
21447,2014-05-15,[ 21:27 ],0,388
21448,2014-05-15,[ 21:28 ],0,387
21449,2014-05-15,[ 21:29 ],0,392
21450,2014-05-15,[ 21:30 ],0,390
21451,2014-05-15,[ 21:31 ],0,418
21452,2014-05-15,[ 21:32 ],0,376
21453,2014-05-15,[ 21:33 ],0,317
21454,2014-05-15,[ 21:34 ],0,322
21455,2014-05-15,[ 21:35 ],0,319
21456,2014-05-15,[ 21:36 ],0,321
21457,2014-05-15,[ 21:37 ],0,323
21458,2014-05-15,[ 21:38 ],0,320
21459,2014-05-15,[ 21:39 ],0,331
21460,2014-05-15,[ 21:40 ],0,327
21461,2014-05-15,[ 21:41 ],0,580
21462,2014-05-15,[ 21:42 ],0,388
21463,2014-05-15,[ 21:43 ],0,385
21464,2014-05-15,[ 21:44 ],0,393
21465,2014-05-15,[ 21:45 ],0,392
21466,2014-05-15,[ 21:46 ],0,401
21467,2014-05-15,[ 21:47 ],0,401
21468,2014-05-15,[ 21:48 ],0,399
21469,2014-05-15,[ 21:49 ],0,397
21470,2014-05-15,[ 21:50 ],0,392
21471,2014-05-15,[ 21:51 ],0,405
21472,2014-05-15,[ 21:52 ],0,394
21473,2014-05-15,[ 21:53 ],0,393
21474,2014-05-15,[ 21:54 ],0,397
21475,2014-05-15,[ 21:55 ],0,409
21476,2014-05-15,[ 21:56 ],0,388
21477,2014-05-15,[ 21:57 ],0,392
21478,2014-05-15,[ 21:58 ],0,393
21479,2014-05-15,[ 21:59 ],0,394
21480,2014-05-15,[ 22:00 ],0,393
21481,2014-05-15,[ 22:01 ],0,394
21482,2014-05-15,[ 22:02 ],0,386
21483,2014-05-15,[ 22:03 ],0,331
21484,2014-05-15,[ 22:04 ],0,318
21485,2014-05-15,[ 22:05 ],0,317
21486,2014-05-15,[ 22:06 ],0,319
21487,2014-05-15,[ 22:07 ],0,318
21488,2014-05-15,[ 22:08 ],0,322
21489,2014-05-15,[ 22:09 ],0,310
21490,2014-05-15,[ 22:10 ],0,312
21491,2014-05-15,[ 22:11 ],0,316
21492,2014-05-15,[ 22:12 ],0,206
21493,2014-05-15,[ 22:13 ],0,203
21494,2014-05-15,[ 22:14 ],0,204
21495,2014-05-15,[ 22:15 ],0,203
21496,2014-05-15,[ 22:16 ],0,202
21497,2014-05-15,[ 22:17 ],0,203
21498,2014-05-15,[ 22:18 ],0,203
21499,2014-05-15,[ 22:19 ],0,202
21500,2014-05-15,[ 22:20 ],0,199
21501,2014-05-15,[ 22:21 ],0,183
21502,2014-05-15,[ 22:22 ],0,181
21503,2014-05-15,[ 22:23 ],0,176
21504,2014-05-15,[ 22:24 ],0,175
21505,2014-05-15,[ 22:25 ],0,174
21506,2014-05-15,[ 22:26 ],0,174
21507,2014-05-15,[ 22:27 ],0,174
21508,2014-05-15,[ 22:28 ],0,176
21509,2014-05-15,[ 22:29 ],0,174
21510,2014-05-15,[ 22:30 ],0,175
21511,2014-05-15,[ 22:31 ],0,374
21512,2014-05-15,[ 22:32 ],0,374
21513,2014-05-15,[ 22:33 ],0,236
21514,2014-05-15,[ 22:34 ],0,236
21515,2014-05-15,[ 22:35 ],0,236
21516,2014-05-15,[ 22:36 ],0,225
21517,2014-05-15,[ 22:37 ],0,225
21518,2014-05-15,[ 22:38 ],0,223
21519,2014-05-15,[ 22:39 ],0,222
21520,2014-05-15,[ 22:40 ],0,223
21521,2014-05-15,[ 22:41 ],0,223
21522,2014-05-15,[ 22:42 ],0,219
21523,2014-05-15,[ 22:43 ],0,167
21524,2014-05-15,[ 22:44 ],0,168
21525,2014-05-15,[ 22:45 ],0,168
21526,2014-05-15,[ 22:46 ],0,168
21527,2014-05-15,[ 22:47 ],0,167
21528,2014-05-15,[ 22:48 ],0,168
21529,2014-05-15,[ 22:49 ],0,168
21530,2014-05-15,[ 22:50 ],0,168
21531,2014-05-15,[ 22:51 ],0,167
21532,2014-05-15,[ 22:52 ],0,166
21533,2014-05-15,[ 22:53 ],0,168
21534,2014-05-15,[ 22:54 ],0,170
21535,2014-05-15,[ 22:55 ],0,168
21536,2014-05-15,[ 22:56 ],0,168
21537,2014-05-15,[ 22:57 ],0,168
21538,2014-05-15,[ 22:58 ],0,168
21539,2014-05-15,[ 22:59 ],0,169
21540,2014-05-15,[ 23:00 ],0,168
21541,2014-05-15,[ 23:01 ],0,169
21542,2014-05-15,[ 23:02 ],0,169
21543,2014-05-15,[ 23:03 ],0,168
21544,2014-05-15,[ 23:04 ],0,168
21545,2014-05-15,[ 23:05 ],0,166
21546,2014-05-15,[ 23:06 ],0,167
21547,2014-05-15,[ 23:07 ],0,167
21548,2014-05-15,[ 23:08 ],0,166
21549,2014-05-15,[ 23:09 ],0,169
21550,2014-05-15,[ 23:10 ],0,168
21551,2014-05-15,[ 23:11 ],0,171
21552,2014-05-15,[ 23:12 ],0,175
21553,2014-05-15,[ 23:13 ],0,172
21554,2014-05-15,[ 23:14 ],0,169
21555,2014-05-15,[ 23:15 ],0,169
21556,2014-05-15,[ 23:16 ],0,167
21557,2014-05-15,[ 23:17 ],0,168
21558,2014-05-15,[ 23:18 ],0,169
21559,2014-05-15,[ 23:19 ],0,175
21560,2014-05-15,[ 23:20 ],0,253
21561,2014-05-15,[ 23:21 ],0,251
21562,2014-05-15,[ 23:22 ],0,241
21563,2014-05-15,[ 23:23 ],0,243
21564,2014-05-15,[ 23:24 ],0,243
21565,2014-05-15,[ 23:25 ],0,246
21566,2014-05-15,[ 23:26 ],0,243
21567,2014-05-15,[ 23:27 ],0,243
21568,2014-05-15,[ 23:28 ],0,242
21569,2014-05-15,[ 23:29 ],0,241
21570,2014-05-15,[ 23:30 ],0,243
21571,2014-05-15,[ 23:31 ],0,242
21572,2014-05-15,[ 23:32 ],0,241
21573,2014-05-15,[ 23:33 ],0,241
21574,2014-05-15,[ 23:34 ],0,241
21575,2014-05-15,[ 23:35 ],0,238
21576,2014-05-15,[ 23:36 ],0,242
21577,2014-05-15,[ 23:37 ],0,240
21578,2014-05-15,[ 23:38 ],0,246
21579,2014-05-15,[ 23:39 ],0,228
21580,2014-05-15,[ 23:40 ],0,229
21581,2014-05-15,[ 23:41 ],0,229
21582,2014-05-15,[ 23:42 ],0,228
21583,2014-05-15,[ 23:43 ],0,224
21584,2014-05-15,[ 23:44 ],0,221
21585,2014-05-15,[ 23:45 ],0,222
21586,2014-05-15,[ 23:46 ],0,223
21587,2014-05-15,[ 23:47 ],0,223
21588,2014-05-15,[ 23:48 ],0,222
21589,2014-05-15,[ 23:49 ],0,166
21590,2014-05-15,[ 23:50 ],0,167
21591,2014-05-15,[ 23:51 ],0,168
21592,2014-05-15,[ 23:52 ],0,168
21593,2014-05-15,[ 23:53 ],0,168
21594,2014-05-15,[ 23:54 ],0,169
21595,2014-05-15,[ 23:55 ],0,168
21596,2014-05-15,[ 23:56 ],0,167
21597,2014-05-15,[ 23:57 ],0,166
21598,2014-05-15,[ 23:58 ],0,165
21599,2014-05-15,[ 23:59 ],0,168
21600,2014-05-16,[ 00:00 ],0,168
21601,2014-05-16,[ 00:01 ],0,168
21602,2014-05-16,[ 00:02 ],0,168
21603,2014-05-16,[ 00:03 ],0,168
21604,2014-05-16,[ 00:04 ],0,170
21605,2014-05-16,[ 00:05 ],0,168
21606,2014-05-16,[ 00:06 ],0,165
21607,2014-05-16,[ 00:07 ],0,163
21608,2014-05-16,[ 00:08 ],0,163
21609,2014-05-16,[ 00:09 ],0,165
21610,2014-05-16,[ 00:10 ],0,163
21611,2014-05-16,[ 00:11 ],0,166
21612,2014-05-16,[ 00:12 ],0,163
21613,2014-05-16,[ 00:13 ],0,161
21614,2014-05-16,[ 00:14 ],0,163
21615,2014-05-16,[ 00:15 ],0,162
21616,2014-05-16,[ 00:16 ],0,165
21617,2014-05-16,[ 00:17 ],0,163
21618,2014-05-16,[ 00:18 ],0,163
21619,2014-05-16,[ 00:19 ],0,165
21620,2014-05-16,[ 00:20 ],0,163
21621,2014-05-16,[ 00:21 ],0,163
21622,2014-05-16,[ 00:22 ],0,163
21623,2014-05-16,[ 00:23 ],0,163
21624,2014-05-16,[ 00:24 ],0,163
21625,2014-05-16,[ 00:25 ],0,163
21626,2014-05-16,[ 00:26 ],0,163
21627,2014-05-16,[ 00:27 ],0,163
21628,2014-05-16,[ 00:28 ],0,162
21629,2014-05-16,[ 00:29 ],0,163
21630,2014-05-16,[ 00:30 ],0,165
21631,2014-05-16,[ 00:31 ],0,163
21632,2014-05-16,[ 00:32 ],0,163
21633,2014-05-16,[ 00:33 ],0,165
21634,2014-05-16,[ 00:34 ],0,238
21635,2014-05-16,[ 00:35 ],0,238
21636,2014-05-16,[ 00:36 ],0,218
21637,2014-05-16,[ 00:37 ],0,223
21638,2014-05-16,[ 00:38 ],0,219
21639,2014-05-16,[ 00:39 ],0,218
21640,2014-05-16,[ 00:40 ],0,219
21641,2014-05-16,[ 00:41 ],0,218
21642,2014-05-16,[ 00:42 ],0,218
21643,2014-05-16,[ 00:43 ],0,215
21644,2014-05-16,[ 00:44 ],0,217
21645,2014-05-16,[ 00:45 ],0,217
21646,2014-05-16,[ 00:46 ],0,163
21647,2014-05-16,[ 00:47 ],0,162
21648,2014-05-16,[ 00:48 ],0,161
21649,2014-05-16,[ 00:49 ],0,162
21650,2014-05-16,[ 00:50 ],0,162
21651,2014-05-16,[ 00:51 ],0,161
21652,2014-05-16,[ 00:52 ],0,161
21653,2014-05-16,[ 00:53 ],0,161
21654,2014-05-16,[ 00:54 ],0,161
21655,2014-05-16,[ 00:55 ],0,160
21656,2014-05-16,[ 00:56 ],0,161
21657,2014-05-16,[ 00:57 ],0,163
21658,2014-05-16,[ 00:58 ],0,161
21659,2014-05-16,[ 00:59 ],0,163
21660,2014-05-16,[ 01:00 ],0,226
21661,2014-05-16,[ 01:01 ],0,221
21662,2014-05-16,[ 01:02 ],0,218
21663,2014-05-16,[ 01:03 ],0,222
21664,2014-05-16,[ 01:04 ],0,224
21665,2014-05-16,[ 01:05 ],0,226
21666,2014-05-16,[ 01:06 ],0,225
21667,2014-05-16,[ 01:07 ],0,223
21668,2014-05-16,[ 01:08 ],0,223
21669,2014-05-16,[ 01:09 ],0,221
21670,2014-05-16,[ 01:10 ],0,222
21671,2014-05-16,[ 01:11 ],0,221
21672,2014-05-16,[ 01:12 ],0,217
21673,2014-05-16,[ 01:13 ],0,218
21674,2014-05-16,[ 01:14 ],0,219
21675,2014-05-16,[ 01:15 ],0,221
21676,2014-05-16,[ 01:16 ],0,221
21677,2014-05-16,[ 01:17 ],0,223
21678,2014-05-16,[ 01:18 ],0,221
21679,2014-05-16,[ 01:19 ],0,222
21680,2014-05-16,[ 01:20 ],0,219
21681,2014-05-16,[ 01:21 ],0,218
21682,2014-05-16,[ 01:22 ],0,217
21683,2014-05-16,[ 01:23 ],0,217
21684,2014-05-16,[ 01:24 ],0,212
21685,2014-05-16,[ 01:25 ],0,162
21686,2014-05-16,[ 01:26 ],0,160
21687,2014-05-16,[ 01:27 ],0,160
21688,2014-05-16,[ 01:28 ],0,160
21689,2014-05-16,[ 01:29 ],0,159
21690,2014-05-16,[ 01:30 ],0,162
21691,2014-05-16,[ 01:31 ],0,162
21692,2014-05-16,[ 01:32 ],0,159
21693,2014-05-16,[ 01:33 ],0,161
21694,2014-05-16,[ 01:34 ],0,158
21695,2014-05-16,[ 01:35 ],0,158
21696,2014-05-16,[ 01:36 ],0,159
21697,2014-05-16,[ 01:37 ],0,160
21698,2014-05-16,[ 01:38 ],0,160
21699,2014-05-16,[ 01:39 ],0,162
21700,2014-05-16,[ 01:40 ],0,162
21701,2014-05-16,[ 01:41 ],0,160
21702,2014-05-16,[ 01:42 ],0,160
21703,2014-05-16,[ 01:43 ],0,161
21704,2014-05-16,[ 01:44 ],0,161
21705,2014-05-16,[ 01:45 ],0,162
21706,2014-05-16,[ 01:46 ],0,161
21707,2014-05-16,[ 01:47 ],0,162
21708,2014-05-16,[ 01:48 ],0,162
21709,2014-05-16,[ 01:49 ],0,160
21710,2014-05-16,[ 01:50 ],0,159
21711,2014-05-16,[ 01:51 ],0,161
21712,2014-05-16,[ 01:52 ],0,161
21713,2014-05-16,[ 01:53 ],0,163
21714,2014-05-16,[ 01:54 ],0,162
21715,2014-05-16,[ 01:55 ],0,160
21716,2014-05-16,[ 01:56 ],0,162
21717,2014-05-16,[ 01:57 ],0,163
21718,2014-05-16,[ 01:58 ],0,161
21719,2014-05-16,[ 01:59 ],0,162
21720,2014-05-16,[ 02:00 ],0,163
21721,2014-05-16,[ 02:01 ],0,163
21722,2014-05-16,[ 02:02 ],0,163
21723,2014-05-16,[ 02:03 ],0,163
21724,2014-05-16,[ 02:04 ],0,163
21725,2014-05-16,[ 02:05 ],0,163
21726,2014-05-16,[ 02:06 ],0,161
21727,2014-05-16,[ 02:07 ],0,166
21728,2014-05-16,[ 02:08 ],0,243
21729,2014-05-16,[ 02:09 ],0,243
21730,2014-05-16,[ 02:10 ],0,232
21731,2014-05-16,[ 02:11 ],0,237
21732,2014-05-16,[ 02:12 ],0,237
21733,2014-05-16,[ 02:13 ],0,236
21734,2014-05-16,[ 02:14 ],0,231
21735,2014-05-16,[ 02:15 ],0,229
21736,2014-05-16,[ 02:16 ],0,231
21737,2014-05-16,[ 02:17 ],0,229
21738,2014-05-16,[ 02:18 ],0,232
21739,2014-05-16,[ 02:19 ],0,224
21740,2014-05-16,[ 02:20 ],0,165
21741,2014-05-16,[ 02:21 ],0,168
21742,2014-05-16,[ 02:22 ],0,166
21743,2014-05-16,[ 02:23 ],0,167
21744,2014-05-16,[ 02:24 ],0,165
21745,2014-05-16,[ 02:25 ],0,165
21746,2014-05-16,[ 02:26 ],0,165
21747,2014-05-16,[ 02:27 ],0,168
21748,2014-05-16,[ 02:28 ],0,169
21749,2014-05-16,[ 02:29 ],0,169
21750,2014-05-16,[ 02:30 ],0,165
21751,2014-05-16,[ 02:31 ],0,162
21752,2014-05-16,[ 02:32 ],0,166
21753,2014-05-16,[ 02:33 ],0,163
21754,2014-05-16,[ 02:34 ],0,165
21755,2014-05-16,[ 02:35 ],0,163
21756,2014-05-16,[ 02:36 ],0,163
21757,2014-05-16,[ 02:37 ],0,166
21758,2014-05-16,[ 02:38 ],0,163
21759,2014-05-16,[ 02:39 ],0,165
21760,2014-05-16,[ 02:40 ],0,162
21761,2014-05-16,[ 02:41 ],0,226
21762,2014-05-16,[ 02:42 ],0,224
21763,2014-05-16,[ 02:43 ],0,218
21764,2014-05-16,[ 02:44 ],0,219
21765,2014-05-16,[ 02:45 ],0,221
21766,2014-05-16,[ 02:46 ],0,222
21767,2014-05-16,[ 02:47 ],0,226
21768,2014-05-16,[ 02:48 ],0,226
21769,2014-05-16,[ 02:49 ],0,223
21770,2014-05-16,[ 02:50 ],0,224
21771,2014-05-16,[ 02:51 ],0,222
21772,2014-05-16,[ 02:52 ],0,221
21773,2014-05-16,[ 02:53 ],0,222
21774,2014-05-16,[ 02:54 ],0,222
21775,2014-05-16,[ 02:55 ],0,223
21776,2014-05-16,[ 02:56 ],0,218
21777,2014-05-16,[ 02:57 ],0,221
21778,2014-05-16,[ 02:58 ],0,222
21779,2014-05-16,[ 02:59 ],0,225
21780,2014-05-16,[ 03:00 ],0,226
21781,2014-05-16,[ 03:01 ],0,225
21782,2014-05-16,[ 03:02 ],0,221
21783,2014-05-16,[ 03:03 ],0,217
21784,2014-05-16,[ 03:04 ],0,217
21785,2014-05-16,[ 03:05 ],0,218
21786,2014-05-16,[ 03:06 ],0,213
21787,2014-05-16,[ 03:07 ],0,163
21788,2014-05-16,[ 03:08 ],0,162
21789,2014-05-16,[ 03:09 ],0,161
21790,2014-05-16,[ 03:10 ],0,162
21791,2014-05-16,[ 03:11 ],0,162
21792,2014-05-16,[ 03:12 ],0,163
21793,2014-05-16,[ 03:13 ],0,161
21794,2014-05-16,[ 03:14 ],0,162
21795,2014-05-16,[ 03:15 ],0,161
21796,2014-05-16,[ 03:16 ],0,161
21797,2014-05-16,[ 03:17 ],0,163
21798,2014-05-16,[ 03:18 ],0,162
21799,2014-05-16,[ 03:19 ],0,158
21800,2014-05-16,[ 03:20 ],0,159
21801,2014-05-16,[ 03:21 ],0,161
21802,2014-05-16,[ 03:22 ],0,161
21803,2014-05-16,[ 03:23 ],0,158
21804,2014-05-16,[ 03:24 ],0,160
21805,2014-05-16,[ 03:25 ],0,161
21806,2014-05-16,[ 03:26 ],0,161
21807,2014-05-16,[ 03:27 ],0,161
21808,2014-05-16,[ 03:28 ],0,161
21809,2014-05-16,[ 03:29 ],0,161
21810,2014-05-16,[ 03:30 ],0,160
21811,2014-05-16,[ 03:31 ],0,160
21812,2014-05-16,[ 03:32 ],0,160
21813,2014-05-16,[ 03:33 ],0,161
21814,2014-05-16,[ 03:34 ],0,160
21815,2014-05-16,[ 03:35 ],0,158
21816,2014-05-16,[ 03:36 ],0,159
21817,2014-05-16,[ 03:37 ],0,159
21818,2014-05-16,[ 03:38 ],0,158
21819,2014-05-16,[ 03:39 ],0,159
21820,2014-05-16,[ 03:40 ],0,160
21821,2014-05-16,[ 03:41 ],0,163
21822,2014-05-16,[ 03:42 ],0,159
21823,2014-05-16,[ 03:43 ],0,159
21824,2014-05-16,[ 03:44 ],0,160
21825,2014-05-16,[ 03:45 ],0,158
21826,2014-05-16,[ 03:46 ],0,156
21827,2014-05-16,[ 03:47 ],0,161
21828,2014-05-16,[ 03:48 ],0,159
21829,2014-05-16,[ 03:49 ],0,160
21830,2014-05-16,[ 03:50 ],0,160
21831,2014-05-16,[ 03:51 ],0,160
21832,2014-05-16,[ 03:52 ],0,160
21833,2014-05-16,[ 03:53 ],0,228
21834,2014-05-16,[ 03:54 ],0,218
21835,2014-05-16,[ 03:55 ],0,219
21836,2014-05-16,[ 03:56 ],0,216
21837,2014-05-16,[ 03:57 ],0,217
21838,2014-05-16,[ 03:58 ],0,217
21839,2014-05-16,[ 03:59 ],0,217
21840,2014-05-16,[ 04:00 ],0,217
21841,2014-05-16,[ 04:01 ],0,218
21842,2014-05-16,[ 04:02 ],0,214
21843,2014-05-16,[ 04:03 ],0,214
21844,2014-05-16,[ 04:04 ],0,161
21845,2014-05-16,[ 04:05 ],0,160
21846,2014-05-16,[ 04:06 ],0,159
21847,2014-05-16,[ 04:07 ],0,159
21848,2014-05-16,[ 04:08 ],0,161
21849,2014-05-16,[ 04:09 ],0,159
21850,2014-05-16,[ 04:10 ],0,162
21851,2014-05-16,[ 04:11 ],0,160
21852,2014-05-16,[ 04:12 ],0,160
21853,2014-05-16,[ 04:13 ],0,161
21854,2014-05-16,[ 04:14 ],0,161
21855,2014-05-16,[ 04:15 ],0,160
21856,2014-05-16,[ 04:16 ],0,160
21857,2014-05-16,[ 04:17 ],0,162
21858,2014-05-16,[ 04:18 ],0,161
21859,2014-05-16,[ 04:19 ],0,159
21860,2014-05-16,[ 04:20 ],0,161
21861,2014-05-16,[ 04:21 ],0,161
21862,2014-05-16,[ 04:22 ],0,162
21863,2014-05-16,[ 04:23 ],0,162
21864,2014-05-16,[ 04:24 ],0,222
21865,2014-05-16,[ 04:25 ],0,222
21866,2014-05-16,[ 04:26 ],0,215
21867,2014-05-16,[ 04:27 ],0,216
21868,2014-05-16,[ 04:28 ],0,221
21869,2014-05-16,[ 04:29 ],0,221
21870,2014-05-16,[ 04:30 ],0,225
21871,2014-05-16,[ 04:31 ],0,221
21872,2014-05-16,[ 04:32 ],0,223
21873,2014-05-16,[ 04:33 ],0,221
21874,2014-05-16,[ 04:34 ],0,222
21875,2014-05-16,[ 04:35 ],0,217
21876,2014-05-16,[ 04:36 ],0,216
21877,2014-05-16,[ 04:37 ],0,218
21878,2014-05-16,[ 04:38 ],0,218
21879,2014-05-16,[ 04:39 ],0,224
21880,2014-05-16,[ 04:40 ],0,218
21881,2014-05-16,[ 04:41 ],0,219
21882,2014-05-16,[ 04:42 ],0,222
21883,2014-05-16,[ 04:43 ],0,223
21884,2014-05-16,[ 04:44 ],0,222
21885,2014-05-16,[ 04:45 ],0,219
21886,2014-05-16,[ 04:46 ],0,218
21887,2014-05-16,[ 04:47 ],0,219
21888,2014-05-16,[ 04:48 ],0,216
21889,2014-05-16,[ 04:49 ],0,215
21890,2014-05-16,[ 04:50 ],0,160
21891,2014-05-16,[ 04:51 ],0,162
21892,2014-05-16,[ 04:52 ],0,160
21893,2014-05-16,[ 04:53 ],0,160
21894,2014-05-16,[ 04:54 ],0,160
21895,2014-05-16,[ 04:55 ],0,161
21896,2014-05-16,[ 04:56 ],0,161
21897,2014-05-16,[ 04:57 ],0,160
21898,2014-05-16,[ 04:58 ],0,161
21899,2014-05-16,[ 04:59 ],0,163
21900,2014-05-16,[ 05:00 ],0,165
21901,2014-05-16,[ 05:01 ],0,160
21902,2014-05-16,[ 05:02 ],0,159
21903,2014-05-16,[ 05:03 ],0,161
21904,2014-05-16,[ 05:04 ],0,159
21905,2014-05-16,[ 05:05 ],0,159
21906,2014-05-16,[ 05:06 ],0,158
21907,2014-05-16,[ 05:07 ],0,157
21908,2014-05-16,[ 05:08 ],0,159
21909,2014-05-16,[ 05:09 ],0,160
21910,2014-05-16,[ 05:10 ],0,158
21911,2014-05-16,[ 05:11 ],0,158
21912,2014-05-16,[ 05:12 ],0,159
21913,2014-05-16,[ 05:13 ],0,158
21914,2014-05-16,[ 05:14 ],0,159
21915,2014-05-16,[ 05:15 ],0,161
21916,2014-05-16,[ 05:16 ],0,161
21917,2014-05-16,[ 05:17 ],0,158
21918,2014-05-16,[ 05:18 ],0,160
21919,2014-05-16,[ 05:19 ],0,161
21920,2014-05-16,[ 05:20 ],0,159
21921,2014-05-16,[ 05:21 ],0,160
21922,2014-05-16,[ 05:22 ],0,161
21923,2014-05-16,[ 05:23 ],0,159
21924,2014-05-16,[ 05:24 ],0,157
21925,2014-05-16,[ 05:25 ],0,159
21926,2014-05-16,[ 05:26 ],0,160
21927,2014-05-16,[ 05:27 ],0,162
21928,2014-05-16,[ 05:28 ],0,160
21929,2014-05-16,[ 05:29 ],0,163
21930,2014-05-16,[ 05:30 ],0,161
21931,2014-05-16,[ 05:31 ],0,167
21932,2014-05-16,[ 05:32 ],0,161
21933,2014-05-16,[ 05:33 ],0,161
21934,2014-05-16,[ 05:34 ],0,162
21935,2014-05-16,[ 05:35 ],0,161
21936,2014-05-16,[ 05:36 ],0,163
21937,2014-05-16,[ 05:37 ],0,305
21938,2014-05-16,[ 05:38 ],0,219
21939,2014-05-16,[ 05:39 ],0,216
21940,2014-05-16,[ 05:40 ],0,214
21941,2014-05-16,[ 05:41 ],0,218
21942,2014-05-16,[ 05:42 ],0,217
21943,2014-05-16,[ 05:43 ],0,2635
21944,2014-05-16,[ 05:44 ],0,2632
21945,2014-05-16,[ 05:45 ],0,227
21946,2014-05-16,[ 05:46 ],0,227
21947,2014-05-16,[ 05:47 ],0,226
21948,2014-05-16,[ 05:48 ],0,171
21949,2014-05-16,[ 05:49 ],0,162
21950,2014-05-16,[ 05:50 ],0,163
21951,2014-05-16,[ 05:51 ],0,163
21952,2014-05-16,[ 05:52 ],0,160
21953,2014-05-16,[ 05:53 ],0,160
21954,2014-05-16,[ 05:54 ],0,160
21955,2014-05-16,[ 05:55 ],0,160
21956,2014-05-16,[ 05:56 ],0,160
21957,2014-05-16,[ 05:57 ],0,940
21958,2014-05-16,[ 05:58 ],0,1974
21959,2014-05-16,[ 05:59 ],0,1988
21960,2014-05-16,[ 06:00 ],0,1968
21961,2014-05-16,[ 06:01 ],0,1978
21962,2014-05-16,[ 06:02 ],0,1967
21963,2014-05-16,[ 06:03 ],0,1967
21964,2014-05-16,[ 06:04 ],0,1922
21965,2014-05-16,[ 06:05 ],0,401
21966,2014-05-16,[ 06:06 ],0,397
21967,2014-05-16,[ 06:07 ],0,398
21968,2014-05-16,[ 06:08 ],0,394
21969,2014-05-16,[ 06:09 ],0,390
21970,2014-05-16,[ 06:10 ],0,394
21971,2014-05-16,[ 06:11 ],0,394
21972,2014-05-16,[ 06:12 ],0,348
21973,2014-05-16,[ 06:13 ],0,348
21974,2014-05-16,[ 06:14 ],0,345
21975,2014-05-16,[ 06:15 ],0,352
21976,2014-05-16,[ 06:16 ],0,345
21977,2014-05-16,[ 06:17 ],0,340
21978,2014-05-16,[ 06:18 ],0,343
21979,2014-05-16,[ 06:19 ],0,354
21980,2014-05-16,[ 06:20 ],0,354
21981,2014-05-16,[ 06:21 ],0,355
21982,2014-05-16,[ 06:22 ],0,351
21983,2014-05-16,[ 06:23 ],0,337
21984,2014-05-16,[ 06:24 ],0,289
21985,2014-05-16,[ 06:25 ],0,284
21986,2014-05-16,[ 06:26 ],0,284
21987,2014-05-16,[ 06:27 ],0,285
21988,2014-05-16,[ 06:28 ],0,293
21989,2014-05-16,[ 06:29 ],0,293
21990,2014-05-16,[ 06:30 ],0,293
21991,2014-05-16,[ 06:31 ],0,285
21992,2014-05-16,[ 06:32 ],0,284
21993,2014-05-16,[ 06:33 ],0,289
21994,2014-05-16,[ 06:34 ],0,292
21995,2014-05-16,[ 06:35 ],0,298
21996,2014-05-16,[ 06:36 ],0,298
21997,2014-05-16,[ 06:37 ],0,297
21998,2014-05-16,[ 06:38 ],0,288
21999,2014-05-16,[ 06:39 ],0,286
22000,2014-05-16,[ 06:40 ],0,292
22001,2014-05-16,[ 06:41 ],0,294
22002,2014-05-16,[ 06:42 ],0,295
22003,2014-05-16,[ 06:43 ],0,288
22004,2014-05-16,[ 06:44 ],0,285
22005,2014-05-16,[ 06:45 ],0,282
22006,2014-05-16,[ 06:46 ],0,231
22007,2014-05-16,[ 06:47 ],0,287
22008,2014-05-16,[ 06:48 ],0,292
22009,2014-05-16,[ 06:49 ],0,237
22010,2014-05-16,[ 06:50 ],0,240
22011,2014-05-16,[ 06:51 ],0,246
22012,2014-05-16,[ 06:52 ],0,247
22013,2014-05-16,[ 06:53 ],0,241
22014,2014-05-16,[ 06:54 ],0,241
22015,2014-05-16,[ 06:55 ],0,240
22016,2014-05-16,[ 06:56 ],0,239
22017,2014-05-16,[ 06:57 ],0,240
22018,2014-05-16,[ 06:58 ],0,253
22019,2014-05-16,[ 06:59 ],0,267
22020,2014-05-16,[ 07:00 ],0,299
22021,2014-05-16,[ 07:01 ],0,341
22022,2014-05-16,[ 07:02 ],0,334
22023,2014-05-16,[ 07:03 ],0,1966
22024,2014-05-16,[ 07:04 ],0,1975
22025,2014-05-16,[ 07:05 ],0,1976
22026,2014-05-16,[ 07:06 ],0,2232
22027,2014-05-16,[ 07:07 ],0,2232
22028,2014-05-16,[ 07:08 ],0,2832
22029,2014-05-16,[ 07:09 ],0,2753
22030,2014-05-16,[ 07:10 ],0,2814
22031,2014-05-16,[ 07:11 ],0,6828
22032,2014-05-16,[ 07:12 ],0,6970
22033,2014-05-16,[ 07:13 ],0,8423
22034,2014-05-16,[ 07:14 ],0,4501
22035,2014-05-16,[ 07:15 ],0,2874
22036,2014-05-16,[ 07:16 ],0,2675
22037,2014-05-16,[ 07:17 ],0,2953
22038,2014-05-16,[ 07:18 ],0,2786
22039,2014-05-16,[ 07:19 ],0,2874
22040,2014-05-16,[ 07:20 ],0,2729
22041,2014-05-16,[ 07:21 ],0,2490
22042,2014-05-16,[ 07:22 ],0,2512
22043,2014-05-16,[ 07:23 ],0,2786
22044,2014-05-16,[ 07:24 ],0,1119
22045,2014-05-16,[ 07:25 ],0,1412
22046,2014-05-16,[ 07:26 ],0,1236
22047,2014-05-16,[ 07:27 ],0,1278
22048,2014-05-16,[ 07:28 ],0,2832
22049,2014-05-16,[ 07:29 ],0,2818
22050,2014-05-16,[ 07:30 ],0,1257
22051,2014-05-16,[ 07:31 ],0,1214
22052,2014-05-16,[ 07:32 ],0,1406
22053,2014-05-16,[ 07:33 ],0,1331
22054,2014-05-16,[ 07:34 ],0,1423
22055,2014-05-16,[ 07:35 ],0,2797
22056,2014-05-16,[ 07:36 ],0,2774
22057,2014-05-16,[ 07:37 ],0,1315
22058,2014-05-16,[ 07:38 ],0,1305
22059,2014-05-16,[ 07:39 ],0,1327
22060,2014-05-16,[ 07:40 ],0,1327
22061,2014-05-16,[ 07:41 ],0,2796
22062,2014-05-16,[ 07:42 ],0,2674
22063,2014-05-16,[ 07:43 ],0,1316
22064,2014-05-16,[ 07:44 ],0,2668
22065,2014-05-16,[ 07:45 ],0,2832
22066,2014-05-16,[ 07:46 ],0,1434
22067,2014-05-16,[ 07:47 ],0,1237
22068,2014-05-16,[ 07:48 ],0,1287
22069,2014-05-16,[ 07:49 ],0,1375
22070,2014-05-16,[ 07:50 ],0,1240
22071,2014-05-16,[ 07:51 ],0,1313
22072,2014-05-16,[ 07:52 ],0,469
22073,2014-05-16,[ 07:53 ],0,1527
22074,2014-05-16,[ 07:54 ],0,1269
22075,2014-05-16,[ 07:55 ],0,1429
22076,2014-05-16,[ 07:56 ],0,1093
22077,2014-05-16,[ 07:57 ],0,1130
22078,2014-05-16,[ 07:58 ],0,932
22079,2014-05-16,[ 07:59 ],0,581
22080,2014-05-16,[ 08:00 ],0,767
22081,2014-05-16,[ 08:01 ],0,433
22082,2014-05-16,[ 08:02 ],0,849
22083,2014-05-16,[ 08:03 ],0,842
22084,2014-05-16,[ 08:04 ],0,971
22085,2014-05-16,[ 08:05 ],0,832
22086,2014-05-16,[ 08:06 ],0,669
22087,2014-05-16,[ 08:07 ],0,1040
22088,2014-05-16,[ 08:08 ],0,1370
22089,2014-05-16,[ 08:09 ],0,1211
22090,2014-05-16,[ 08:10 ],0,1764
22091,2014-05-16,[ 08:11 ],0,1859
22092,2014-05-16,[ 08:12 ],0,1840
22093,2014-05-16,[ 08:13 ],0,966
22094,2014-05-16,[ 08:14 ],0,478
22095,2014-05-16,[ 08:15 ],0,724
22096,2014-05-16,[ 08:16 ],0,717
22097,2014-05-16,[ 08:17 ],0,683
22098,2014-05-16,[ 08:18 ],0,698
22099,2014-05-16,[ 08:19 ],0,1072
22100,2014-05-16,[ 08:20 ],0,1215
22101,2014-05-16,[ 08:21 ],0,1320
22102,2014-05-16,[ 08:22 ],0,1744
22103,2014-05-16,[ 08:23 ],0,1772
22104,2014-05-16,[ 08:24 ],0,1727
22105,2014-05-16,[ 08:25 ],0,856
22106,2014-05-16,[ 08:26 ],0,766
22107,2014-05-16,[ 08:27 ],0,342
22108,2014-05-16,[ 08:28 ],0,978
22109,2014-05-16,[ 08:29 ],0,819
22110,2014-05-16,[ 08:30 ],0,647
22111,2014-05-16,[ 08:31 ],0,642
22112,2014-05-16,[ 08:32 ],0,635
22113,2014-05-16,[ 08:33 ],0,766
22114,2014-05-16,[ 08:34 ],0,812
22115,2014-05-16,[ 08:35 ],0,783
22116,2014-05-16,[ 08:36 ],0,777
22117,2014-05-16,[ 08:37 ],0,347
22118,2014-05-16,[ 08:38 ],0,610
22119,2014-05-16,[ 08:39 ],0,705
22120,2014-05-16,[ 08:40 ],0,416
22121,2014-05-16,[ 08:41 ],0,425
22122,2014-05-16,[ 08:42 ],0,407
22123,2014-05-16,[ 08:43 ],0,412
22124,2014-05-16,[ 08:44 ],0,406
22125,2014-05-16,[ 08:45 ],0,409
22126,2014-05-16,[ 08:46 ],0,410
22127,2014-05-16,[ 08:47 ],0,410
22128,2014-05-16,[ 08:48 ],0,415
22129,2014-05-16,[ 08:49 ],0,340
22130,2014-05-16,[ 08:50 ],0,339
22131,2014-05-16,[ 08:51 ],0,340
22132,2014-05-16,[ 08:52 ],0,336
22133,2014-05-16,[ 08:53 ],0,343
22134,2014-05-16,[ 08:54 ],0,345
22135,2014-05-16,[ 08:55 ],0,350
22136,2014-05-16,[ 08:56 ],0,345
22137,2014-05-16,[ 08:57 ],0,346
22138,2014-05-16,[ 08:58 ],0,410
22139,2014-05-16,[ 08:59 ],0,412
22140,2014-05-16,[ 09:00 ],0,407
22141,2014-05-16,[ 09:01 ],0,411
22142,2014-05-16,[ 09:02 ],0,415
22143,2014-05-16,[ 09:03 ],0,423
22144,2014-05-16,[ 09:04 ],0,421
22145,2014-05-16,[ 09:05 ],0,416
22146,2014-05-16,[ 09:06 ],0,418
22147,2014-05-16,[ 09:07 ],0,413
22148,2014-05-16,[ 09:08 ],0,423
22149,2014-05-16,[ 09:09 ],0,414
22150,2014-05-16,[ 09:10 ],0,409
22151,2014-05-16,[ 09:11 ],0,411
22152,2014-05-16,[ 09:12 ],0,407
22153,2014-05-16,[ 09:13 ],0,412
22154,2014-05-16,[ 09:14 ],0,411
22155,2014-05-16,[ 09:15 ],0,409
22156,2014-05-16,[ 09:16 ],0,407
22157,2014-05-16,[ 09:17 ],0,410
22158,2014-05-16,[ 09:18 ],0,416
22159,2014-05-16,[ 09:19 ],0,416
22160,2014-05-16,[ 09:20 ],0,414
22161,2014-05-16,[ 09:21 ],0,414
22162,2014-05-16,[ 09:22 ],0,404
22163,2014-05-16,[ 09:23 ],0,345
22164,2014-05-16,[ 09:24 ],0,345
22165,2014-05-16,[ 09:25 ],0,341
22166,2014-05-16,[ 09:26 ],0,341
22167,2014-05-16,[ 09:27 ],0,337
22168,2014-05-16,[ 09:28 ],0,340
22169,2014-05-16,[ 09:29 ],0,340
22170,2014-05-16,[ 09:30 ],0,344
22171,2014-05-16,[ 09:31 ],0,352
22172,2014-05-16,[ 09:32 ],0,647
22173,2014-05-16,[ 09:33 ],0,938
22174,2014-05-16,[ 09:34 ],0,960
22175,2014-05-16,[ 09:35 ],0,2466
22176,2014-05-16,[ 09:36 ],0,2645
22177,2014-05-16,[ 09:37 ],0,2645
22178,2014-05-16,[ 09:38 ],0,2510
22179,2014-05-16,[ 09:39 ],0,2492
22180,2014-05-16,[ 09:40 ],0,2557
22181,2014-05-16,[ 09:41 ],0,2514
22182,2014-05-16,[ 09:42 ],0,2476
22183,2014-05-16,[ 09:43 ],0,2318
22184,2014-05-16,[ 09:44 ],0,2464
22185,2014-05-16,[ 09:45 ],0,2484
22186,2014-05-16,[ 09:46 ],0,2570
22187,2014-05-16,[ 09:47 ],0,927
22188,2014-05-16,[ 09:48 ],0,930
22189,2014-05-16,[ 09:49 ],0,935
22190,2014-05-16,[ 09:50 ],0,954
22191,2014-05-16,[ 09:51 ],0,954
22192,2014-05-16,[ 09:52 ],0,2533
22193,2014-05-16,[ 09:53 ],0,2467
22194,2014-05-16,[ 09:54 ],0,914
22195,2014-05-16,[ 09:55 ],0,931
22196,2014-05-16,[ 09:56 ],0,916
22197,2014-05-16,[ 09:57 ],0,946
22198,2014-05-16,[ 09:58 ],0,2586
22199,2014-05-16,[ 09:59 ],0,2409
22200,2014-05-16,[ 10:00 ],0,1234
22201,2014-05-16,[ 10:01 ],0,928
22202,2014-05-16,[ 10:02 ],0,918
22203,2014-05-16,[ 10:03 ],0,1012
22204,2014-05-16,[ 10:04 ],0,2485
22205,2014-05-16,[ 10:05 ],0,1970
22206,2014-05-16,[ 10:06 ],0,957
22207,2014-05-16,[ 10:07 ],0,945
22208,2014-05-16,[ 10:08 ],0,948
22209,2014-05-16,[ 10:09 ],0,948
22210,2014-05-16,[ 10:10 ],0,980
22211,2014-05-16,[ 10:11 ],0,971
22212,2014-05-16,[ 10:12 ],0,962
22213,2014-05-16,[ 10:13 ],0,952
22214,2014-05-16,[ 10:14 ],0,936
22215,2014-05-16,[ 10:15 ],0,933
22216,2014-05-16,[ 10:16 ],0,946
22217,2014-05-16,[ 10:17 ],0,907
22218,2014-05-16,[ 10:18 ],0,944
22219,2014-05-16,[ 10:19 ],0,952
22220,2014-05-16,[ 10:20 ],0,928
22221,2014-05-16,[ 10:21 ],0,753
22222,2014-05-16,[ 10:22 ],0,703
22223,2014-05-16,[ 10:23 ],0,370
22224,2014-05-16,[ 10:24 ],0,743
22225,2014-05-16,[ 10:25 ],0,201
22226,2014-05-16,[ 10:26 ],0,607
22227,2014-05-16,[ 10:27 ],0,866
22228,2014-05-16,[ 10:28 ],0,615
22229,2014-05-16,[ 10:29 ],0,483
22230,2014-05-16,[ 10:30 ],0,713
22231,2014-05-16,[ 10:31 ],0,948
22232,2014-05-16,[ 10:32 ],0,962
22233,2014-05-16,[ 10:33 ],0,1523
22234,2014-05-16,[ 10:34 ],0,1523
22235,2014-05-16,[ 10:35 ],0,1653
22236,2014-05-16,[ 10:36 ],0,1032
22237,2014-05-16,[ 10:37 ],0,932
22238,2014-05-16,[ 10:38 ],0,932
22239,2014-05-16,[ 10:39 ],0,643
22240,2014-05-16,[ 10:40 ],0,610
22241,2014-05-16,[ 10:41 ],0,815
22242,2014-05-16,[ 10:42 ],0,968
22243,2014-05-16,[ 10:43 ],0,951
22244,2014-05-16,[ 10:44 ],0,1515
22245,2014-05-16,[ 10:45 ],0,1565
22246,2014-05-16,[ 10:46 ],0,972
22247,2014-05-16,[ 10:47 ],0,911
22248,2014-05-16,[ 10:48 ],0,700
22249,2014-05-16,[ 10:49 ],0,404
22250,2014-05-16,[ 10:50 ],0,505
22251,2014-05-16,[ 10:51 ],0,663
22252,2014-05-16,[ 10:52 ],0,508
22253,2014-05-16,[ 10:53 ],0,496
22254,2014-05-16,[ 10:54 ],0,495
22255,2014-05-16,[ 10:55 ],0,427
22256,2014-05-16,[ 10:56 ],0,682
22257,2014-05-16,[ 10:57 ],0,703
22258,2014-05-16,[ 10:58 ],0,657
22259,2014-05-16,[ 10:59 ],0,654
22260,2014-05-16,[ 11:00 ],0,503
22261,2014-05-16,[ 11:01 ],0,447
22262,2014-05-16,[ 11:02 ],0,186
22263,2014-05-16,[ 11:03 ],0,185
22264,2014-05-16,[ 11:04 ],0,187
22265,2014-05-16,[ 11:05 ],0,185
22266,2014-05-16,[ 11:06 ],0,183
22267,2014-05-16,[ 11:07 ],0,184
22268,2014-05-16,[ 11:08 ],0,184
22269,2014-05-16,[ 11:09 ],0,183
22270,2014-05-16,[ 11:10 ],0,186
22271,2014-05-16,[ 11:11 ],0,184
22272,2014-05-16,[ 11:12 ],0,185
22273,2014-05-16,[ 11:13 ],0,184
22274,2014-05-16,[ 11:14 ],0,185
22275,2014-05-16,[ 11:15 ],0,185
22276,2014-05-16,[ 11:16 ],0,185
22277,2014-05-16,[ 11:17 ],0,182
22278,2014-05-16,[ 11:18 ],0,185
22279,2014-05-16,[ 11:19 ],0,404
22280,2014-05-16,[ 11:20 ],0,407
22281,2014-05-16,[ 11:21 ],0,406
22282,2014-05-16,[ 11:22 ],0,407
22283,2014-05-16,[ 11:23 ],0,405
22284,2014-05-16,[ 11:24 ],0,409
22285,2014-05-16,[ 11:25 ],0,405
22286,2014-05-16,[ 11:26 ],0,406
22287,2014-05-16,[ 11:27 ],0,406
22288,2014-05-16,[ 11:28 ],0,407
22289,2014-05-16,[ 11:29 ],0,407
22290,2014-05-16,[ 11:30 ],0,404
22291,2014-05-16,[ 11:31 ],0,184
22292,2014-05-16,[ 11:32 ],0,185
22293,2014-05-16,[ 11:33 ],0,185
22294,2014-05-16,[ 11:34 ],0,183
22295,2014-05-16,[ 11:35 ],0,184
22296,2014-05-16,[ 11:36 ],0,185
22297,2014-05-16,[ 11:37 ],0,184
22298,2014-05-16,[ 11:38 ],0,183
22299,2014-05-16,[ 11:39 ],0,184
22300,2014-05-16,[ 11:40 ],0,185
22301,2014-05-16,[ 11:41 ],0,184
22302,2014-05-16,[ 11:42 ],0,185
22303,2014-05-16,[ 11:43 ],0,184
22304,2014-05-16,[ 11:44 ],0,312
22305,2014-05-16,[ 11:45 ],0,277
22306,2014-05-16,[ 11:46 ],0,266
22307,2014-05-16,[ 11:47 ],0,274
22308,2014-05-16,[ 11:48 ],0,273
22309,2014-05-16,[ 11:49 ],0,274
22310,2014-05-16,[ 11:50 ],0,275
22311,2014-05-16,[ 11:51 ],0,273
22312,2014-05-16,[ 11:52 ],0,270
22313,2014-05-16,[ 11:53 ],0,267
22314,2014-05-16,[ 11:54 ],0,264
22315,2014-05-16,[ 11:55 ],0,264
22316,2014-05-16,[ 11:56 ],0,261
22317,2014-05-16,[ 11:57 ],0,258
22318,2014-05-16,[ 11:58 ],0,257
22319,2014-05-16,[ 11:59 ],0,257
22320,2014-05-16,[ 12:00 ],0,259
22321,2014-05-16,[ 12:01 ],0,264
22322,2014-05-16,[ 12:02 ],0,266
22323,2014-05-16,[ 12:03 ],0,265
22324,2014-05-16,[ 12:04 ],0,264
22325,2014-05-16,[ 12:05 ],0,260
22326,2014-05-16,[ 12:06 ],0,260
22327,2014-05-16,[ 12:07 ],0,259
22328,2014-05-16,[ 12:08 ],0,259
22329,2014-05-16,[ 12:09 ],0,259
22330,2014-05-16,[ 12:10 ],0,254
22331,2014-05-16,[ 12:11 ],0,256
22332,2014-05-16,[ 12:12 ],0,256
22333,2014-05-16,[ 12:13 ],0,254
22334,2014-05-16,[ 12:14 ],0,256
22335,2014-05-16,[ 12:15 ],0,257
22336,2014-05-16,[ 12:16 ],0,257
22337,2014-05-16,[ 12:17 ],0,258
22338,2014-05-16,[ 12:18 ],0,259
22339,2014-05-16,[ 12:19 ],0,259
22340,2014-05-16,[ 12:20 ],0,256
22341,2014-05-16,[ 12:21 ],0,256
22342,2014-05-16,[ 12:22 ],0,252
22343,2014-05-16,[ 12:23 ],0,253
22344,2014-05-16,[ 12:24 ],0,250
22345,2014-05-16,[ 12:25 ],0,251
22346,2014-05-16,[ 12:26 ],0,379
22347,2014-05-16,[ 12:27 ],0,336
22348,2014-05-16,[ 12:28 ],0,370
22349,2014-05-16,[ 12:29 ],0,319
22350,2014-05-16,[ 12:30 ],0,332
22351,2014-05-16,[ 12:31 ],0,337
22352,2014-05-16,[ 12:32 ],0,337
22353,2014-05-16,[ 12:33 ],0,330
22354,2014-05-16,[ 12:34 ],0,270
22355,2014-05-16,[ 12:35 ],0,261
22356,2014-05-16,[ 12:36 ],0,258
22357,2014-05-16,[ 12:37 ],0,265
22358,2014-05-16,[ 12:38 ],0,265
22359,2014-05-16,[ 12:39 ],0,257
22360,2014-05-16,[ 12:40 ],0,257
22361,2014-05-16,[ 12:41 ],0,258
22362,2014-05-16,[ 12:42 ],0,275
22363,2014-05-16,[ 12:43 ],0,342
22364,2014-05-16,[ 12:44 ],0,337
22365,2014-05-16,[ 12:45 ],0,332
22366,2014-05-16,[ 12:46 ],0,340
22367,2014-05-16,[ 12:47 ],0,343
22368,2014-05-16,[ 12:48 ],0,336
22369,2014-05-16,[ 12:49 ],0,339
22370,2014-05-16,[ 12:50 ],0,334
22371,2014-05-16,[ 12:51 ],0,336
22372,2014-05-16,[ 12:52 ],0,339
22373,2014-05-16,[ 12:53 ],0,337
22374,2014-05-16,[ 12:54 ],0,333
22375,2014-05-16,[ 12:55 ],0,336
22376,2014-05-16,[ 12:56 ],0,334
22377,2014-05-16,[ 12:57 ],0,336
22378,2014-05-16,[ 12:58 ],0,335
22379,2014-05-16,[ 12:59 ],0,335
22380,2014-05-16,[ 13:00 ],0,334
22381,2014-05-16,[ 13:01 ],0,343
22382,2014-05-16,[ 13:02 ],0,345
22383,2014-05-16,[ 13:03 ],0,343
22384,2014-05-16,[ 13:04 ],0,344
22385,2014-05-16,[ 13:05 ],0,340
22386,2014-05-16,[ 13:06 ],0,340
22387,2014-05-16,[ 13:07 ],0,342
22388,2014-05-16,[ 13:08 ],0,344
22389,2014-05-16,[ 13:09 ],0,331
22390,2014-05-16,[ 13:10 ],0,339
22391,2014-05-16,[ 13:11 ],0,335
22392,2014-05-16,[ 13:12 ],0,335
22393,2014-05-16,[ 13:13 ],0,332
22394,2014-05-16,[ 13:14 ],0,341
22395,2014-05-16,[ 13:15 ],0,340
22396,2014-05-16,[ 13:16 ],0,336
22397,2014-05-16,[ 13:17 ],0,328
22398,2014-05-16,[ 13:18 ],0,310
22399,2014-05-16,[ 13:19 ],0,336
22400,2014-05-16,[ 13:20 ],0,327
22401,2014-05-16,[ 13:21 ],0,335
22402,2014-05-16,[ 13:22 ],0,321
22403,2014-05-16,[ 13:23 ],0,272
22404,2014-05-16,[ 13:24 ],0,336
22405,2014-05-16,[ 13:25 ],0,363
22406,2014-05-16,[ 13:26 ],0,334
22407,2014-05-16,[ 13:27 ],0,416
22408,2014-05-16,[ 13:28 ],0,409
22409,2014-05-16,[ 13:29 ],0,430
22410,2014-05-16,[ 13:30 ],0,406
22411,2014-05-16,[ 13:31 ],0,409
22412,2014-05-16,[ 13:32 ],0,410
22413,2014-05-16,[ 13:33 ],0,413
22414,2014-05-16,[ 13:34 ],0,412
22415,2014-05-16,[ 13:35 ],0,413
22416,2014-05-16,[ 13:36 ],0,418
22417,2014-05-16,[ 13:37 ],0,402
22418,2014-05-16,[ 13:38 ],0,402
22419,2014-05-16,[ 13:39 ],0,402
22420,2014-05-16,[ 13:40 ],0,321
22421,2014-05-16,[ 13:41 ],0,322
22422,2014-05-16,[ 13:42 ],0,322
22423,2014-05-16,[ 13:43 ],0,322
22424,2014-05-16,[ 13:44 ],0,324
22425,2014-05-16,[ 13:45 ],0,324
22426,2014-05-16,[ 13:46 ],0,328
22427,2014-05-16,[ 13:47 ],0,326
22428,2014-05-16,[ 13:48 ],0,330
22429,2014-05-16,[ 13:49 ],0,328
22430,2014-05-16,[ 13:50 ],0,324
22431,2014-05-16,[ 13:51 ],0,321
22432,2014-05-16,[ 13:52 ],0,321
22433,2014-05-16,[ 13:53 ],0,321
22434,2014-05-16,[ 13:54 ],0,383
22435,2014-05-16,[ 13:55 ],0,401
22436,2014-05-16,[ 13:56 ],0,398
22437,2014-05-16,[ 13:57 ],0,331
22438,2014-05-16,[ 13:58 ],0,260
22439,2014-05-16,[ 13:59 ],0,265
22440,2014-05-16,[ 14:00 ],0,265
22441,2014-05-16,[ 14:01 ],0,260
22442,2014-05-16,[ 14:02 ],0,257
22443,2014-05-16,[ 14:03 ],0,258
22444,2014-05-16,[ 14:04 ],0,259
22445,2014-05-16,[ 14:05 ],0,258
22446,2014-05-16,[ 14:06 ],0,258
22447,2014-05-16,[ 14:07 ],0,257
22448,2014-05-16,[ 14:08 ],0,258
22449,2014-05-16,[ 14:09 ],0,2710
22450,2014-05-16,[ 14:10 ],0,2604
22451,2014-05-16,[ 14:11 ],0,352
22452,2014-05-16,[ 14:12 ],0,342
22453,2014-05-16,[ 14:13 ],0,344
22454,2014-05-16,[ 14:14 ],0,337
22455,2014-05-16,[ 14:15 ],0,334
22456,2014-05-16,[ 14:16 ],0,337
22457,2014-05-16,[ 14:17 ],0,336
22458,2014-05-16,[ 14:18 ],0,333
22459,2014-05-16,[ 14:19 ],0,339
22460,2014-05-16,[ 14:20 ],0,339
22461,2014-05-16,[ 14:21 ],0,336
22462,2014-05-16,[ 14:22 ],0,336
22463,2014-05-16,[ 14:23 ],0,344
22464,2014-05-16,[ 14:24 ],0,328
22465,2014-05-16,[ 14:25 ],0,334
22466,2014-05-16,[ 14:26 ],0,330
22467,2014-05-16,[ 14:27 ],0,327
22468,2014-05-16,[ 14:28 ],0,353
22469,2014-05-16,[ 14:29 ],0,353
22470,2014-05-16,[ 14:30 ],0,335
22471,2014-05-16,[ 14:31 ],0,331
22472,2014-05-16,[ 14:32 ],0,334
22473,2014-05-16,[ 14:33 ],0,332
22474,2014-05-16,[ 14:34 ],0,333
22475,2014-05-16,[ 14:35 ],0,332
22476,2014-05-16,[ 14:36 ],0,333
22477,2014-05-16,[ 14:37 ],0,336
22478,2014-05-16,[ 14:38 ],0,328
22479,2014-05-16,[ 14:39 ],0,331
22480,2014-05-16,[ 14:40 ],0,335
22481,2014-05-16,[ 14:41 ],0,336
22482,2014-05-16,[ 14:42 ],0,907
22483,2014-05-16,[ 14:43 ],0,413
22484,2014-05-16,[ 14:44 ],0,409
22485,2014-05-16,[ 14:45 ],0,409
22486,2014-05-16,[ 14:46 ],0,406
22487,2014-05-16,[ 14:47 ],0,402
22488,2014-05-16,[ 14:48 ],0,404
22489,2014-05-16,[ 14:49 ],0,411
22490,2014-05-16,[ 14:50 ],0,412
22491,2014-05-16,[ 14:51 ],0,412
22492,2014-05-16,[ 14:52 ],0,420
22493,2014-05-16,[ 14:53 ],0,411
22494,2014-05-16,[ 14:54 ],0,418
22495,2014-05-16,[ 14:55 ],0,418
22496,2014-05-16,[ 14:56 ],0,404
22497,2014-05-16,[ 14:57 ],0,409
22498,2014-05-16,[ 14:58 ],0,402
22499,2014-05-16,[ 14:59 ],0,399
22500,2014-05-16,[ 15:00 ],0,405
22501,2014-05-16,[ 15:01 ],0,403
22502,2014-05-16,[ 15:02 ],0,403
22503,2014-05-16,[ 15:03 ],0,402
22504,2014-05-16,[ 15:04 ],0,410
22505,2014-05-16,[ 15:05 ],0,410
22506,2014-05-16,[ 15:06 ],0,404
22507,2014-05-16,[ 15:07 ],0,406
22508,2014-05-16,[ 15:08 ],0,404
22509,2014-05-16,[ 15:09 ],0,405
22510,2014-05-16,[ 15:10 ],0,401
22511,2014-05-16,[ 15:11 ],0,398
22512,2014-05-16,[ 15:12 ],0,399
22513,2014-05-16,[ 15:13 ],0,387
22514,2014-05-16,[ 15:14 ],0,326
22515,2014-05-16,[ 15:15 ],0,328
22516,2014-05-16,[ 15:16 ],0,331
22517,2014-05-16,[ 15:17 ],0,326
22518,2014-05-16,[ 15:18 ],0,331
22519,2014-05-16,[ 15:19 ],0,327
22520,2014-05-16,[ 15:20 ],0,331
22521,2014-05-16,[ 15:21 ],0,328
22522,2014-05-16,[ 15:22 ],0,336
22523,2014-05-16,[ 15:23 ],0,262
22524,2014-05-16,[ 15:24 ],0,261
22525,2014-05-16,[ 15:25 ],0,259
22526,2014-05-16,[ 15:26 ],0,331
22527,2014-05-16,[ 15:27 ],0,331
22528,2014-05-16,[ 15:28 ],0,334
22529,2014-05-16,[ 15:29 ],0,341
22530,2014-05-16,[ 15:30 ],0,332
22531,2014-05-16,[ 15:31 ],0,332
22532,2014-05-16,[ 15:32 ],0,342
22533,2014-05-16,[ 15:33 ],0,334
22534,2014-05-16,[ 15:34 ],0,334
22535,2014-05-16,[ 15:35 ],0,331
22536,2014-05-16,[ 15:36 ],0,332
22537,2014-05-16,[ 15:37 ],0,344
22538,2014-05-16,[ 15:38 ],0,345
22539,2014-05-16,[ 15:39 ],0,337
22540,2014-05-16,[ 15:40 ],0,336
22541,2014-05-16,[ 15:41 ],0,336
22542,2014-05-16,[ 15:42 ],0,333
22543,2014-05-16,[ 15:43 ],0,336
22544,2014-05-16,[ 15:44 ],0,337
22545,2014-05-16,[ 15:45 ],0,342
22546,2014-05-16,[ 15:46 ],0,334
22547,2014-05-16,[ 15:47 ],0,334
22548,2014-05-16,[ 15:48 ],0,330
22549,2014-05-16,[ 15:49 ],0,330
22550,2014-05-16,[ 15:50 ],0,334
22551,2014-05-16,[ 15:51 ],0,333
22552,2014-05-16,[ 15:52 ],0,328
22553,2014-05-16,[ 15:53 ],0,1303
22554,2014-05-16,[ 15:54 ],0,412
22555,2014-05-16,[ 15:55 ],0,411
22556,2014-05-16,[ 15:56 ],0,404
22557,2014-05-16,[ 15:57 ],0,407
22558,2014-05-16,[ 15:58 ],0,403
22559,2014-05-16,[ 15:59 ],0,401
22560,2014-05-16,[ 16:00 ],0,403
22561,2014-05-16,[ 16:01 ],0,401
22562,2014-05-16,[ 16:02 ],0,399
22563,2014-05-16,[ 16:03 ],0,401
22564,2014-05-16,[ 16:04 ],0,334
22565,2014-05-16,[ 16:05 ],0,331
22566,2014-05-16,[ 16:06 ],0,334
22567,2014-05-16,[ 16:07 ],0,327
22568,2014-05-16,[ 16:08 ],0,330
22569,2014-05-16,[ 16:09 ],0,339
22570,2014-05-16,[ 16:10 ],0,339
22571,2014-05-16,[ 16:11 ],0,333
22572,2014-05-16,[ 16:12 ],0,336
22573,2014-05-16,[ 16:13 ],0,331
22574,2014-05-16,[ 16:14 ],0,328
22575,2014-05-16,[ 16:15 ],0,333
22576,2014-05-16,[ 16:16 ],0,341
22577,2014-05-16,[ 16:17 ],0,341
22578,2014-05-16,[ 16:18 ],0,335
22579,2014-05-16,[ 16:19 ],0,335
22580,2014-05-16,[ 16:20 ],0,336
22581,2014-05-16,[ 16:21 ],0,334
22582,2014-05-16,[ 16:22 ],0,929
22583,2014-05-16,[ 16:23 ],0,406
22584,2014-05-16,[ 16:24 ],0,401
22585,2014-05-16,[ 16:25 ],0,402
22586,2014-05-16,[ 16:26 ],0,405
22587,2014-05-16,[ 16:27 ],0,406
22588,2014-05-16,[ 16:28 ],0,414
22589,2014-05-16,[ 16:29 ],0,422
22590,2014-05-16,[ 16:30 ],0,404
22591,2014-05-16,[ 16:31 ],0,409
22592,2014-05-16,[ 16:32 ],0,404
22593,2014-05-16,[ 16:33 ],0,404
22594,2014-05-16,[ 16:34 ],0,407
22595,2014-05-16,[ 16:35 ],0,404
22596,2014-05-16,[ 16:36 ],0,403
22597,2014-05-16,[ 16:37 ],0,402
22598,2014-05-16,[ 16:38 ],0,405
22599,2014-05-16,[ 16:39 ],0,407
22600,2014-05-16,[ 16:40 ],0,407
22601,2014-05-16,[ 16:41 ],0,371
22602,2014-05-16,[ 16:42 ],0,371
22603,2014-05-16,[ 16:43 ],0,371
22604,2014-05-16,[ 16:44 ],0,369
22605,2014-05-16,[ 16:45 ],0,366
22606,2014-05-16,[ 16:46 ],0,365
22607,2014-05-16,[ 16:47 ],0,363
22608,2014-05-16,[ 16:48 ],0,361
22609,2014-05-16,[ 16:49 ],0,305
22610,2014-05-16,[ 16:50 ],0,306
22611,2014-05-16,[ 16:51 ],0,302
22612,2014-05-16,[ 16:52 ],0,334
22613,2014-05-16,[ 16:53 ],0,336
22614,2014-05-16,[ 16:54 ],0,341
22615,2014-05-16,[ 16:55 ],0,331
22616,2014-05-16,[ 16:56 ],0,305
22617,2014-05-16,[ 16:57 ],0,306
22618,2014-05-16,[ 16:58 ],0,320
22619,2014-05-16,[ 16:59 ],0,312
22620,2014-05-16,[ 17:00 ],0,304
22621,2014-05-16,[ 17:01 ],0,301
22622,2014-05-16,[ 17:02 ],0,302
22623,2014-05-16,[ 17:03 ],0,334
22624,2014-05-16,[ 17:04 ],0,331
22625,2014-05-16,[ 17:05 ],0,342
22626,2014-05-16,[ 17:06 ],0,327
22627,2014-05-16,[ 17:07 ],0,298
22628,2014-05-16,[ 17:08 ],0,231
22629,2014-05-16,[ 17:09 ],0,232
22630,2014-05-16,[ 17:10 ],0,232
22631,2014-05-16,[ 17:11 ],0,289
22632,2014-05-16,[ 17:12 ],0,284
22633,2014-05-16,[ 17:13 ],0,273
22634,2014-05-16,[ 17:14 ],0,269
22635,2014-05-16,[ 17:15 ],0,299
22636,2014-05-16,[ 17:16 ],0,2648
22637,2014-05-16,[ 17:17 ],0,2625
22638,2014-05-16,[ 17:18 ],0,2637
22639,2014-05-16,[ 17:19 ],0,269
22640,2014-05-16,[ 17:20 ],0,281
22641,2014-05-16,[ 17:21 ],0,276
22642,2014-05-16,[ 17:22 ],0,257
22643,2014-05-16,[ 17:23 ],0,272
22644,2014-05-16,[ 17:24 ],0,272
22645,2014-05-16,[ 17:25 ],0,258
22646,2014-05-16,[ 17:26 ],0,256
22647,2014-05-16,[ 17:27 ],0,257
22648,2014-05-16,[ 17:28 ],0,257
22649,2014-05-16,[ 17:29 ],0,254
22650,2014-05-16,[ 17:30 ],0,254
22651,2014-05-16,[ 17:31 ],0,251
22652,2014-05-16,[ 17:32 ],0,336
22653,2014-05-16,[ 17:33 ],0,336
22654,2014-05-16,[ 17:34 ],0,330
22655,2014-05-16,[ 17:35 ],0,330
22656,2014-05-16,[ 17:36 ],0,342
22657,2014-05-16,[ 17:37 ],0,342
22658,2014-05-16,[ 17:38 ],0,326
22659,2014-05-16,[ 17:39 ],0,327
22660,2014-05-16,[ 17:40 ],0,327
22661,2014-05-16,[ 17:41 ],0,326
22662,2014-05-16,[ 17:42 ],0,323
22663,2014-05-16,[ 17:43 ],0,331
22664,2014-05-16,[ 17:44 ],0,331
22665,2014-05-16,[ 17:45 ],0,333
22666,2014-05-16,[ 17:46 ],0,332
22667,2014-05-16,[ 17:47 ],0,332
22668,2014-05-16,[ 17:48 ],0,333
22669,2014-05-16,[ 17:49 ],0,334
22670,2014-05-16,[ 17:50 ],0,328
22671,2014-05-16,[ 17:51 ],0,332
22672,2014-05-16,[ 17:52 ],0,331
22673,2014-05-16,[ 17:53 ],0,328
22674,2014-05-16,[ 17:54 ],0,330
22675,2014-05-16,[ 17:55 ],0,330
22676,2014-05-16,[ 17:56 ],0,328
22677,2014-05-16,[ 17:57 ],0,343
22678,2014-05-16,[ 17:58 ],0,1978
22679,2014-05-16,[ 17:59 ],0,1978
22680,2014-05-16,[ 18:00 ],0,332
22681,2014-05-16,[ 18:01 ],0,332
22682,2014-05-16,[ 18:02 ],0,331
22683,2014-05-16,[ 18:03 ],0,297
22684,2014-05-16,[ 18:04 ],0,232
22685,2014-05-16,[ 18:05 ],0,240
22686,2014-05-16,[ 18:06 ],0,240
22687,2014-05-16,[ 18:07 ],0,228
22688,2014-05-16,[ 18:08 ],0,229
22689,2014-05-16,[ 18:09 ],0,256
22690,2014-05-16,[ 18:10 ],0,270
22691,2014-05-16,[ 18:11 ],0,258
22692,2014-05-16,[ 18:12 ],0,232
22693,2014-05-16,[ 18:13 ],0,227
22694,2014-05-16,[ 18:14 ],0,228
22695,2014-05-16,[ 18:15 ],0,229
22696,2014-05-16,[ 18:16 ],0,301
22697,2014-05-16,[ 18:17 ],0,301
22698,2014-05-16,[ 18:18 ],0,304
22699,2014-05-16,[ 18:19 ],0,304
22700,2014-05-16,[ 18:20 ],0,300
22701,2014-05-16,[ 18:21 ],0,299
22702,2014-05-16,[ 18:22 ],0,300
22703,2014-05-16,[ 18:23 ],0,508
22704,2014-05-16,[ 18:24 ],0,545
22705,2014-05-16,[ 18:25 ],0,557
22706,2014-05-16,[ 18:26 ],0,557
22707,2014-05-16,[ 18:27 ],0,551
22708,2014-05-16,[ 18:28 ],0,561
22709,2014-05-16,[ 18:29 ],0,557
22710,2014-05-16,[ 18:30 ],0,551
22711,2014-05-16,[ 18:31 ],0,544
22712,2014-05-16,[ 18:32 ],0,515
22713,2014-05-16,[ 18:33 ],0,473
22714,2014-05-16,[ 18:34 ],0,468
22715,2014-05-16,[ 18:35 ],0,464
22716,2014-05-16,[ 18:36 ],0,470
22717,2014-05-16,[ 18:37 ],0,552
22718,2014-05-16,[ 18:38 ],0,545
22719,2014-05-16,[ 18:39 ],0,539
22720,2014-05-16,[ 18:40 ],0,543
22721,2014-05-16,[ 18:41 ],0,531
22722,2014-05-16,[ 18:42 ],0,540
22723,2014-05-16,[ 18:43 ],0,535
22724,2014-05-16,[ 18:44 ],0,532
22725,2014-05-16,[ 18:45 ],0,514
22726,2014-05-16,[ 18:46 ],0,511
22727,2014-05-16,[ 18:47 ],0,533
22728,2014-05-16,[ 18:48 ],0,546
22729,2014-05-16,[ 18:49 ],0,541
22730,2014-05-16,[ 18:50 ],0,543
22731,2014-05-16,[ 18:51 ],0,543
22732,2014-05-16,[ 18:52 ],0,544
22733,2014-05-16,[ 18:53 ],0,523
22734,2014-05-16,[ 18:54 ],0,532
22735,2014-05-16,[ 18:55 ],0,523
22736,2014-05-16,[ 18:56 ],0,533
22737,2014-05-16,[ 18:57 ],0,531
22738,2014-05-16,[ 18:58 ],0,531
22739,2014-05-16,[ 18:59 ],0,525
22740,2014-05-16,[ 19:00 ],0,528
22741,2014-05-16,[ 19:01 ],0,532
22742,2014-05-16,[ 19:02 ],0,530
22743,2014-05-16,[ 19:03 ],0,537
22744,2014-05-16,[ 19:04 ],0,538
22745,2014-05-16,[ 19:05 ],0,531
22746,2014-05-16,[ 19:06 ],0,533
22747,2014-05-16,[ 19:07 ],0,515
22748,2014-05-16,[ 19:08 ],0,518
22749,2014-05-16,[ 19:09 ],0,508
22750,2014-05-16,[ 19:10 ],0,518
22751,2014-05-16,[ 19:11 ],0,519
22752,2014-05-16,[ 19:12 ],0,503
22753,2014-05-16,[ 19:13 ],0,505
22754,2014-05-16,[ 19:14 ],0,577
22755,2014-05-16,[ 19:15 ],0,581
22756,2014-05-16,[ 19:16 ],0,576
22757,2014-05-16,[ 19:17 ],0,575
22758,2014-05-16,[ 19:18 ],0,570
22759,2014-05-16,[ 19:19 ],0,566
22760,2014-05-16,[ 19:20 ],0,574
22761,2014-05-16,[ 19:21 ],0,649
22762,2014-05-16,[ 19:22 ],0,657
22763,2014-05-16,[ 19:23 ],0,662
22764,2014-05-16,[ 19:24 ],0,648
22765,2014-05-16,[ 19:25 ],0,654
22766,2014-05-16,[ 19:26 ],0,650
22767,2014-05-16,[ 19:27 ],0,655
22768,2014-05-16,[ 19:28 ],0,643
22769,2014-05-16,[ 19:29 ],0,637
22770,2014-05-16,[ 19:30 ],0,636
22771,2014-05-16,[ 19:31 ],0,644
22772,2014-05-16,[ 19:32 ],0,650
22773,2014-05-16,[ 19:33 ],0,667
22774,2014-05-16,[ 19:34 ],0,657
22775,2014-05-16,[ 19:35 ],0,653
22776,2014-05-16,[ 19:36 ],0,633
22777,2014-05-16,[ 19:37 ],0,642
22778,2014-05-16,[ 19:38 ],0,669
22779,2014-05-16,[ 19:39 ],0,2319
22780,2014-05-16,[ 19:40 ],0,654
22781,2014-05-16,[ 19:41 ],0,638
22782,2014-05-16,[ 19:42 ],0,621
22783,2014-05-16,[ 19:43 ],0,564
22784,2014-05-16,[ 19:44 ],0,561
22785,2014-05-16,[ 19:45 ],0,553
22786,2014-05-16,[ 19:46 ],0,553
22787,2014-05-16,[ 19:47 ],0,554
22788,2014-05-16,[ 19:48 ],0,561
22789,2014-05-16,[ 19:49 ],0,543
22790,2014-05-16,[ 19:50 ],0,548
22791,2014-05-16,[ 19:51 ],0,542
22792,2014-05-16,[ 19:52 ],0,539
22793,2014-05-16,[ 19:53 ],0,532
22794,2014-05-16,[ 19:54 ],0,538
22795,2014-05-16,[ 19:55 ],0,538
22796,2014-05-16,[ 19:56 ],0,538
22797,2014-05-16,[ 19:57 ],0,538
22798,2014-05-16,[ 19:58 ],0,551
22799,2014-05-16,[ 19:59 ],0,551
22800,2014-05-16,[ 20:00 ],0,546
22801,2014-05-16,[ 20:01 ],0,535
22802,2014-05-16,[ 20:02 ],0,534
22803,2014-05-16,[ 20:03 ],0,542
22804,2014-05-16,[ 20:04 ],0,532
22805,2014-05-16,[ 20:05 ],0,532
22806,2014-05-16,[ 20:06 ],0,533
22807,2014-05-16,[ 20:07 ],0,526
22808,2014-05-16,[ 20:08 ],0,541
22809,2014-05-16,[ 20:09 ],0,531
22810,2014-05-16,[ 20:10 ],0,540
22811,2014-05-16,[ 20:11 ],0,562
22812,2014-05-16,[ 20:12 ],0,562
22813,2014-05-16,[ 20:13 ],0,532
22814,2014-05-16,[ 20:14 ],0,530
22815,2014-05-16,[ 20:15 ],0,542
22816,2014-05-16,[ 20:16 ],0,535
22817,2014-05-16,[ 20:17 ],0,534
22818,2014-05-16,[ 20:18 ],0,539
22819,2014-05-16,[ 20:19 ],0,542
22820,2014-05-16,[ 20:20 ],0,540
22821,2014-05-16,[ 20:21 ],0,538
22822,2014-05-16,[ 20:22 ],0,538
22823,2014-05-16,[ 20:23 ],0,529
22824,2014-05-16,[ 20:24 ],0,535
22825,2014-05-16,[ 20:25 ],0,531
22826,2014-05-16,[ 20:26 ],0,541
22827,2014-05-16,[ 20:27 ],0,541
22828,2014-05-16,[ 20:28 ],0,621
22829,2014-05-16,[ 20:29 ],0,620
22830,2014-05-16,[ 20:30 ],0,612
22831,2014-05-16,[ 20:31 ],0,605
22832,2014-05-16,[ 20:32 ],0,616
22833,2014-05-16,[ 20:33 ],0,631
22834,2014-05-16,[ 20:34 ],0,610
22835,2014-05-16,[ 20:35 ],0,607
22836,2014-05-16,[ 20:36 ],0,605
22837,2014-05-16,[ 20:37 ],0,610
22838,2014-05-16,[ 20:38 ],0,609
22839,2014-05-16,[ 20:39 ],0,623
22840,2014-05-16,[ 20:40 ],0,619
22841,2014-05-16,[ 20:41 ],0,619
22842,2014-05-16,[ 20:42 ],0,614
22843,2014-05-16,[ 20:43 ],0,612
22844,2014-05-16,[ 20:44 ],0,620
22845,2014-05-16,[ 20:45 ],0,607
22846,2014-05-16,[ 20:46 ],0,609
22847,2014-05-16,[ 20:47 ],0,602
22848,2014-05-16,[ 20:48 ],0,599
22849,2014-05-16,[ 20:49 ],0,406
22850,2014-05-16,[ 20:50 ],0,399
22851,2014-05-16,[ 20:51 ],0,393
22852,2014-05-16,[ 20:52 ],0,393
22853,2014-05-16,[ 20:53 ],0,407
22854,2014-05-16,[ 20:54 ],0,393
22855,2014-05-16,[ 20:55 ],0,374
22856,2014-05-16,[ 20:56 ],0,368
22857,2014-05-16,[ 20:57 ],0,357
22858,2014-05-16,[ 20:58 ],0,318
22859,2014-05-16,[ 20:59 ],0,319
22860,2014-05-16,[ 21:00 ],0,319
22861,2014-05-16,[ 21:01 ],0,317
22862,2014-05-16,[ 21:02 ],0,320
22863,2014-05-16,[ 21:03 ],0,310
22864,2014-05-16,[ 21:04 ],0,311
22865,2014-05-16,[ 21:05 ],0,311
22866,2014-05-16,[ 21:06 ],0,304
22867,2014-05-16,[ 21:07 ],0,311
22868,2014-05-16,[ 21:08 ],0,318
22869,2014-05-16,[ 21:09 ],0,312
22870,2014-05-16,[ 21:10 ],0,313
22871,2014-05-16,[ 21:11 ],0,307
22872,2014-05-16,[ 21:12 ],0,309
22873,2014-05-16,[ 21:13 ],0,310
22874,2014-05-16,[ 21:14 ],0,304
22875,2014-05-16,[ 21:15 ],0,319
22876,2014-05-16,[ 21:16 ],0,313
22877,2014-05-16,[ 21:17 ],0,305
22878,2014-05-16,[ 21:18 ],0,319
22879,2014-05-16,[ 21:19 ],0,309
22880,2014-05-16,[ 21:20 ],0,310
22881,2014-05-16,[ 21:21 ],0,312
22882,2014-05-16,[ 21:22 ],0,306
22883,2014-05-16,[ 21:23 ],0,307
22884,2014-05-16,[ 21:24 ],0,317
22885,2014-05-16,[ 21:25 ],0,307
22886,2014-05-16,[ 21:26 ],0,308
22887,2014-05-16,[ 21:27 ],0,381
22888,2014-05-16,[ 21:28 ],0,383
22889,2014-05-16,[ 21:29 ],0,376
22890,2014-05-16,[ 21:30 ],0,378
22891,2014-05-16,[ 21:31 ],0,371
22892,2014-05-16,[ 21:32 ],0,369
22893,2014-05-16,[ 21:33 ],0,448
22894,2014-05-16,[ 21:34 ],0,449
22895,2014-05-16,[ 21:35 ],0,444
22896,2014-05-16,[ 21:36 ],0,446
22897,2014-05-16,[ 21:37 ],0,444
22898,2014-05-16,[ 21:38 ],0,437
22899,2014-05-16,[ 21:39 ],0,437
22900,2014-05-16,[ 21:40 ],0,438
22901,2014-05-16,[ 21:41 ],0,434
22902,2014-05-16,[ 21:42 ],0,438
22903,2014-05-16,[ 21:43 ],0,438
22904,2014-05-16,[ 21:44 ],0,430
22905,2014-05-16,[ 21:45 ],0,380
22906,2014-05-16,[ 21:46 ],0,371
22907,2014-05-16,[ 21:47 ],0,377
22908,2014-05-16,[ 21:48 ],0,378
22909,2014-05-16,[ 21:49 ],0,370
22910,2014-05-16,[ 21:50 ],0,374
22911,2014-05-16,[ 21:51 ],0,367
22912,2014-05-16,[ 21:52 ],0,368
22913,2014-05-16,[ 21:53 ],0,375
22914,2014-05-16,[ 21:54 ],0,366
22915,2014-05-16,[ 21:55 ],0,364
22916,2014-05-16,[ 21:56 ],0,380
22917,2014-05-16,[ 21:57 ],0,367
22918,2014-05-16,[ 21:58 ],0,370
22919,2014-05-16,[ 21:59 ],0,364
22920,2014-05-16,[ 22:00 ],0,380
22921,2014-05-16,[ 22:01 ],0,368
22922,2014-05-16,[ 22:02 ],0,369
22923,2014-05-16,[ 22:03 ],0,365
22924,2014-05-16,[ 22:04 ],0,371
22925,2014-05-16,[ 22:05 ],0,366
22926,2014-05-16,[ 22:06 ],0,364
22927,2014-05-16,[ 22:07 ],0,363
22928,2014-05-16,[ 22:08 ],0,369
22929,2014-05-16,[ 22:09 ],0,441
22930,2014-05-16,[ 22:10 ],0,434
22931,2014-05-16,[ 22:11 ],0,438
22932,2014-05-16,[ 22:12 ],0,435
22933,2014-05-16,[ 22:13 ],0,444
22934,2014-05-16,[ 22:14 ],0,450
22935,2014-05-16,[ 22:15 ],0,450
22936,2014-05-16,[ 22:16 ],0,440
22937,2014-05-16,[ 22:17 ],0,434
22938,2014-05-16,[ 22:18 ],0,435
22939,2014-05-16,[ 22:19 ],0,434
22940,2014-05-16,[ 22:20 ],0,447
22941,2014-05-16,[ 22:21 ],0,436
22942,2014-05-16,[ 22:22 ],0,445
22943,2014-05-16,[ 22:23 ],0,464
22944,2014-05-16,[ 22:24 ],0,378
22945,2014-05-16,[ 22:25 ],0,378
22946,2014-05-16,[ 22:26 ],0,372
22947,2014-05-16,[ 22:27 ],0,374
22948,2014-05-16,[ 22:28 ],0,378
22949,2014-05-16,[ 22:29 ],0,387
22950,2014-05-16,[ 22:30 ],0,385
22951,2014-05-16,[ 22:31 ],0,390
22952,2014-05-16,[ 22:32 ],0,388
22953,2014-05-16,[ 22:33 ],0,339
22954,2014-05-16,[ 22:34 ],0,335
22955,2014-05-16,[ 22:35 ],0,356
22956,2014-05-16,[ 22:36 ],0,196
22957,2014-05-16,[ 22:37 ],0,178
22958,2014-05-16,[ 22:38 ],0,178
22959,2014-05-16,[ 22:39 ],0,180
22960,2014-05-16,[ 22:40 ],0,178
22961,2014-05-16,[ 22:41 ],0,180
22962,2014-05-16,[ 22:42 ],0,179
22963,2014-05-16,[ 22:43 ],0,178
22964,2014-05-16,[ 22:44 ],0,173
22965,2014-05-16,[ 22:45 ],0,173
22966,2014-05-16,[ 22:46 ],0,174
22967,2014-05-16,[ 22:47 ],0,174
22968,2014-05-16,[ 22:48 ],0,174
22969,2014-05-16,[ 22:49 ],0,174
22970,2014-05-16,[ 22:50 ],0,174
22971,2014-05-16,[ 22:51 ],0,174
22972,2014-05-16,[ 22:52 ],0,177
22973,2014-05-16,[ 22:53 ],0,174
22974,2014-05-16,[ 22:54 ],0,175
22975,2014-05-16,[ 22:55 ],0,172
22976,2014-05-16,[ 22:56 ],0,175
22977,2014-05-16,[ 22:57 ],0,177
22978,2014-05-16,[ 22:58 ],0,177
22979,2014-05-16,[ 22:59 ],0,174
22980,2014-05-16,[ 23:00 ],0,173
22981,2014-05-16,[ 23:01 ],0,177
22982,2014-05-16,[ 23:02 ],0,175
22983,2014-05-16,[ 23:03 ],0,174
22984,2014-05-16,[ 23:04 ],0,174
22985,2014-05-16,[ 23:05 ],0,172
22986,2014-05-16,[ 23:06 ],0,172
22987,2014-05-16,[ 23:07 ],0,171
22988,2014-05-16,[ 23:08 ],0,172
22989,2014-05-16,[ 23:09 ],0,170
22990,2014-05-16,[ 23:10 ],0,170
22991,2014-05-16,[ 23:11 ],0,171
22992,2014-05-16,[ 23:12 ],0,172
22993,2014-05-16,[ 23:13 ],0,170
22994,2014-05-16,[ 23:14 ],0,170
22995,2014-05-16,[ 23:15 ],0,170
22996,2014-05-16,[ 23:16 ],0,170
22997,2014-05-16,[ 23:17 ],0,169
22998,2014-05-16,[ 23:18 ],0,168
22999,2014-05-16,[ 23:19 ],0,169
23000,2014-05-16,[ 23:20 ],0,240
23001,2014-05-16,[ 23:21 ],0,239
23002,2014-05-16,[ 23:22 ],0,234
23003,2014-05-16,[ 23:23 ],0,229
23004,2014-05-16,[ 23:24 ],0,226
23005,2014-05-16,[ 23:25 ],0,227
23006,2014-05-16,[ 23:26 ],0,228
23007,2014-05-16,[ 23:27 ],0,226
23008,2014-05-16,[ 23:28 ],0,227
23009,2014-05-16,[ 23:29 ],0,226
23010,2014-05-16,[ 23:30 ],0,225
23011,2014-05-16,[ 23:31 ],0,225
23012,2014-05-16,[ 23:32 ],0,171
23013,2014-05-16,[ 23:33 ],0,170
23014,2014-05-16,[ 23:34 ],0,170
23015,2014-05-16,[ 23:35 ],0,171
23016,2014-05-16,[ 23:36 ],0,170
23017,2014-05-16,[ 23:37 ],0,170
23018,2014-05-16,[ 23:38 ],0,171
23019,2014-05-16,[ 23:39 ],0,169
23020,2014-05-16,[ 23:40 ],0,171
23021,2014-05-16,[ 23:41 ],0,169
23022,2014-05-16,[ 23:42 ],0,170
23023,2014-05-16,[ 23:43 ],0,170
23024,2014-05-16,[ 23:44 ],0,232
23025,2014-05-16,[ 23:45 ],0,232
23026,2014-05-16,[ 23:46 ],0,227
23027,2014-05-16,[ 23:47 ],0,226
23028,2014-05-16,[ 23:48 ],0,232
23029,2014-05-16,[ 23:49 ],0,234
23030,2014-05-16,[ 23:50 ],0,232
23031,2014-05-16,[ 23:51 ],0,235
23032,2014-05-16,[ 23:52 ],0,234
23033,2014-05-16,[ 23:53 ],0,231
23034,2014-05-16,[ 23:54 ],0,228
23035,2014-05-16,[ 23:55 ],0,228
23036,2014-05-16,[ 23:56 ],0,227
23037,2014-05-16,[ 23:57 ],0,228
23038,2014-05-16,[ 23:58 ],0,226
23039,2014-05-16,[ 23:59 ],0,226
23040,2014-05-17,[ 00:00 ],1,229
23041,2014-05-17,[ 00:01 ],1,232
23042,2014-05-17,[ 00:02 ],1,231
23043,2014-05-17,[ 00:03 ],1,234
23044,2014-05-17,[ 00:04 ],1,232
23045,2014-05-17,[ 00:05 ],1,228
23046,2014-05-17,[ 00:06 ],1,227
23047,2014-05-17,[ 00:07 ],1,225
23048,2014-05-17,[ 00:08 ],1,221
23049,2014-05-17,[ 00:09 ],1,171
23050,2014-05-17,[ 00:10 ],1,169
23051,2014-05-17,[ 00:11 ],1,172
23052,2014-05-17,[ 00:12 ],1,169
23053,2014-05-17,[ 00:13 ],1,169
23054,2014-05-17,[ 00:14 ],1,168
23055,2014-05-17,[ 00:15 ],1,168
23056,2014-05-17,[ 00:16 ],1,169
23057,2014-05-17,[ 00:17 ],1,168
23058,2014-05-17,[ 00:18 ],1,168
23059,2014-05-17,[ 00:19 ],1,168
23060,2014-05-17,[ 00:20 ],1,168
23061,2014-05-17,[ 00:21 ],1,167
23062,2014-05-17,[ 00:22 ],1,170
23063,2014-05-17,[ 00:23 ],1,166
23064,2014-05-17,[ 00:24 ],1,167
23065,2014-05-17,[ 00:25 ],1,167
23066,2014-05-17,[ 00:26 ],1,166
23067,2014-05-17,[ 00:27 ],1,168
23068,2014-05-17,[ 00:28 ],1,167
23069,2014-05-17,[ 00:29 ],1,167
23070,2014-05-17,[ 00:30 ],1,163
23071,2014-05-17,[ 00:31 ],1,167
23072,2014-05-17,[ 00:32 ],1,167
23073,2014-05-17,[ 00:33 ],1,167
23074,2014-05-17,[ 00:34 ],1,166
23075,2014-05-17,[ 00:35 ],1,166
23076,2014-05-17,[ 00:36 ],1,168
23077,2014-05-17,[ 00:37 ],1,167
23078,2014-05-17,[ 00:38 ],1,167
23079,2014-05-17,[ 00:39 ],1,166
23080,2014-05-17,[ 00:40 ],1,163
23081,2014-05-17,[ 00:41 ],1,163
23082,2014-05-17,[ 00:42 ],1,166
23083,2014-05-17,[ 00:43 ],1,166
23084,2014-05-17,[ 00:44 ],1,165
23085,2014-05-17,[ 00:45 ],1,165
23086,2014-05-17,[ 00:46 ],1,165
23087,2014-05-17,[ 00:47 ],1,165
23088,2014-05-17,[ 00:48 ],1,166
23089,2014-05-17,[ 00:49 ],1,163
23090,2014-05-17,[ 00:50 ],1,163
23091,2014-05-17,[ 00:51 ],1,163
23092,2014-05-17,[ 00:52 ],1,235
23093,2014-05-17,[ 00:53 ],1,229
23094,2014-05-17,[ 00:54 ],1,222
23095,2014-05-17,[ 00:55 ],1,222
23096,2014-05-17,[ 00:56 ],1,222
23097,2014-05-17,[ 00:57 ],1,221
23098,2014-05-17,[ 00:58 ],1,221
23099,2014-05-17,[ 00:59 ],1,221
23100,2014-05-17,[ 01:00 ],1,217
23101,2014-05-17,[ 01:01 ],1,216
23102,2014-05-17,[ 01:02 ],1,219
23103,2014-05-17,[ 01:03 ],1,216
23104,2014-05-17,[ 01:04 ],1,166
23105,2014-05-17,[ 01:05 ],1,166
23106,2014-05-17,[ 01:06 ],1,163
23107,2014-05-17,[ 01:07 ],1,163
23108,2014-05-17,[ 01:08 ],1,163
23109,2014-05-17,[ 01:09 ],1,165
23110,2014-05-17,[ 01:10 ],1,166
23111,2014-05-17,[ 01:11 ],1,163
23112,2014-05-17,[ 01:12 ],1,165
23113,2014-05-17,[ 01:13 ],1,163
23114,2014-05-17,[ 01:14 ],1,163
23115,2014-05-17,[ 01:15 ],1,163
23116,2014-05-17,[ 01:16 ],1,163
23117,2014-05-17,[ 01:17 ],1,165
23118,2014-05-17,[ 01:18 ],1,163
23119,2014-05-17,[ 01:19 ],1,163
23120,2014-05-17,[ 01:20 ],1,163
23121,2014-05-17,[ 01:21 ],1,240
23122,2014-05-17,[ 01:22 ],1,222
23123,2014-05-17,[ 01:23 ],1,217
23124,2014-05-17,[ 01:24 ],1,222
23125,2014-05-17,[ 01:25 ],1,221
23126,2014-05-17,[ 01:26 ],1,225
23127,2014-05-17,[ 01:27 ],1,226
23128,2014-05-17,[ 01:28 ],1,225
23129,2014-05-17,[ 01:29 ],1,227
23130,2014-05-17,[ 01:30 ],1,222
23131,2014-05-17,[ 01:31 ],1,222
23132,2014-05-17,[ 01:32 ],1,224
23133,2014-05-17,[ 01:33 ],1,222
23134,2014-05-17,[ 01:34 ],1,224
23135,2014-05-17,[ 01:35 ],1,224
23136,2014-05-17,[ 01:36 ],1,222
23137,2014-05-17,[ 01:37 ],1,222
23138,2014-05-17,[ 01:38 ],1,225
23139,2014-05-17,[ 01:39 ],1,229
23140,2014-05-17,[ 01:40 ],1,229
23141,2014-05-17,[ 01:41 ],1,229
23142,2014-05-17,[ 01:42 ],1,225
23143,2014-05-17,[ 01:43 ],1,222
23144,2014-05-17,[ 01:44 ],1,222
23145,2014-05-17,[ 01:45 ],1,219
23146,2014-05-17,[ 01:46 ],1,222
23147,2014-05-17,[ 01:47 ],1,165
23148,2014-05-17,[ 01:48 ],1,163
23149,2014-05-17,[ 01:49 ],1,166
23150,2014-05-17,[ 01:50 ],1,163
23151,2014-05-17,[ 01:51 ],1,165
23152,2014-05-17,[ 01:52 ],1,163
23153,2014-05-17,[ 01:53 ],1,166
23154,2014-05-17,[ 01:54 ],1,168
23155,2014-05-17,[ 01:55 ],1,167
23156,2014-05-17,[ 01:56 ],1,165
23157,2014-05-17,[ 01:57 ],1,166
23158,2014-05-17,[ 01:58 ],1,163
23159,2014-05-17,[ 01:59 ],1,165
23160,2014-05-17,[ 02:00 ],1,364
23161,2014-05-17,[ 02:01 ],1,370
23162,2014-05-17,[ 02:02 ],1,371
23163,2014-05-17,[ 02:03 ],1,369
23164,2014-05-17,[ 02:04 ],1,369
23165,2014-05-17,[ 02:05 ],1,371
23166,2014-05-17,[ 02:06 ],1,371
23167,2014-05-17,[ 02:07 ],1,417
23168,2014-05-17,[ 02:08 ],1,417
23169,2014-05-17,[ 02:09 ],1,416
23170,2014-05-17,[ 02:10 ],1,417
23171,2014-05-17,[ 02:11 ],1,417
23172,2014-05-17,[ 02:12 ],1,410
23173,2014-05-17,[ 02:13 ],1,195
23174,2014-05-17,[ 02:14 ],1,196
23175,2014-05-17,[ 02:15 ],1,194
23176,2014-05-17,[ 02:16 ],1,200
23177,2014-05-17,[ 02:17 ],1,196
23178,2014-05-17,[ 02:18 ],1,195
23179,2014-05-17,[ 02:19 ],1,200
23180,2014-05-17,[ 02:20 ],1,199
23181,2014-05-17,[ 02:21 ],1,195
23182,2014-05-17,[ 02:22 ],1,196
23183,2014-05-17,[ 02:23 ],1,195
23184,2014-05-17,[ 02:24 ],1,194
23185,2014-05-17,[ 02:25 ],1,324
23186,2014-05-17,[ 02:26 ],1,310
23187,2014-05-17,[ 02:27 ],1,235
23188,2014-05-17,[ 02:28 ],1,243
23189,2014-05-17,[ 02:29 ],1,242
23190,2014-05-17,[ 02:30 ],1,243
23191,2014-05-17,[ 02:31 ],1,240
23192,2014-05-17,[ 02:32 ],1,251
23193,2014-05-17,[ 02:33 ],1,251
23194,2014-05-17,[ 02:34 ],1,246
23195,2014-05-17,[ 02:35 ],1,245
23196,2014-05-17,[ 02:36 ],1,269
23197,2014-05-17,[ 02:37 ],1,278
23198,2014-05-17,[ 02:38 ],1,232
23199,2014-05-17,[ 02:39 ],1,226
23200,2014-05-17,[ 02:40 ],1,226
23201,2014-05-17,[ 02:41 ],1,223
23202,2014-05-17,[ 02:42 ],1,222
23203,2014-05-17,[ 02:43 ],1,223
23204,2014-05-17,[ 02:44 ],1,221
23205,2014-05-17,[ 02:45 ],1,221
23206,2014-05-17,[ 02:46 ],1,221
23207,2014-05-17,[ 02:47 ],1,218
23208,2014-05-17,[ 02:48 ],1,217
23209,2014-05-17,[ 02:49 ],1,217
23210,2014-05-17,[ 02:50 ],1,215
23211,2014-05-17,[ 02:51 ],1,217
23212,2014-05-17,[ 02:52 ],1,217
23213,2014-05-17,[ 02:53 ],1,218
23214,2014-05-17,[ 02:54 ],1,216
23215,2014-05-17,[ 02:55 ],1,213
23216,2014-05-17,[ 02:56 ],1,161
23217,2014-05-17,[ 02:57 ],1,160
23218,2014-05-17,[ 02:58 ],1,163
23219,2014-05-17,[ 02:59 ],1,163
23220,2014-05-17,[ 03:00 ],1,163
23221,2014-05-17,[ 03:01 ],1,167
23222,2014-05-17,[ 03:02 ],1,165
23223,2014-05-17,[ 03:03 ],1,163
23224,2014-05-17,[ 03:04 ],1,227
23225,2014-05-17,[ 03:05 ],1,227
23226,2014-05-17,[ 03:06 ],1,217
23227,2014-05-17,[ 03:07 ],1,219
23228,2014-05-17,[ 03:08 ],1,223
23229,2014-05-17,[ 03:09 ],1,225
23230,2014-05-17,[ 03:10 ],1,225
23231,2014-05-17,[ 03:11 ],1,225
23232,2014-05-17,[ 03:12 ],1,222
23233,2014-05-17,[ 03:13 ],1,221
23234,2014-05-17,[ 03:14 ],1,224
23235,2014-05-17,[ 03:15 ],1,222
23236,2014-05-17,[ 03:16 ],1,225
23237,2014-05-17,[ 03:17 ],1,224
23238,2014-05-17,[ 03:18 ],1,224
23239,2014-05-17,[ 03:19 ],1,225
23240,2014-05-17,[ 03:20 ],1,224
23241,2014-05-17,[ 03:21 ],1,223
23242,2014-05-17,[ 03:22 ],1,224
23243,2014-05-17,[ 03:23 ],1,224
23244,2014-05-17,[ 03:24 ],1,222
23245,2014-05-17,[ 03:25 ],1,163
23246,2014-05-17,[ 03:26 ],1,162
23247,2014-05-17,[ 03:27 ],1,163
23248,2014-05-17,[ 03:28 ],1,161
23249,2014-05-17,[ 03:29 ],1,161
23250,2014-05-17,[ 03:30 ],1,160
23251,2014-05-17,[ 03:31 ],1,162
23252,2014-05-17,[ 03:32 ],1,161
23253,2014-05-17,[ 03:33 ],1,162
23254,2014-05-17,[ 03:34 ],1,163
23255,2014-05-17,[ 03:35 ],1,162
23256,2014-05-17,[ 03:36 ],1,163
23257,2014-05-17,[ 03:37 ],1,163
23258,2014-05-17,[ 03:38 ],1,163
23259,2014-05-17,[ 03:39 ],1,163
23260,2014-05-17,[ 03:40 ],1,162
23261,2014-05-17,[ 03:41 ],1,163
23262,2014-05-17,[ 03:42 ],1,163
23263,2014-05-17,[ 03:43 ],1,162
23264,2014-05-17,[ 03:44 ],1,163
23265,2014-05-17,[ 03:45 ],1,163
23266,2014-05-17,[ 03:46 ],1,163
23267,2014-05-17,[ 03:47 ],1,162
23268,2014-05-17,[ 03:48 ],1,162
23269,2014-05-17,[ 03:49 ],1,162
23270,2014-05-17,[ 03:50 ],1,162
23271,2014-05-17,[ 03:51 ],1,163
23272,2014-05-17,[ 03:52 ],1,162
23273,2014-05-17,[ 03:53 ],1,162
23274,2014-05-17,[ 03:54 ],1,232
23275,2014-05-17,[ 03:55 ],1,229
23276,2014-05-17,[ 03:56 ],1,222
23277,2014-05-17,[ 03:57 ],1,222
23278,2014-05-17,[ 03:58 ],1,223
23279,2014-05-17,[ 03:59 ],1,222
23280,2014-05-17,[ 04:00 ],1,222
23281,2014-05-17,[ 04:01 ],1,218
23282,2014-05-17,[ 04:02 ],1,222
23283,2014-05-17,[ 04:03 ],1,221
23284,2014-05-17,[ 04:04 ],1,221
23285,2014-05-17,[ 04:05 ],1,219
23286,2014-05-17,[ 04:06 ],1,165
23287,2014-05-17,[ 04:07 ],1,163
23288,2014-05-17,[ 04:08 ],1,163
23289,2014-05-17,[ 04:09 ],1,163
23290,2014-05-17,[ 04:10 ],1,162
23291,2014-05-17,[ 04:11 ],1,163
23292,2014-05-17,[ 04:12 ],1,163
23293,2014-05-17,[ 04:13 ],1,163
23294,2014-05-17,[ 04:14 ],1,163
23295,2014-05-17,[ 04:15 ],1,162
23296,2014-05-17,[ 04:16 ],1,163
23297,2014-05-17,[ 04:17 ],1,162
23298,2014-05-17,[ 04:18 ],1,165
23299,2014-05-17,[ 04:19 ],1,163
23300,2014-05-17,[ 04:20 ],1,162
23301,2014-05-17,[ 04:21 ],1,162
23302,2014-05-17,[ 04:22 ],1,163
23303,2014-05-17,[ 04:23 ],1,163
23304,2014-05-17,[ 04:24 ],1,163
23305,2014-05-17,[ 04:25 ],1,161
23306,2014-05-17,[ 04:26 ],1,163
23307,2014-05-17,[ 04:27 ],1,163
23308,2014-05-17,[ 04:28 ],1,163
23309,2014-05-17,[ 04:29 ],1,163
23310,2014-05-17,[ 04:30 ],1,162
23311,2014-05-17,[ 04:31 ],1,162
23312,2014-05-17,[ 04:32 ],1,163
23313,2014-05-17,[ 04:33 ],1,163
23314,2014-05-17,[ 04:34 ],1,163
23315,2014-05-17,[ 04:35 ],1,161
23316,2014-05-17,[ 04:36 ],1,163
23317,2014-05-17,[ 04:37 ],1,162
23318,2014-05-17,[ 04:38 ],1,163
23319,2014-05-17,[ 04:39 ],1,163
23320,2014-05-17,[ 04:40 ],1,163
23321,2014-05-17,[ 04:41 ],1,162
23322,2014-05-17,[ 04:42 ],1,163
23323,2014-05-17,[ 04:43 ],1,235
23324,2014-05-17,[ 04:44 ],1,227
23325,2014-05-17,[ 04:45 ],1,219
23326,2014-05-17,[ 04:46 ],1,223
23327,2014-05-17,[ 04:47 ],1,224
23328,2014-05-17,[ 04:48 ],1,222
23329,2014-05-17,[ 04:49 ],1,225
23330,2014-05-17,[ 04:50 ],1,224
23331,2014-05-17,[ 04:51 ],1,223
23332,2014-05-17,[ 04:52 ],1,222
23333,2014-05-17,[ 04:53 ],1,223
23334,2014-05-17,[ 04:54 ],1,221
23335,2014-05-17,[ 04:55 ],1,219
23336,2014-05-17,[ 04:56 ],1,219
23337,2014-05-17,[ 04:57 ],1,222
23338,2014-05-17,[ 04:58 ],1,224
23339,2014-05-17,[ 04:59 ],1,221
23340,2014-05-17,[ 05:00 ],1,223
23341,2014-05-17,[ 05:01 ],1,225
23342,2014-05-17,[ 05:02 ],1,226
23343,2014-05-17,[ 05:03 ],1,226
23344,2014-05-17,[ 05:04 ],1,222
23345,2014-05-17,[ 05:05 ],1,221
23346,2014-05-17,[ 05:06 ],1,217
23347,2014-05-17,[ 05:07 ],1,218
23348,2014-05-17,[ 05:08 ],1,215
23349,2014-05-17,[ 05:09 ],1,213
23350,2014-05-17,[ 05:10 ],1,213
23351,2014-05-17,[ 05:11 ],1,216
23352,2014-05-17,[ 05:12 ],1,162
23353,2014-05-17,[ 05:13 ],1,162
23354,2014-05-17,[ 05:14 ],1,161
23355,2014-05-17,[ 05:15 ],1,163
23356,2014-05-17,[ 05:16 ],1,161
23357,2014-05-17,[ 05:17 ],1,163
23358,2014-05-17,[ 05:18 ],1,163
23359,2014-05-17,[ 05:19 ],1,163
23360,2014-05-17,[ 05:20 ],1,163
23361,2014-05-17,[ 05:21 ],1,163
23362,2014-05-17,[ 05:22 ],1,163
23363,2014-05-17,[ 05:23 ],1,163
23364,2014-05-17,[ 05:24 ],1,162
23365,2014-05-17,[ 05:25 ],1,163
23366,2014-05-17,[ 05:26 ],1,161
23367,2014-05-17,[ 05:27 ],1,163
23368,2014-05-17,[ 05:28 ],1,163
23369,2014-05-17,[ 05:29 ],1,161
23370,2014-05-17,[ 05:30 ],1,159
23371,2014-05-17,[ 05:31 ],1,160
23372,2014-05-17,[ 05:32 ],1,161
23373,2014-05-17,[ 05:33 ],1,161
23374,2014-05-17,[ 05:34 ],1,161
23375,2014-05-17,[ 05:35 ],1,161
23376,2014-05-17,[ 05:36 ],1,162
23377,2014-05-17,[ 05:37 ],1,159
23378,2014-05-17,[ 05:38 ],1,161
23379,2014-05-17,[ 05:39 ],1,161
23380,2014-05-17,[ 05:40 ],1,162
23381,2014-05-17,[ 05:41 ],1,161
23382,2014-05-17,[ 05:42 ],1,161
23383,2014-05-17,[ 05:43 ],1,159
23384,2014-05-17,[ 05:44 ],1,160
23385,2014-05-17,[ 05:45 ],1,162
23386,2014-05-17,[ 05:46 ],1,161
23387,2014-05-17,[ 05:47 ],1,163
23388,2014-05-17,[ 05:48 ],1,163
23389,2014-05-17,[ 05:49 ],1,162
23390,2014-05-17,[ 05:50 ],1,161
23391,2014-05-17,[ 05:51 ],1,162
23392,2014-05-17,[ 05:52 ],1,160
23393,2014-05-17,[ 05:53 ],1,162
23394,2014-05-17,[ 05:54 ],1,160
23395,2014-05-17,[ 05:55 ],1,162
23396,2014-05-17,[ 05:56 ],1,163
23397,2014-05-17,[ 05:57 ],1,226
23398,2014-05-17,[ 05:58 ],1,226
23399,2014-05-17,[ 05:59 ],1,216
23400,2014-05-17,[ 06:00 ],1,223
23401,2014-05-17,[ 06:01 ],1,222
23402,2014-05-17,[ 06:02 ],1,217
23403,2014-05-17,[ 06:03 ],1,217
23404,2014-05-17,[ 06:04 ],1,217
23405,2014-05-17,[ 06:05 ],1,216
23406,2014-05-17,[ 06:06 ],1,213
23407,2014-05-17,[ 06:07 ],1,215
23408,2014-05-17,[ 06:08 ],1,211
23409,2014-05-17,[ 06:09 ],1,161
23410,2014-05-17,[ 06:10 ],1,163
23411,2014-05-17,[ 06:11 ],1,163
23412,2014-05-17,[ 06:12 ],1,163
23413,2014-05-17,[ 06:13 ],1,162
23414,2014-05-17,[ 06:14 ],1,161
23415,2014-05-17,[ 06:15 ],1,161
23416,2014-05-17,[ 06:16 ],1,160
23417,2014-05-17,[ 06:17 ],1,162
23418,2014-05-17,[ 06:18 ],1,162
23419,2014-05-17,[ 06:19 ],1,162
23420,2014-05-17,[ 06:20 ],1,162
23421,2014-05-17,[ 06:21 ],1,162
23422,2014-05-17,[ 06:22 ],1,301
23423,2014-05-17,[ 06:23 ],1,301
23424,2014-05-17,[ 06:24 ],1,289
23425,2014-05-17,[ 06:25 ],1,282
23426,2014-05-17,[ 06:26 ],1,282
23427,2014-05-17,[ 06:27 ],1,300
23428,2014-05-17,[ 06:28 ],1,300
23429,2014-05-17,[ 06:29 ],1,286
23430,2014-05-17,[ 06:30 ],1,287
23431,2014-05-17,[ 06:31 ],1,287
23432,2014-05-17,[ 06:32 ],1,283
23433,2014-05-17,[ 06:33 ],1,282
23434,2014-05-17,[ 06:34 ],1,283
23435,2014-05-17,[ 06:35 ],1,280
23436,2014-05-17,[ 06:36 ],1,282
23437,2014-05-17,[ 06:37 ],1,281
23438,2014-05-17,[ 06:38 ],1,278
23439,2014-05-17,[ 06:39 ],1,283
23440,2014-05-17,[ 06:40 ],1,284
23441,2014-05-17,[ 06:41 ],1,284
23442,2014-05-17,[ 06:42 ],1,284
23443,2014-05-17,[ 06:43 ],1,282
23444,2014-05-17,[ 06:44 ],1,282
23445,2014-05-17,[ 06:45 ],1,282
23446,2014-05-17,[ 06:46 ],1,280
23447,2014-05-17,[ 06:47 ],1,274
23448,2014-05-17,[ 06:48 ],1,211
23449,2014-05-17,[ 06:49 ],1,212
23450,2014-05-17,[ 06:50 ],1,213
23451,2014-05-17,[ 06:51 ],1,212
23452,2014-05-17,[ 06:52 ],1,212
23453,2014-05-17,[ 06:53 ],1,211
23454,2014-05-17,[ 06:54 ],1,212
23455,2014-05-17,[ 06:55 ],1,214
23456,2014-05-17,[ 06:56 ],1,213
23457,2014-05-17,[ 06:57 ],1,212
23458,2014-05-17,[ 06:58 ],1,216
23459,2014-05-17,[ 06:59 ],1,216
23460,2014-05-17,[ 07:00 ],1,217
23461,2014-05-17,[ 07:01 ],1,283
23462,2014-05-17,[ 07:02 ],1,278
23463,2014-05-17,[ 07:03 ],1,283
23464,2014-05-17,[ 07:04 ],1,265
23465,2014-05-17,[ 07:05 ],1,260
23466,2014-05-17,[ 07:06 ],1,283
23467,2014-05-17,[ 07:07 ],1,278
23468,2014-05-17,[ 07:08 ],1,266
23469,2014-05-17,[ 07:09 ],1,257
23470,2014-05-17,[ 07:10 ],1,283
23471,2014-05-17,[ 07:11 ],1,272
23472,2014-05-17,[ 07:12 ],1,257
23473,2014-05-17,[ 07:13 ],1,253
23474,2014-05-17,[ 07:14 ],1,302
23475,2014-05-17,[ 07:15 ],1,302
23476,2014-05-17,[ 07:16 ],1,265
23477,2014-05-17,[ 07:17 ],1,254
23478,2014-05-17,[ 07:18 ],1,257
23479,2014-05-17,[ 07:19 ],1,257
23480,2014-05-17,[ 07:20 ],1,283
23481,2014-05-17,[ 07:21 ],1,272
23482,2014-05-17,[ 07:22 ],1,260
23483,2014-05-17,[ 07:23 ],1,264
23484,2014-05-17,[ 07:24 ],1,264
23485,2014-05-17,[ 07:25 ],1,227
23486,2014-05-17,[ 07:26 ],1,226
23487,2014-05-17,[ 07:27 ],1,222
23488,2014-05-17,[ 07:28 ],1,224
23489,2014-05-17,[ 07:29 ],1,224
23490,2014-05-17,[ 07:30 ],1,231
23491,2014-05-17,[ 07:31 ],1,307
23492,2014-05-17,[ 07:32 ],1,298
23493,2014-05-17,[ 07:33 ],1,292
23494,2014-05-17,[ 07:34 ],1,299
23495,2014-05-17,[ 07:35 ],1,291
23496,2014-05-17,[ 07:36 ],1,293
23497,2014-05-17,[ 07:37 ],1,293
23498,2014-05-17,[ 07:38 ],1,293
23499,2014-05-17,[ 07:39 ],1,293
23500,2014-05-17,[ 07:40 ],1,289
23501,2014-05-17,[ 07:41 ],1,275
23502,2014-05-17,[ 07:42 ],1,271
23503,2014-05-17,[ 07:43 ],1,213
23504,2014-05-17,[ 07:44 ],1,2604
23505,2014-05-17,[ 07:45 ],1,2608
23506,2014-05-17,[ 07:46 ],1,2608
23507,2014-05-17,[ 07:47 ],1,219
23508,2014-05-17,[ 07:48 ],1,221
23509,2014-05-17,[ 07:49 ],1,211
23510,2014-05-17,[ 07:50 ],1,207
23511,2014-05-17,[ 07:51 ],1,210
23512,2014-05-17,[ 07:52 ],1,211
23513,2014-05-17,[ 07:53 ],1,211
23514,2014-05-17,[ 07:54 ],1,208
23515,2014-05-17,[ 07:55 ],1,210
23516,2014-05-17,[ 07:56 ],1,208
23517,2014-05-17,[ 07:57 ],1,211
23518,2014-05-17,[ 07:58 ],1,208
23519,2014-05-17,[ 07:59 ],1,287
23520,2014-05-17,[ 08:00 ],1,287
23521,2014-05-17,[ 08:01 ],1,277
23522,2014-05-17,[ 08:02 ],1,321
23523,2014-05-17,[ 08:03 ],1,321
23524,2014-05-17,[ 08:04 ],1,317
23525,2014-05-17,[ 08:05 ],1,283
23526,2014-05-17,[ 08:06 ],1,284
23527,2014-05-17,[ 08:07 ],1,282
23528,2014-05-17,[ 08:08 ],1,282
23529,2014-05-17,[ 08:09 ],1,282
23530,2014-05-17,[ 08:10 ],1,282
23531,2014-05-17,[ 08:11 ],1,278
23532,2014-05-17,[ 08:12 ],1,280
23533,2014-05-17,[ 08:13 ],1,278
23534,2014-05-17,[ 08:14 ],1,282
23535,2014-05-17,[ 08:15 ],1,281
23536,2014-05-17,[ 08:16 ],1,281
23537,2014-05-17,[ 08:17 ],1,312
23538,2014-05-17,[ 08:18 ],1,2689
23539,2014-05-17,[ 08:19 ],1,2631
23540,2014-05-17,[ 08:20 ],1,315
23541,2014-05-17,[ 08:21 ],1,313
23542,2014-05-17,[ 08:22 ],1,317
23543,2014-05-17,[ 08:23 ],1,1973
23544,2014-05-17,[ 08:24 ],1,1987
23545,2014-05-17,[ 08:25 ],1,1097
23546,2014-05-17,[ 08:26 ],1,284
23547,2014-05-17,[ 08:27 ],1,242
23548,2014-05-17,[ 08:28 ],1,246
23549,2014-05-17,[ 08:29 ],1,245
23550,2014-05-17,[ 08:30 ],1,242
23551,2014-05-17,[ 08:31 ],1,257
23552,2014-05-17,[ 08:32 ],1,246
23553,2014-05-17,[ 08:33 ],1,256
23554,2014-05-17,[ 08:34 ],1,214
23555,2014-05-17,[ 08:35 ],1,208
23556,2014-05-17,[ 08:36 ],1,204
23557,2014-05-17,[ 08:37 ],1,202
23558,2014-05-17,[ 08:38 ],1,1909
23559,2014-05-17,[ 08:39 ],1,1931
23560,2014-05-17,[ 08:40 ],1,221
23561,2014-05-17,[ 08:41 ],1,194
23562,2014-05-17,[ 08:42 ],1,194
23563,2014-05-17,[ 08:43 ],1,208
23564,2014-05-17,[ 08:44 ],1,201
23565,2014-05-17,[ 08:45 ],1,205
23566,2014-05-17,[ 08:46 ],1,202
23567,2014-05-17,[ 08:47 ],1,235
23568,2014-05-17,[ 08:48 ],1,234
23569,2014-05-17,[ 08:49 ],1,247
23570,2014-05-17,[ 08:50 ],1,222
23571,2014-05-17,[ 08:51 ],1,203
23572,2014-05-17,[ 08:52 ],1,200
23573,2014-05-17,[ 08:53 ],1,1869
23574,2014-05-17,[ 08:54 ],1,1869
23575,2014-05-17,[ 08:55 ],1,1863
23576,2014-05-17,[ 08:56 ],1,1914
23577,2014-05-17,[ 08:57 ],1,1867
23578,2014-05-17,[ 08:58 ],1,224
23579,2014-05-17,[ 08:59 ],1,217
23580,2014-05-17,[ 09:00 ],1,204
23581,2014-05-17,[ 09:01 ],1,202
23582,2014-05-17,[ 09:02 ],1,194
23583,2014-05-17,[ 09:03 ],1,203
23584,2014-05-17,[ 09:04 ],1,235
23585,2014-05-17,[ 09:05 ],1,236
23586,2014-05-17,[ 09:06 ],1,234
23587,2014-05-17,[ 09:07 ],1,223
23588,2014-05-17,[ 09:08 ],1,202
23589,2014-05-17,[ 09:09 ],1,208
23590,2014-05-17,[ 09:10 ],1,288
23591,2014-05-17,[ 09:11 ],1,299
23592,2014-05-17,[ 09:12 ],1,299
23593,2014-05-17,[ 09:13 ],1,299
23594,2014-05-17,[ 09:14 ],1,307
23595,2014-05-17,[ 09:15 ],1,1978
23596,2014-05-17,[ 09:16 ],1,1957
23597,2014-05-17,[ 09:17 ],1,1971
23598,2014-05-17,[ 09:18 ],1,1966
23599,2014-05-17,[ 09:19 ],1,1958
23600,2014-05-17,[ 09:20 ],1,1968
23601,2014-05-17,[ 09:21 ],1,301
23602,2014-05-17,[ 09:22 ],1,292
23603,2014-05-17,[ 09:23 ],1,254
23604,2014-05-17,[ 09:24 ],1,258
23605,2014-05-17,[ 09:25 ],1,259
23606,2014-05-17,[ 09:26 ],1,259
23607,2014-05-17,[ 09:27 ],1,259
23608,2014-05-17,[ 09:28 ],1,259
23609,2014-05-17,[ 09:29 ],1,259
23610,2014-05-17,[ 09:30 ],1,259
23611,2014-05-17,[ 09:31 ],1,259
23612,2014-05-17,[ 09:32 ],1,259
23613,2014-05-17,[ 09:33 ],1,265
23614,2014-05-17,[ 09:34 ],1,264
23615,2014-05-17,[ 09:35 ],1,264
23616,2014-05-17,[ 09:36 ],1,257
23617,2014-05-17,[ 09:37 ],1,258
23618,2014-05-17,[ 09:38 ],1,259
23619,2014-05-17,[ 09:39 ],1,260
23620,2014-05-17,[ 09:40 ],1,257
23621,2014-05-17,[ 09:41 ],1,256
23622,2014-05-17,[ 09:42 ],1,256
23623,2014-05-17,[ 09:43 ],1,254
23624,2014-05-17,[ 09:44 ],1,189
23625,2014-05-17,[ 09:45 ],1,189
23626,2014-05-17,[ 09:46 ],1,191
23627,2014-05-17,[ 09:47 ],1,190
23628,2014-05-17,[ 09:48 ],1,191
23629,2014-05-17,[ 09:49 ],1,190
23630,2014-05-17,[ 09:50 ],1,191
23631,2014-05-17,[ 09:51 ],1,190
23632,2014-05-17,[ 09:52 ],1,190
23633,2014-05-17,[ 09:53 ],1,190
23634,2014-05-17,[ 09:54 ],1,192
23635,2014-05-17,[ 09:55 ],1,190
23636,2014-05-17,[ 09:56 ],1,188
23637,2014-05-17,[ 09:57 ],1,190
23638,2014-05-17,[ 09:58 ],1,187
23639,2014-05-17,[ 09:59 ],1,190
23640,2014-05-17,[ 10:00 ],1,191
23641,2014-05-17,[ 10:01 ],1,191
23642,2014-05-17,[ 10:02 ],1,189
23643,2014-05-17,[ 10:03 ],1,188
23644,2014-05-17,[ 10:04 ],1,190
23645,2014-05-17,[ 10:05 ],1,191
23646,2014-05-17,[ 10:06 ],1,190
23647,2014-05-17,[ 10:07 ],1,188
23648,2014-05-17,[ 10:08 ],1,189
23649,2014-05-17,[ 10:09 ],1,188
23650,2014-05-17,[ 10:10 ],1,189
23651,2014-05-17,[ 10:11 ],1,188
23652,2014-05-17,[ 10:12 ],1,191
23653,2014-05-17,[ 10:13 ],1,191
23654,2014-05-17,[ 10:14 ],1,191
23655,2014-05-17,[ 10:15 ],1,188
23656,2014-05-17,[ 10:16 ],1,190
23657,2014-05-17,[ 10:17 ],1,188
23658,2014-05-17,[ 10:18 ],1,190
23659,2014-05-17,[ 10:19 ],1,190
23660,2014-05-17,[ 10:20 ],1,190
23661,2014-05-17,[ 10:21 ],1,189
23662,2014-05-17,[ 10:22 ],1,190
23663,2014-05-17,[ 10:23 ],1,190
23664,2014-05-17,[ 10:24 ],1,189
23665,2014-05-17,[ 10:25 ],1,188
23666,2014-05-17,[ 10:26 ],1,189
23667,2014-05-17,[ 10:27 ],1,190
23668,2014-05-17,[ 10:28 ],1,190
23669,2014-05-17,[ 10:29 ],1,283
23670,2014-05-17,[ 10:30 ],1,275
23671,2014-05-17,[ 10:31 ],1,275
23672,2014-05-17,[ 10:32 ],1,260
23673,2014-05-17,[ 10:33 ],1,257
23674,2014-05-17,[ 10:34 ],1,259
23675,2014-05-17,[ 10:35 ],1,259
23676,2014-05-17,[ 10:36 ],1,262
23677,2014-05-17,[ 10:37 ],1,266
23678,2014-05-17,[ 10:38 ],1,264
23679,2014-05-17,[ 10:39 ],1,265
23680,2014-05-17,[ 10:40 ],1,261
23681,2014-05-17,[ 10:41 ],1,262
23682,2014-05-17,[ 10:42 ],1,834
23683,2014-05-17,[ 10:43 ],1,785
23684,2014-05-17,[ 10:44 ],1,694
23685,2014-05-17,[ 10:45 ],1,262
23686,2014-05-17,[ 10:46 ],1,262
23687,2014-05-17,[ 10:47 ],1,262
23688,2014-05-17,[ 10:48 ],1,260
23689,2014-05-17,[ 10:49 ],1,260
23690,2014-05-17,[ 10:50 ],1,260
23691,2014-05-17,[ 10:51 ],1,258
23692,2014-05-17,[ 10:52 ],1,260
23693,2014-05-17,[ 10:53 ],1,260
23694,2014-05-17,[ 10:54 ],1,261
23695,2014-05-17,[ 10:55 ],1,262
23696,2014-05-17,[ 10:56 ],1,262
23697,2014-05-17,[ 10:57 ],1,260
23698,2014-05-17,[ 10:58 ],1,257
23699,2014-05-17,[ 10:59 ],1,256
23700,2014-05-17,[ 11:00 ],1,259
23701,2014-05-17,[ 11:01 ],1,188
23702,2014-05-17,[ 11:02 ],1,190
23703,2014-05-17,[ 11:03 ],1,191
23704,2014-05-17,[ 11:04 ],1,190
23705,2014-05-17,[ 11:05 ],1,190
23706,2014-05-17,[ 11:06 ],1,190
23707,2014-05-17,[ 11:07 ],1,186
23708,2014-05-17,[ 11:08 ],1,189
23709,2014-05-17,[ 11:09 ],1,190
23710,2014-05-17,[ 11:10 ],1,190
23711,2014-05-17,[ 11:11 ],1,191
23712,2014-05-17,[ 11:12 ],1,190
23713,2014-05-17,[ 11:13 ],1,188
23714,2014-05-17,[ 11:14 ],1,190
23715,2014-05-17,[ 11:15 ],1,190
23716,2014-05-17,[ 11:16 ],1,190
23717,2014-05-17,[ 11:17 ],1,190
23718,2014-05-17,[ 11:18 ],1,189
23719,2014-05-17,[ 11:19 ],1,187
23720,2014-05-17,[ 11:20 ],1,188
23721,2014-05-17,[ 11:21 ],1,187
23722,2014-05-17,[ 11:22 ],1,185
23723,2014-05-17,[ 11:23 ],1,189
23724,2014-05-17,[ 11:24 ],1,189
23725,2014-05-17,[ 11:25 ],1,185
23726,2014-05-17,[ 11:26 ],1,187
23727,2014-05-17,[ 11:27 ],1,185
23728,2014-05-17,[ 11:28 ],1,188
23729,2014-05-17,[ 11:29 ],1,186
23730,2014-05-17,[ 11:30 ],1,188
23731,2014-05-17,[ 11:31 ],1,188
23732,2014-05-17,[ 11:32 ],1,187
23733,2014-05-17,[ 11:33 ],1,187
23734,2014-05-17,[ 11:34 ],1,188
23735,2014-05-17,[ 11:35 ],1,186
23736,2014-05-17,[ 11:36 ],1,187
23737,2014-05-17,[ 11:37 ],1,187
23738,2014-05-17,[ 11:38 ],1,187
23739,2014-05-17,[ 11:39 ],1,186
23740,2014-05-17,[ 11:40 ],1,185
23741,2014-05-17,[ 11:41 ],1,187
23742,2014-05-17,[ 11:42 ],1,188
23743,2014-05-17,[ 11:43 ],1,267
23744,2014-05-17,[ 11:44 ],1,264
23745,2014-05-17,[ 11:45 ],1,258
23746,2014-05-17,[ 11:46 ],1,258
23747,2014-05-17,[ 11:47 ],1,256
23748,2014-05-17,[ 11:48 ],1,254
23749,2014-05-17,[ 11:49 ],1,256
23750,2014-05-17,[ 11:50 ],1,254
23751,2014-05-17,[ 11:51 ],1,252
23752,2014-05-17,[ 11:52 ],1,253
23753,2014-05-17,[ 11:53 ],1,253
23754,2014-05-17,[ 11:54 ],1,247
23755,2014-05-17,[ 11:55 ],1,187
23756,2014-05-17,[ 11:56 ],1,184
23757,2014-05-17,[ 11:57 ],1,186
23758,2014-05-17,[ 11:58 ],1,185
23759,2014-05-17,[ 11:59 ],1,185
23760,2014-05-17,[ 12:00 ],1,186
23761,2014-05-17,[ 12:01 ],1,189
23762,2014-05-17,[ 12:02 ],1,187
23763,2014-05-17,[ 12:03 ],1,187
23764,2014-05-17,[ 12:04 ],1,281
23765,2014-05-17,[ 12:05 ],1,259
23766,2014-05-17,[ 12:06 ],1,254
23767,2014-05-17,[ 12:07 ],1,256
23768,2014-05-17,[ 12:08 ],1,261
23769,2014-05-17,[ 12:09 ],1,258
23770,2014-05-17,[ 12:10 ],1,262
23771,2014-05-17,[ 12:11 ],1,262
23772,2014-05-17,[ 12:12 ],1,260
23773,2014-05-17,[ 12:13 ],1,260
23774,2014-05-17,[ 12:14 ],1,257
23775,2014-05-17,[ 12:15 ],1,257
23776,2014-05-17,[ 12:16 ],1,256
23777,2014-05-17,[ 12:17 ],1,258
23778,2014-05-17,[ 12:18 ],1,256
23779,2014-05-17,[ 12:19 ],1,257
23780,2014-05-17,[ 12:20 ],1,259
23781,2014-05-17,[ 12:21 ],1,257
23782,2014-05-17,[ 12:22 ],1,257
23783,2014-05-17,[ 12:23 ],1,258
23784,2014-05-17,[ 12:24 ],1,261
23785,2014-05-17,[ 12:25 ],1,256
23786,2014-05-17,[ 12:26 ],1,254
23787,2014-05-17,[ 12:27 ],1,254
23788,2014-05-17,[ 12:28 ],1,250
23789,2014-05-17,[ 12:29 ],1,186
23790,2014-05-17,[ 12:30 ],1,188
23791,2014-05-17,[ 12:31 ],1,185
23792,2014-05-17,[ 12:32 ],1,185
23793,2014-05-17,[ 12:33 ],1,188
23794,2014-05-17,[ 12:34 ],1,186
23795,2014-05-17,[ 12:35 ],1,186
23796,2014-05-17,[ 12:36 ],1,186
23797,2014-05-17,[ 12:37 ],1,185
23798,2014-05-17,[ 12:38 ],1,185
23799,2014-05-17,[ 12:39 ],1,186
23800,2014-05-17,[ 12:40 ],1,188
23801,2014-05-17,[ 12:41 ],1,187
23802,2014-05-17,[ 12:42 ],1,186
23803,2014-05-17,[ 12:43 ],1,186
23804,2014-05-17,[ 12:44 ],1,188
23805,2014-05-17,[ 12:45 ],1,185
23806,2014-05-17,[ 12:46 ],1,186
23807,2014-05-17,[ 12:47 ],1,186
23808,2014-05-17,[ 12:48 ],1,185
23809,2014-05-17,[ 12:49 ],1,163
23810,2014-05-17,[ 12:50 ],1,161
23811,2014-05-17,[ 12:51 ],1,162
23812,2014-05-17,[ 12:52 ],1,160
23813,2014-05-17,[ 12:53 ],1,163
23814,2014-05-17,[ 12:54 ],1,163
23815,2014-05-17,[ 12:55 ],1,163
23816,2014-05-17,[ 12:56 ],1,165
23817,2014-05-17,[ 12:57 ],1,163
23818,2014-05-17,[ 12:58 ],1,163
23819,2014-05-17,[ 12:59 ],1,162
23820,2014-05-17,[ 13:00 ],1,186
23821,2014-05-17,[ 13:01 ],1,185
23822,2014-05-17,[ 13:02 ],1,189
23823,2014-05-17,[ 13:03 ],1,187
23824,2014-05-17,[ 13:04 ],1,163
23825,2014-05-17,[ 13:05 ],1,163
23826,2014-05-17,[ 13:06 ],1,162
23827,2014-05-17,[ 13:07 ],1,163
23828,2014-05-17,[ 13:08 ],1,162
23829,2014-05-17,[ 13:09 ],1,226
23830,2014-05-17,[ 13:10 ],1,227
23831,2014-05-17,[ 13:11 ],1,222
23832,2014-05-17,[ 13:12 ],1,222
23833,2014-05-17,[ 13:13 ],1,221
23834,2014-05-17,[ 13:14 ],1,221
23835,2014-05-17,[ 13:15 ],1,216
23836,2014-05-17,[ 13:16 ],1,218
23837,2014-05-17,[ 13:17 ],1,217
23838,2014-05-17,[ 13:18 ],1,252
23839,2014-05-17,[ 13:19 ],1,252
23840,2014-05-17,[ 13:20 ],1,252
23841,2014-05-17,[ 13:21 ],1,185
23842,2014-05-17,[ 13:22 ],1,165
23843,2014-05-17,[ 13:23 ],1,165
23844,2014-05-17,[ 13:24 ],1,165
23845,2014-05-17,[ 13:25 ],1,165
23846,2014-05-17,[ 13:26 ],1,163
23847,2014-05-17,[ 13:27 ],1,163
23848,2014-05-17,[ 13:28 ],1,165
23849,2014-05-17,[ 13:29 ],1,165
23850,2014-05-17,[ 13:30 ],1,185
23851,2014-05-17,[ 13:31 ],1,186
23852,2014-05-17,[ 13:32 ],1,188
23853,2014-05-17,[ 13:33 ],1,186
23854,2014-05-17,[ 13:34 ],1,262
23855,2014-05-17,[ 13:35 ],1,259
23856,2014-05-17,[ 13:36 ],1,258
23857,2014-05-17,[ 13:37 ],1,256
23858,2014-05-17,[ 13:38 ],1,260
23859,2014-05-17,[ 13:39 ],1,259
23860,2014-05-17,[ 13:40 ],1,261
23861,2014-05-17,[ 13:41 ],1,261
23862,2014-05-17,[ 13:42 ],1,261
23863,2014-05-17,[ 13:43 ],1,259
23864,2014-05-17,[ 13:44 ],1,258
23865,2014-05-17,[ 13:45 ],1,258
23866,2014-05-17,[ 13:46 ],1,258
23867,2014-05-17,[ 13:47 ],1,258
23868,2014-05-17,[ 13:48 ],1,260
23869,2014-05-17,[ 13:49 ],1,258
23870,2014-05-17,[ 13:50 ],1,259
23871,2014-05-17,[ 13:51 ],1,257
23872,2014-05-17,[ 13:52 ],1,256
23873,2014-05-17,[ 13:53 ],1,259
23874,2014-05-17,[ 13:54 ],1,259
23875,2014-05-17,[ 13:55 ],1,258
23876,2014-05-17,[ 13:56 ],1,253
23877,2014-05-17,[ 13:57 ],1,219
23878,2014-05-17,[ 13:58 ],1,217
23879,2014-05-17,[ 13:59 ],1,213
23880,2014-05-17,[ 14:00 ],1,166
23881,2014-05-17,[ 14:01 ],1,166
23882,2014-05-17,[ 14:02 ],1,167
23883,2014-05-17,[ 14:03 ],1,188
23884,2014-05-17,[ 14:04 ],1,189
23885,2014-05-17,[ 14:05 ],1,190
23886,2014-05-17,[ 14:06 ],1,167
23887,2014-05-17,[ 14:07 ],1,166
23888,2014-05-17,[ 14:08 ],1,166
23889,2014-05-17,[ 14:09 ],1,165
23890,2014-05-17,[ 14:10 ],1,169
23891,2014-05-17,[ 14:11 ],1,166
23892,2014-05-17,[ 14:12 ],1,167
23893,2014-05-17,[ 14:13 ],1,167
23894,2014-05-17,[ 14:14 ],1,166
23895,2014-05-17,[ 14:15 ],1,167
23896,2014-05-17,[ 14:16 ],1,170
23897,2014-05-17,[ 14:17 ],1,191
23898,2014-05-17,[ 14:18 ],1,191
23899,2014-05-17,[ 14:19 ],1,190
23900,2014-05-17,[ 14:20 ],1,166
23901,2014-05-17,[ 14:21 ],1,176
23902,2014-05-17,[ 14:22 ],1,2571
23903,2014-05-17,[ 14:23 ],1,2582
23904,2014-05-17,[ 14:24 ],1,2559
23905,2014-05-17,[ 14:25 ],1,2558
23906,2014-05-17,[ 14:26 ],1,2596
23907,2014-05-17,[ 14:27 ],1,2534
23908,2014-05-17,[ 14:28 ],1,189
23909,2014-05-17,[ 14:29 ],1,180
23910,2014-05-17,[ 14:30 ],1,189
23911,2014-05-17,[ 14:31 ],1,190
23912,2014-05-17,[ 14:32 ],1,180
23913,2014-05-17,[ 14:33 ],1,207
23914,2014-05-17,[ 14:34 ],1,210
23915,2014-05-17,[ 14:35 ],1,212
23916,2014-05-17,[ 14:36 ],1,180
23917,2014-05-17,[ 14:37 ],1,180
23918,2014-05-17,[ 14:38 ],1,181
23919,2014-05-17,[ 14:39 ],1,182
23920,2014-05-17,[ 14:40 ],1,182
23921,2014-05-17,[ 14:41 ],1,182
23922,2014-05-17,[ 14:42 ],1,271
23923,2014-05-17,[ 14:43 ],1,265
23924,2014-05-17,[ 14:44 ],1,265
23925,2014-05-17,[ 14:45 ],1,256
23926,2014-05-17,[ 14:46 ],1,253
23927,2014-05-17,[ 14:47 ],1,254
23928,2014-05-17,[ 14:48 ],1,254
23929,2014-05-17,[ 14:49 ],1,256
23930,2014-05-17,[ 14:50 ],1,256
23931,2014-05-17,[ 14:51 ],1,252
23932,2014-05-17,[ 14:52 ],1,229
23933,2014-05-17,[ 14:53 ],1,227
23934,2014-05-17,[ 14:54 ],1,227
23935,2014-05-17,[ 14:55 ],1,227
23936,2014-05-17,[ 14:56 ],1,227
23937,2014-05-17,[ 14:57 ],1,226
23938,2014-05-17,[ 14:58 ],1,225
23939,2014-05-17,[ 14:59 ],1,226
23940,2014-05-17,[ 15:00 ],1,226
23941,2014-05-17,[ 15:01 ],1,226
23942,2014-05-17,[ 15:02 ],1,226
23943,2014-05-17,[ 15:03 ],1,269
23944,2014-05-17,[ 15:04 ],1,269
23945,2014-05-17,[ 15:05 ],1,264
23946,2014-05-17,[ 15:06 ],1,228
23947,2014-05-17,[ 15:07 ],1,226
23948,2014-05-17,[ 15:08 ],1,229
23949,2014-05-17,[ 15:09 ],1,228
23950,2014-05-17,[ 15:10 ],1,225
23951,2014-05-17,[ 15:11 ],1,223
23952,2014-05-17,[ 15:12 ],1,224
23953,2014-05-17,[ 15:13 ],1,223
23954,2014-05-17,[ 15:14 ],1,223
23955,2014-05-17,[ 15:15 ],1,221
23956,2014-05-17,[ 15:16 ],1,217
23957,2014-05-17,[ 15:17 ],1,165
23958,2014-05-17,[ 15:18 ],1,165
23959,2014-05-17,[ 15:19 ],1,165
23960,2014-05-17,[ 15:20 ],1,190
23961,2014-05-17,[ 15:21 ],1,201
23962,2014-05-17,[ 15:22 ],1,192
23963,2014-05-17,[ 15:23 ],1,163
23964,2014-05-17,[ 15:24 ],1,163
23965,2014-05-17,[ 15:25 ],1,171
23966,2014-05-17,[ 15:26 ],1,163
23967,2014-05-17,[ 15:27 ],1,163
23968,2014-05-17,[ 15:28 ],1,162
23969,2014-05-17,[ 15:29 ],1,162
23970,2014-05-17,[ 15:30 ],1,187
23971,2014-05-17,[ 15:31 ],1,185
23972,2014-05-17,[ 15:32 ],1,185
23973,2014-05-17,[ 15:33 ],1,185
23974,2014-05-17,[ 15:34 ],1,162
23975,2014-05-17,[ 15:35 ],1,161
23976,2014-05-17,[ 15:36 ],1,162
23977,2014-05-17,[ 15:37 ],1,162
23978,2014-05-17,[ 15:38 ],1,163
23979,2014-05-17,[ 15:39 ],1,163
23980,2014-05-17,[ 15:40 ],1,163
23981,2014-05-17,[ 15:41 ],1,187
23982,2014-05-17,[ 15:42 ],1,189
23983,2014-05-17,[ 15:43 ],1,188
23984,2014-05-17,[ 15:44 ],1,160
23985,2014-05-17,[ 15:45 ],1,163
23986,2014-05-17,[ 15:46 ],1,163
23987,2014-05-17,[ 15:47 ],1,186
23988,2014-05-17,[ 15:48 ],1,189
23989,2014-05-17,[ 15:49 ],1,193
23990,2014-05-17,[ 15:50 ],1,188
23991,2014-05-17,[ 15:51 ],1,189
23992,2014-05-17,[ 15:52 ],1,188
23993,2014-05-17,[ 15:53 ],1,189
23994,2014-05-17,[ 15:54 ],1,189
23995,2014-05-17,[ 15:55 ],1,2588
23996,2014-05-17,[ 15:56 ],1,2581
23997,2014-05-17,[ 15:57 ],1,200
23998,2014-05-17,[ 15:58 ],1,188
23999,2014-05-17,[ 15:59 ],1,188
24000,2014-05-17,[ 16:00 ],1,269
24001,2014-05-17,[ 16:01 ],1,273
24002,2014-05-17,[ 16:02 ],1,260
24003,2014-05-17,[ 16:03 ],1,266
24004,2014-05-17,[ 16:04 ],1,265
24005,2014-05-17,[ 16:05 ],1,261
24006,2014-05-17,[ 16:06 ],1,266
24007,2014-05-17,[ 16:07 ],1,264
24008,2014-05-17,[ 16:08 ],1,264
24009,2014-05-17,[ 16:09 ],1,266
24010,2014-05-17,[ 16:10 ],1,264
24011,2014-05-17,[ 16:11 ],1,262
24012,2014-05-17,[ 16:12 ],1,258
24013,2014-05-17,[ 16:13 ],1,264
24014,2014-05-17,[ 16:14 ],1,260
24015,2014-05-17,[ 16:15 ],1,261
24016,2014-05-17,[ 16:16 ],1,261
24017,2014-05-17,[ 16:17 ],1,260
24018,2014-05-17,[ 16:18 ],1,261
24019,2014-05-17,[ 16:19 ],1,287
24020,2014-05-17,[ 16:20 ],1,287
24021,2014-05-17,[ 16:21 ],1,261
24022,2014-05-17,[ 16:22 ],1,264
24023,2014-05-17,[ 16:23 ],1,260
24024,2014-05-17,[ 16:24 ],1,261
24025,2014-05-17,[ 16:25 ],1,259
24026,2014-05-17,[ 16:26 ],1,258
24027,2014-05-17,[ 16:27 ],1,271
24028,2014-05-17,[ 16:28 ],1,254
24029,2014-05-17,[ 16:29 ],1,256
24030,2014-05-17,[ 16:30 ],1,253
24031,2014-05-17,[ 16:31 ],1,186
24032,2014-05-17,[ 16:32 ],1,201
24033,2014-05-17,[ 16:33 ],1,203
24034,2014-05-17,[ 16:34 ],1,207
24035,2014-05-17,[ 16:35 ],1,204
24036,2014-05-17,[ 16:36 ],1,202
24037,2014-05-17,[ 16:37 ],1,204
24038,2014-05-17,[ 16:38 ],1,205
24039,2014-05-17,[ 16:39 ],1,205
24040,2014-05-17,[ 16:40 ],1,203
24041,2014-05-17,[ 16:41 ],1,416
24042,2014-05-17,[ 16:42 ],1,426
24043,2014-05-17,[ 16:43 ],1,424
24044,2014-05-17,[ 16:44 ],1,385
24045,2014-05-17,[ 16:45 ],1,387
24046,2014-05-17,[ 16:46 ],1,385
24047,2014-05-17,[ 16:47 ],1,388
24048,2014-05-17,[ 16:48 ],1,383
24049,2014-05-17,[ 16:49 ],1,386
24050,2014-05-17,[ 16:50 ],1,383
24051,2014-05-17,[ 16:51 ],1,382
24052,2014-05-17,[ 16:52 ],1,385
24053,2014-05-17,[ 16:53 ],1,385
24054,2014-05-17,[ 16:54 ],1,165
24055,2014-05-17,[ 16:55 ],1,163
24056,2014-05-17,[ 16:56 ],1,163
24057,2014-05-17,[ 16:57 ],1,185
24058,2014-05-17,[ 16:58 ],1,189
24059,2014-05-17,[ 16:59 ],1,188
24060,2014-05-17,[ 17:00 ],1,190
24061,2014-05-17,[ 17:01 ],1,186
24062,2014-05-17,[ 17:02 ],1,163
24063,2014-05-17,[ 17:03 ],1,163
24064,2014-05-17,[ 17:04 ],1,163
24065,2014-05-17,[ 17:05 ],1,163
24066,2014-05-17,[ 17:06 ],1,277
24067,2014-05-17,[ 17:07 ],1,265
24068,2014-05-17,[ 17:08 ],1,235
24069,2014-05-17,[ 17:09 ],1,241
24070,2014-05-17,[ 17:10 ],1,243
24071,2014-05-17,[ 17:11 ],1,326
24072,2014-05-17,[ 17:12 ],1,308
24073,2014-05-17,[ 17:13 ],1,304
24074,2014-05-17,[ 17:14 ],1,292
24075,2014-05-17,[ 17:15 ],1,307
24076,2014-05-17,[ 17:16 ],1,293
24077,2014-05-17,[ 17:17 ],1,278
24078,2014-05-17,[ 17:18 ],1,300
24079,2014-05-17,[ 17:19 ],1,324
24080,2014-05-17,[ 17:20 ],1,334
24081,2014-05-17,[ 17:21 ],1,336
24082,2014-05-17,[ 17:22 ],1,298
24083,2014-05-17,[ 17:23 ],1,297
24084,2014-05-17,[ 17:24 ],1,257
24085,2014-05-17,[ 17:25 ],1,219
24086,2014-05-17,[ 17:26 ],1,264
24087,2014-05-17,[ 17:27 ],1,269
24088,2014-05-17,[ 17:28 ],1,270
24089,2014-05-17,[ 17:29 ],1,269
24090,2014-05-17,[ 17:30 ],1,270
24091,2014-05-17,[ 17:31 ],1,270
24092,2014-05-17,[ 17:32 ],1,269
24093,2014-05-17,[ 17:33 ],1,266
24094,2014-05-17,[ 17:34 ],1,266
24095,2014-05-17,[ 17:35 ],1,306
24096,2014-05-17,[ 17:36 ],1,2752
24097,2014-05-17,[ 17:37 ],1,2645
24098,2014-05-17,[ 17:38 ],1,301
24099,2014-05-17,[ 17:39 ],1,302
24100,2014-05-17,[ 17:40 ],1,301
24101,2014-05-17,[ 17:41 ],1,307
24102,2014-05-17,[ 17:42 ],1,305
24103,2014-05-17,[ 17:43 ],1,306
24104,2014-05-17,[ 17:44 ],1,327
24105,2014-05-17,[ 17:45 ],1,327
24106,2014-05-17,[ 17:46 ],1,308
24107,2014-05-17,[ 17:47 ],1,304
24108,2014-05-17,[ 17:48 ],1,304
24109,2014-05-17,[ 17:49 ],1,302
24110,2014-05-17,[ 17:50 ],1,301
24111,2014-05-17,[ 17:51 ],1,301
24112,2014-05-17,[ 17:52 ],1,311
24113,2014-05-17,[ 17:53 ],1,299
24114,2014-05-17,[ 17:54 ],1,269
24115,2014-05-17,[ 17:55 ],1,270
24116,2014-05-17,[ 17:56 ],1,266
24117,2014-05-17,[ 17:57 ],1,270
24118,2014-05-17,[ 17:58 ],1,270
24119,2014-05-17,[ 17:59 ],1,267
24120,2014-05-17,[ 18:00 ],1,267
24121,2014-05-17,[ 18:01 ],1,269
24122,2014-05-17,[ 18:02 ],1,271
24123,2014-05-17,[ 18:03 ],1,258
24124,2014-05-17,[ 18:04 ],1,254
24125,2014-05-17,[ 18:05 ],1,256
24126,2014-05-17,[ 18:06 ],1,189
24127,2014-05-17,[ 18:07 ],1,188
24128,2014-05-17,[ 18:08 ],1,189
24129,2014-05-17,[ 18:09 ],1,189
24130,2014-05-17,[ 18:10 ],1,187
24131,2014-05-17,[ 18:11 ],1,188
24132,2014-05-17,[ 18:12 ],1,189
24133,2014-05-17,[ 18:13 ],1,190
24134,2014-05-17,[ 18:14 ],1,190
24135,2014-05-17,[ 18:15 ],1,201
24136,2014-05-17,[ 18:16 ],1,190
24137,2014-05-17,[ 18:17 ],1,195
24138,2014-05-17,[ 18:18 ],1,1974
24139,2014-05-17,[ 18:19 ],1,1943
24140,2014-05-17,[ 18:20 ],1,191
24141,2014-05-17,[ 18:21 ],1,190
24142,2014-05-17,[ 18:22 ],1,327
24143,2014-05-17,[ 18:23 ],1,327
24144,2014-05-17,[ 18:24 ],1,260
24145,2014-05-17,[ 18:25 ],1,261
24146,2014-05-17,[ 18:26 ],1,265
24147,2014-05-17,[ 18:27 ],1,270
24148,2014-05-17,[ 18:28 ],1,270
24149,2014-05-17,[ 18:29 ],1,269
24150,2014-05-17,[ 18:30 ],1,269
24151,2014-05-17,[ 18:31 ],1,270
24152,2014-05-17,[ 18:32 ],1,264
24153,2014-05-17,[ 18:33 ],1,265
24154,2014-05-17,[ 18:34 ],1,265
24155,2014-05-17,[ 18:35 ],1,266
24156,2014-05-17,[ 18:36 ],1,269
24157,2014-05-17,[ 18:37 ],1,269
24158,2014-05-17,[ 18:38 ],1,271
24159,2014-05-17,[ 18:39 ],1,271
24160,2014-05-17,[ 18:40 ],1,266
24161,2014-05-17,[ 18:41 ],1,269
24162,2014-05-17,[ 18:42 ],1,266
24163,2014-05-17,[ 18:43 ],1,266
24164,2014-05-17,[ 18:44 ],1,272
24165,2014-05-17,[ 18:45 ],1,271
24166,2014-05-17,[ 18:46 ],1,265
24167,2014-05-17,[ 18:47 ],1,274
24168,2014-05-17,[ 18:48 ],1,273
24169,2014-05-17,[ 18:49 ],1,272
24170,2014-05-17,[ 18:50 ],1,271
24171,2014-05-17,[ 18:51 ],1,201
24172,2014-05-17,[ 18:52 ],1,202
24173,2014-05-17,[ 18:53 ],1,191
24174,2014-05-17,[ 18:54 ],1,190
24175,2014-05-17,[ 18:55 ],1,190
24176,2014-05-17,[ 18:56 ],1,188
24177,2014-05-17,[ 18:57 ],1,228
24178,2014-05-17,[ 18:58 ],1,425
24179,2014-05-17,[ 18:59 ],1,414
24180,2014-05-17,[ 19:00 ],1,435
24181,2014-05-17,[ 19:01 ],1,449
24182,2014-05-17,[ 19:02 ],1,450
24183,2014-05-17,[ 19:03 ],1,446
24184,2014-05-17,[ 19:04 ],1,444
24185,2014-05-17,[ 19:05 ],1,440
24186,2014-05-17,[ 19:06 ],1,436
24187,2014-05-17,[ 19:07 ],1,412
24188,2014-05-17,[ 19:08 ],1,423
24189,2014-05-17,[ 19:09 ],1,444
24190,2014-05-17,[ 19:10 ],1,434
24191,2014-05-17,[ 19:11 ],1,434
24192,2014-05-17,[ 19:12 ],1,1687
24193,2014-05-17,[ 19:13 ],1,1687
24194,2014-05-17,[ 19:14 ],1,948
24195,2014-05-17,[ 19:15 ],1,965
24196,2014-05-17,[ 19:16 ],1,814
24197,2014-05-17,[ 19:17 ],1,905
24198,2014-05-17,[ 19:18 ],1,831
24199,2014-05-17,[ 19:19 ],1,1636
24200,2014-05-17,[ 19:20 ],1,946
24201,2014-05-17,[ 19:21 ],1,753
24202,2014-05-17,[ 19:22 ],1,737
24203,2014-05-17,[ 19:23 ],1,421
24204,2014-05-17,[ 19:24 ],1,414
24205,2014-05-17,[ 19:25 ],1,415
24206,2014-05-17,[ 19:26 ],1,421
24207,2014-05-17,[ 19:27 ],1,421
24208,2014-05-17,[ 19:28 ],1,406
24209,2014-05-17,[ 19:29 ],1,404
24210,2014-05-17,[ 19:30 ],1,405
24211,2014-05-17,[ 19:31 ],1,520
24212,2014-05-17,[ 19:32 ],1,479
24213,2014-05-17,[ 19:33 ],1,514
24214,2014-05-17,[ 19:34 ],1,540
24215,2014-05-17,[ 19:35 ],1,2116
24216,2014-05-17,[ 19:36 ],1,2116
24217,2014-05-17,[ 19:37 ],1,504
24218,2014-05-17,[ 19:38 ],1,518
24219,2014-05-17,[ 19:39 ],1,486
24220,2014-05-17,[ 19:40 ],1,484
24221,2014-05-17,[ 19:41 ],1,460
24222,2014-05-17,[ 19:42 ],1,444
24223,2014-05-17,[ 19:43 ],1,443
24224,2014-05-17,[ 19:44 ],1,374
24225,2014-05-17,[ 19:45 ],1,370
24226,2014-05-17,[ 19:46 ],1,367
24227,2014-05-17,[ 19:47 ],1,369
24228,2014-05-17,[ 19:48 ],1,369
24229,2014-05-17,[ 19:49 ],1,372
24230,2014-05-17,[ 19:50 ],1,372
24231,2014-05-17,[ 19:51 ],1,370
24232,2014-05-17,[ 19:52 ],1,376
24233,2014-05-17,[ 19:53 ],1,463
24234,2014-05-17,[ 19:54 ],1,475
24235,2014-05-17,[ 19:55 ],1,478
24236,2014-05-17,[ 19:56 ],1,492
24237,2014-05-17,[ 19:57 ],1,505
24238,2014-05-17,[ 19:58 ],1,495
24239,2014-05-17,[ 19:59 ],1,497
24240,2014-05-17,[ 20:00 ],1,484
24241,2014-05-17,[ 20:01 ],1,475
24242,2014-05-17,[ 20:02 ],1,474
24243,2014-05-17,[ 20:03 ],1,485
24244,2014-05-17,[ 20:04 ],1,487
24245,2014-05-17,[ 20:05 ],1,484
24246,2014-05-17,[ 20:06 ],1,478
24247,2014-05-17,[ 20:07 ],1,473
24248,2014-05-17,[ 20:08 ],1,472
24249,2014-05-17,[ 20:09 ],1,472
24250,2014-05-17,[ 20:10 ],1,473
24251,2014-05-17,[ 20:11 ],1,481
24252,2014-05-17,[ 20:12 ],1,478
24253,2014-05-17,[ 20:13 ],1,481
24254,2014-05-17,[ 20:14 ],1,496
24255,2014-05-17,[ 20:15 ],1,1236
24256,2014-05-17,[ 20:16 ],1,2161
24257,2014-05-17,[ 20:17 ],1,546
24258,2014-05-17,[ 20:18 ],1,497
24259,2014-05-17,[ 20:19 ],1,490
24260,2014-05-17,[ 20:20 ],1,487
24261,2014-05-17,[ 20:21 ],1,478
24262,2014-05-17,[ 20:22 ],1,474
24263,2014-05-17,[ 20:23 ],1,471
24264,2014-05-17,[ 20:24 ],1,471
24265,2014-05-17,[ 20:25 ],1,469
24266,2014-05-17,[ 20:26 ],1,469
24267,2014-05-17,[ 20:27 ],1,389
24268,2014-05-17,[ 20:28 ],1,386
24269,2014-05-17,[ 20:29 ],1,397
24270,2014-05-17,[ 20:30 ],1,400
24271,2014-05-17,[ 20:31 ],1,398
24272,2014-05-17,[ 20:32 ],1,391
24273,2014-05-17,[ 20:33 ],1,394
24274,2014-05-17,[ 20:34 ],1,418
24275,2014-05-17,[ 20:35 ],1,411
24276,2014-05-17,[ 20:36 ],1,405
24277,2014-05-17,[ 20:37 ],1,403
24278,2014-05-17,[ 20:38 ],1,398
24279,2014-05-17,[ 20:39 ],1,389
24280,2014-05-17,[ 20:40 ],1,394
24281,2014-05-17,[ 20:41 ],1,434
24282,2014-05-17,[ 20:42 ],1,422
24283,2014-05-17,[ 20:43 ],1,414
24284,2014-05-17,[ 20:44 ],1,423
24285,2014-05-17,[ 20:45 ],1,400
24286,2014-05-17,[ 20:46 ],1,414
24287,2014-05-17,[ 20:47 ],1,394
24288,2014-05-17,[ 20:48 ],1,417
24289,2014-05-17,[ 20:49 ],1,424
24290,2014-05-17,[ 20:50 ],1,424
24291,2014-05-17,[ 20:51 ],1,409
24292,2014-05-17,[ 20:52 ],1,425
24293,2014-05-17,[ 20:53 ],1,420
24294,2014-05-17,[ 20:54 ],1,420
24295,2014-05-17,[ 20:55 ],1,404
24296,2014-05-17,[ 20:56 ],1,394
24297,2014-05-17,[ 20:57 ],1,411
24298,2014-05-17,[ 20:58 ],1,420
24299,2014-05-17,[ 20:59 ],1,416
24300,2014-05-17,[ 21:00 ],1,426
24301,2014-05-17,[ 21:01 ],1,393
24302,2014-05-17,[ 21:02 ],1,410
24303,2014-05-17,[ 21:03 ],1,410
24304,2014-05-17,[ 21:04 ],1,414
24305,2014-05-17,[ 21:05 ],1,413
24306,2014-05-17,[ 21:06 ],1,496
24307,2014-05-17,[ 21:07 ],1,507
24308,2014-05-17,[ 21:08 ],1,506
24309,2014-05-17,[ 21:09 ],1,520
24310,2014-05-17,[ 21:10 ],1,475
24311,2014-05-17,[ 21:11 ],1,475
24312,2014-05-17,[ 21:12 ],1,465
24313,2014-05-17,[ 21:13 ],1,460
24314,2014-05-17,[ 21:14 ],1,471
24315,2014-05-17,[ 21:15 ],1,469
24316,2014-05-17,[ 21:16 ],1,475
24317,2014-05-17,[ 21:17 ],1,470
24318,2014-05-17,[ 21:18 ],1,472
24319,2014-05-17,[ 21:19 ],1,472
24320,2014-05-17,[ 21:20 ],1,474
24321,2014-05-17,[ 21:21 ],1,476
24322,2014-05-17,[ 21:22 ],1,476
24323,2014-05-17,[ 21:23 ],1,472
24324,2014-05-17,[ 21:24 ],1,478
24325,2014-05-17,[ 21:25 ],1,478
24326,2014-05-17,[ 21:26 ],1,473
24327,2014-05-17,[ 21:27 ],1,473
24328,2014-05-17,[ 21:28 ],1,474
24329,2014-05-17,[ 21:29 ],1,471
24330,2014-05-17,[ 21:30 ],1,474
24331,2014-05-17,[ 21:31 ],1,472
24332,2014-05-17,[ 21:32 ],1,473
24333,2014-05-17,[ 21:33 ],1,470
24334,2014-05-17,[ 21:34 ],1,482
24335,2014-05-17,[ 21:35 ],1,404
24336,2014-05-17,[ 21:36 ],1,405
24337,2014-05-17,[ 21:37 ],1,403
24338,2014-05-17,[ 21:38 ],1,397
24339,2014-05-17,[ 21:39 ],1,321
24340,2014-05-17,[ 21:40 ],1,186
24341,2014-05-17,[ 21:41 ],1,185
24342,2014-05-17,[ 21:42 ],1,240
24343,2014-05-17,[ 21:43 ],1,250
24344,2014-05-17,[ 21:44 ],1,240
24345,2014-05-17,[ 21:45 ],1,234
24346,2014-05-17,[ 21:46 ],1,246
24347,2014-05-17,[ 21:47 ],1,246
24348,2014-05-17,[ 21:48 ],1,253
24349,2014-05-17,[ 21:49 ],1,256
24350,2014-05-17,[ 21:50 ],1,308
24351,2014-05-17,[ 21:51 ],1,308
24352,2014-05-17,[ 21:52 ],1,327
24353,2014-05-17,[ 21:53 ],1,327
24354,2014-05-17,[ 21:54 ],1,332
24355,2014-05-17,[ 21:55 ],1,334
24356,2014-05-17,[ 21:56 ],1,351
24357,2014-05-17,[ 21:57 ],1,352
24358,2014-05-17,[ 21:58 ],1,353
24359,2014-05-17,[ 21:59 ],1,333
24360,2014-05-17,[ 22:00 ],1,304
24361,2014-05-17,[ 22:01 ],1,298
24362,2014-05-17,[ 22:02 ],1,294
24363,2014-05-17,[ 22:03 ],1,297
24364,2014-05-17,[ 22:04 ],1,300
24365,2014-05-17,[ 22:05 ],1,335
24366,2014-05-17,[ 22:06 ],1,222
24367,2014-05-17,[ 22:07 ],1,311
24368,2014-05-17,[ 22:08 ],1,2616
24369,2014-05-17,[ 22:09 ],1,2583
24370,2014-05-17,[ 22:10 ],1,2561
24371,2014-05-17,[ 22:11 ],1,2534
24372,2014-05-17,[ 22:12 ],1,2571
24373,2014-05-17,[ 22:13 ],1,2630
24374,2014-05-17,[ 22:14 ],1,2624
24375,2014-05-17,[ 22:15 ],1,2614
24376,2014-05-17,[ 22:16 ],1,2625
24377,2014-05-17,[ 22:17 ],1,2611
24378,2014-05-17,[ 22:18 ],1,347
24379,2014-05-17,[ 22:19 ],1,345
24380,2014-05-17,[ 22:20 ],1,344
24381,2014-05-17,[ 22:21 ],1,344
24382,2014-05-17,[ 22:22 ],1,351
24383,2014-05-17,[ 22:23 ],1,353
24384,2014-05-17,[ 22:24 ],1,354
24385,2014-05-17,[ 22:25 ],1,281
24386,2014-05-17,[ 22:26 ],1,281
24387,2014-05-17,[ 22:27 ],1,280
24388,2014-05-17,[ 22:28 ],1,271
24389,2014-05-17,[ 22:29 ],1,271
24390,2014-05-17,[ 22:30 ],1,271
24391,2014-05-17,[ 22:31 ],1,271
24392,2014-05-17,[ 22:32 ],1,273
24393,2014-05-17,[ 22:33 ],1,273
24394,2014-05-17,[ 22:34 ],1,343
24395,2014-05-17,[ 22:35 ],1,347
24396,2014-05-17,[ 22:36 ],1,344
24397,2014-05-17,[ 22:37 ],1,344
24398,2014-05-17,[ 22:38 ],1,347
24399,2014-05-17,[ 22:39 ],1,353
24400,2014-05-17,[ 22:40 ],1,353
24401,2014-05-17,[ 22:41 ],1,351
24402,2014-05-17,[ 22:42 ],1,352
24403,2014-05-17,[ 22:43 ],1,350
24404,2014-05-17,[ 22:44 ],1,350
24405,2014-05-17,[ 22:45 ],1,344
24406,2014-05-17,[ 22:46 ],1,348
24407,2014-05-17,[ 22:47 ],1,348
24408,2014-05-17,[ 22:48 ],1,344
24409,2014-05-17,[ 22:49 ],1,342
24410,2014-05-17,[ 22:50 ],1,347
24411,2014-05-17,[ 22:51 ],1,348
24412,2014-05-17,[ 22:52 ],1,347
24413,2014-05-17,[ 22:53 ],1,350
24414,2014-05-17,[ 22:54 ],1,347
24415,2014-05-17,[ 22:55 ],1,347
24416,2014-05-17,[ 22:56 ],1,347
24417,2014-05-17,[ 22:57 ],1,375
24418,2014-05-17,[ 22:58 ],1,375
24419,2014-05-17,[ 22:59 ],1,337
24420,2014-05-17,[ 23:00 ],1,273
24421,2014-05-17,[ 23:01 ],1,283
24422,2014-05-17,[ 23:02 ],1,282
24423,2014-05-17,[ 23:03 ],1,282
24424,2014-05-17,[ 23:04 ],1,272
24425,2014-05-17,[ 23:05 ],1,272
24426,2014-05-17,[ 23:06 ],1,275
24427,2014-05-17,[ 23:07 ],1,272
24428,2014-05-17,[ 23:08 ],1,270
24429,2014-05-17,[ 23:09 ],1,292
24430,2014-05-17,[ 23:10 ],1,193
24431,2014-05-17,[ 23:11 ],1,2580
24432,2014-05-17,[ 23:12 ],1,2580
24433,2014-05-17,[ 23:13 ],1,2580
24434,2014-05-17,[ 23:14 ],1,2580
24435,2014-05-17,[ 23:15 ],1,2563
24436,2014-05-17,[ 23:16 ],1,2593
24437,2014-05-17,[ 23:17 ],1,2583
24438,2014-05-17,[ 23:18 ],1,2570
24439,2014-05-17,[ 23:19 ],1,2575
24440,2014-05-17,[ 23:20 ],1,2570
24441,2014-05-17,[ 23:21 ],1,2577
24442,2014-05-17,[ 23:22 ],1,2578
24443,2014-05-17,[ 23:23 ],1,2580
24444,2014-05-17,[ 23:24 ],1,2580
24445,2014-05-17,[ 23:25 ],1,2571
24446,2014-05-17,[ 23:26 ],1,2511
24447,2014-05-17,[ 23:27 ],1,186
24448,2014-05-17,[ 23:28 ],1,171
24449,2014-05-17,[ 23:29 ],1,172
24450,2014-05-17,[ 23:30 ],1,172
24451,2014-05-17,[ 23:31 ],1,171
24452,2014-05-17,[ 23:32 ],1,171
24453,2014-05-17,[ 23:33 ],1,171
24454,2014-05-17,[ 23:34 ],1,171
24455,2014-05-17,[ 23:35 ],1,170
24456,2014-05-17,[ 23:36 ],1,170
24457,2014-05-17,[ 23:37 ],1,169
24458,2014-05-17,[ 23:38 ],1,170
24459,2014-05-17,[ 23:39 ],1,170
24460,2014-05-17,[ 23:40 ],1,239
24461,2014-05-17,[ 23:41 ],1,232
24462,2014-05-17,[ 23:42 ],1,228
24463,2014-05-17,[ 23:43 ],1,229
24464,2014-05-17,[ 23:44 ],1,228
24465,2014-05-17,[ 23:45 ],1,228
24466,2014-05-17,[ 23:46 ],1,226
24467,2014-05-17,[ 23:47 ],1,223
24468,2014-05-17,[ 23:48 ],1,223
24469,2014-05-17,[ 23:49 ],1,223
24470,2014-05-17,[ 23:50 ],1,222
24471,2014-05-17,[ 23:51 ],1,217
24472,2014-05-17,[ 23:52 ],1,168
24473,2014-05-17,[ 23:53 ],1,168
24474,2014-05-17,[ 23:54 ],1,167
24475,2014-05-17,[ 23:55 ],1,167
24476,2014-05-17,[ 23:56 ],1,168
24477,2014-05-17,[ 23:57 ],1,169
24478,2014-05-17,[ 23:58 ],1,170
24479,2014-05-17,[ 23:59 ],1,170
24480,2014-05-18,[ 00:00 ],1,171
24481,2014-05-18,[ 00:01 ],1,168
24482,2014-05-18,[ 00:02 ],1,234
24483,2014-05-18,[ 00:03 ],1,231
24484,2014-05-18,[ 00:04 ],1,225
24485,2014-05-18,[ 00:05 ],1,228
24486,2014-05-18,[ 00:06 ],1,229
24487,2014-05-18,[ 00:07 ],1,229
24488,2014-05-18,[ 00:08 ],1,231
24489,2014-05-18,[ 00:09 ],1,231
24490,2014-05-18,[ 00:10 ],1,232
24491,2014-05-18,[ 00:11 ],1,232
24492,2014-05-18,[ 00:12 ],1,229
24493,2014-05-18,[ 00:13 ],1,232
24494,2014-05-18,[ 00:14 ],1,231
24495,2014-05-18,[ 00:15 ],1,229
24496,2014-05-18,[ 00:16 ],1,229
24497,2014-05-18,[ 00:17 ],1,228
24498,2014-05-18,[ 00:18 ],1,228
24499,2014-05-18,[ 00:19 ],1,229
24500,2014-05-18,[ 00:20 ],1,231
24501,2014-05-18,[ 00:21 ],1,231
24502,2014-05-18,[ 00:22 ],1,231
24503,2014-05-18,[ 00:23 ],1,226
24504,2014-05-18,[ 00:24 ],1,226
24505,2014-05-18,[ 00:25 ],1,222
24506,2014-05-18,[ 00:26 ],1,223
24507,2014-05-18,[ 00:27 ],1,221
24508,2014-05-18,[ 00:28 ],1,168
24509,2014-05-18,[ 00:29 ],1,167
24510,2014-05-18,[ 00:30 ],1,167
24511,2014-05-18,[ 00:31 ],1,166
24512,2014-05-18,[ 00:32 ],1,168
24513,2014-05-18,[ 00:33 ],1,169
24514,2014-05-18,[ 00:34 ],1,169
24515,2014-05-18,[ 00:35 ],1,168
24516,2014-05-18,[ 00:36 ],1,168
24517,2014-05-18,[ 00:37 ],1,170
24518,2014-05-18,[ 00:38 ],1,170
24519,2014-05-18,[ 00:39 ],1,169
24520,2014-05-18,[ 00:40 ],1,169
24521,2014-05-18,[ 00:41 ],1,169
24522,2014-05-18,[ 00:42 ],1,169
24523,2014-05-18,[ 00:43 ],1,169
24524,2014-05-18,[ 00:44 ],1,169
24525,2014-05-18,[ 00:45 ],1,169
24526,2014-05-18,[ 00:46 ],1,167
24527,2014-05-18,[ 00:47 ],1,168
24528,2014-05-18,[ 00:48 ],1,170
24529,2014-05-18,[ 00:49 ],1,169
24530,2014-05-18,[ 00:50 ],1,169
24531,2014-05-18,[ 00:51 ],1,169
24532,2014-05-18,[ 00:52 ],1,166
24533,2014-05-18,[ 00:53 ],1,167
24534,2014-05-18,[ 00:54 ],1,168
24535,2014-05-18,[ 00:55 ],1,167
24536,2014-05-18,[ 00:56 ],1,167
24537,2014-05-18,[ 00:57 ],1,167
24538,2014-05-18,[ 00:58 ],1,166
24539,2014-05-18,[ 00:59 ],1,169
24540,2014-05-18,[ 01:00 ],1,169
24541,2014-05-18,[ 01:01 ],1,168
24542,2014-05-18,[ 01:02 ],1,168
24543,2014-05-18,[ 01:03 ],1,167
24544,2014-05-18,[ 01:04 ],1,169
24545,2014-05-18,[ 01:05 ],1,169
24546,2014-05-18,[ 01:06 ],1,167
24547,2014-05-18,[ 01:07 ],1,254
24548,2014-05-18,[ 01:08 ],1,232
24549,2014-05-18,[ 01:09 ],1,223
24550,2014-05-18,[ 01:10 ],1,227
24551,2014-05-18,[ 01:11 ],1,227
24552,2014-05-18,[ 01:12 ],1,224
24553,2014-05-18,[ 01:13 ],1,224
24554,2014-05-18,[ 01:14 ],1,223
24555,2014-05-18,[ 01:15 ],1,224
24556,2014-05-18,[ 01:16 ],1,237
24557,2014-05-18,[ 01:17 ],1,242
24558,2014-05-18,[ 01:18 ],1,218
24559,2014-05-18,[ 01:19 ],1,167
24560,2014-05-18,[ 01:20 ],1,165
24561,2014-05-18,[ 01:21 ],1,167
24562,2014-05-18,[ 01:22 ],1,167
24563,2014-05-18,[ 01:23 ],1,166
24564,2014-05-18,[ 01:24 ],1,166
24565,2014-05-18,[ 01:25 ],1,167
24566,2014-05-18,[ 01:26 ],1,166
24567,2014-05-18,[ 01:27 ],1,167
24568,2014-05-18,[ 01:28 ],1,166
24569,2014-05-18,[ 01:29 ],1,168
24570,2014-05-18,[ 01:30 ],1,169
24571,2014-05-18,[ 01:31 ],1,166
24572,2014-05-18,[ 01:32 ],1,232
24573,2014-05-18,[ 01:33 ],1,226
24574,2014-05-18,[ 01:34 ],1,223
24575,2014-05-18,[ 01:35 ],1,225
24576,2014-05-18,[ 01:36 ],1,229
24577,2014-05-18,[ 01:37 ],1,231
24578,2014-05-18,[ 01:38 ],1,234
24579,2014-05-18,[ 01:39 ],1,231
24580,2014-05-18,[ 01:40 ],1,227
24581,2014-05-18,[ 01:41 ],1,229
24582,2014-05-18,[ 01:42 ],1,226
24583,2014-05-18,[ 01:43 ],1,224
24584,2014-05-18,[ 01:44 ],1,226
24585,2014-05-18,[ 01:45 ],1,226
24586,2014-05-18,[ 01:46 ],1,226
24587,2014-05-18,[ 01:47 ],1,227
24588,2014-05-18,[ 01:48 ],1,227
24589,2014-05-18,[ 01:49 ],1,225
24590,2014-05-18,[ 01:50 ],1,227
24591,2014-05-18,[ 01:51 ],1,227
24592,2014-05-18,[ 01:52 ],1,231
24593,2014-05-18,[ 01:53 ],1,231
24594,2014-05-18,[ 01:54 ],1,223
24595,2014-05-18,[ 01:55 ],1,219
24596,2014-05-18,[ 01:56 ],1,222
24597,2014-05-18,[ 01:57 ],1,222
24598,2014-05-18,[ 01:58 ],1,168
24599,2014-05-18,[ 01:59 ],1,163
24600,2014-05-18,[ 02:00 ],1,167
24601,2014-05-18,[ 02:01 ],1,168
24602,2014-05-18,[ 02:02 ],1,168
24603,2014-05-18,[ 02:03 ],1,168
24604,2014-05-18,[ 02:04 ],1,167
24605,2014-05-18,[ 02:05 ],1,167
24606,2014-05-18,[ 02:06 ],1,167
24607,2014-05-18,[ 02:07 ],1,168
24608,2014-05-18,[ 02:08 ],1,163
24609,2014-05-18,[ 02:09 ],1,165
24610,2014-05-18,[ 02:10 ],1,168
24611,2014-05-18,[ 02:11 ],1,166
24612,2014-05-18,[ 02:12 ],1,166
24613,2014-05-18,[ 02:13 ],1,168
24614,2014-05-18,[ 02:14 ],1,165
24615,2014-05-18,[ 02:15 ],1,165
24616,2014-05-18,[ 02:16 ],1,165
24617,2014-05-18,[ 02:17 ],1,163
24618,2014-05-18,[ 02:18 ],1,166
24619,2014-05-18,[ 02:19 ],1,166
24620,2014-05-18,[ 02:20 ],1,165
24621,2014-05-18,[ 02:21 ],1,165
24622,2014-05-18,[ 02:22 ],1,165
24623,2014-05-18,[ 02:23 ],1,167
24624,2014-05-18,[ 02:24 ],1,163
24625,2014-05-18,[ 02:25 ],1,163
24626,2014-05-18,[ 02:26 ],1,166
24627,2014-05-18,[ 02:27 ],1,165
24628,2014-05-18,[ 02:28 ],1,165
24629,2014-05-18,[ 02:29 ],1,183
24630,2014-05-18,[ 02:30 ],1,189
24631,2014-05-18,[ 02:31 ],1,212
24632,2014-05-18,[ 02:32 ],1,213
24633,2014-05-18,[ 02:33 ],1,218
24634,2014-05-18,[ 02:34 ],1,218
24635,2014-05-18,[ 02:35 ],1,222
24636,2014-05-18,[ 02:36 ],1,221
24637,2014-05-18,[ 02:37 ],1,219
24638,2014-05-18,[ 02:38 ],1,224
24639,2014-05-18,[ 02:39 ],1,223
24640,2014-05-18,[ 02:40 ],1,307
24641,2014-05-18,[ 02:41 ],1,300
24642,2014-05-18,[ 02:42 ],1,298
24643,2014-05-18,[ 02:43 ],1,300
24644,2014-05-18,[ 02:44 ],1,297
24645,2014-05-18,[ 02:45 ],1,299
24646,2014-05-18,[ 02:46 ],1,299
24647,2014-05-18,[ 02:47 ],1,297
24648,2014-05-18,[ 02:48 ],1,292
24649,2014-05-18,[ 02:49 ],1,292
24650,2014-05-18,[ 02:50 ],1,292
24651,2014-05-18,[ 02:51 ],1,218
24652,2014-05-18,[ 02:52 ],1,163
24653,2014-05-18,[ 02:53 ],1,163
24654,2014-05-18,[ 02:54 ],1,221
24655,2014-05-18,[ 02:55 ],1,215
24656,2014-05-18,[ 02:56 ],1,221
24657,2014-05-18,[ 02:57 ],1,219
24658,2014-05-18,[ 02:58 ],1,223
24659,2014-05-18,[ 02:59 ],1,222
24660,2014-05-18,[ 03:00 ],1,221
24661,2014-05-18,[ 03:01 ],1,165
24662,2014-05-18,[ 03:02 ],1,166
24663,2014-05-18,[ 03:03 ],1,170
24664,2014-05-18,[ 03:04 ],1,242
24665,2014-05-18,[ 03:05 ],1,241
24666,2014-05-18,[ 03:06 ],1,236
24667,2014-05-18,[ 03:07 ],1,240
24668,2014-05-18,[ 03:08 ],1,241
24669,2014-05-18,[ 03:09 ],1,242
24670,2014-05-18,[ 03:10 ],1,242
24671,2014-05-18,[ 03:11 ],1,242
24672,2014-05-18,[ 03:12 ],1,242
24673,2014-05-18,[ 03:13 ],1,239
24674,2014-05-18,[ 03:14 ],1,241
24675,2014-05-18,[ 03:15 ],1,239
24676,2014-05-18,[ 03:16 ],1,240
24677,2014-05-18,[ 03:17 ],1,239
24678,2014-05-18,[ 03:18 ],1,239
24679,2014-05-18,[ 03:19 ],1,237
24680,2014-05-18,[ 03:20 ],1,238
24681,2014-05-18,[ 03:21 ],1,239
24682,2014-05-18,[ 03:22 ],1,239
24683,2014-05-18,[ 03:23 ],1,246
24684,2014-05-18,[ 03:24 ],1,243
24685,2014-05-18,[ 03:25 ],1,237
24686,2014-05-18,[ 03:26 ],1,235
24687,2014-05-18,[ 03:27 ],1,236
24688,2014-05-18,[ 03:28 ],1,236
24689,2014-05-18,[ 03:29 ],1,231
24690,2014-05-18,[ 03:30 ],1,168
24691,2014-05-18,[ 03:31 ],1,171
24692,2014-05-18,[ 03:32 ],1,168
24693,2014-05-18,[ 03:33 ],1,170
24694,2014-05-18,[ 03:34 ],1,170
24695,2014-05-18,[ 03:35 ],1,171
24696,2014-05-18,[ 03:36 ],1,171
24697,2014-05-18,[ 03:37 ],1,169
24698,2014-05-18,[ 03:38 ],1,169
24699,2014-05-18,[ 03:39 ],1,170
24700,2014-05-18,[ 03:40 ],1,170
24701,2014-05-18,[ 03:41 ],1,171
24702,2014-05-18,[ 03:42 ],1,169
24703,2014-05-18,[ 03:43 ],1,169
24704,2014-05-18,[ 03:44 ],1,170
24705,2014-05-18,[ 03:45 ],1,171
24706,2014-05-18,[ 03:46 ],1,171
24707,2014-05-18,[ 03:47 ],1,170
24708,2014-05-18,[ 03:48 ],1,171
24709,2014-05-18,[ 03:49 ],1,171
24710,2014-05-18,[ 03:50 ],1,170
24711,2014-05-18,[ 03:51 ],1,167
24712,2014-05-18,[ 03:52 ],1,166
24713,2014-05-18,[ 03:53 ],1,163
24714,2014-05-18,[ 03:54 ],1,166
24715,2014-05-18,[ 03:55 ],1,165
24716,2014-05-18,[ 03:56 ],1,166
24717,2014-05-18,[ 03:57 ],1,165
24718,2014-05-18,[ 03:58 ],1,206
24719,2014-05-18,[ 03:59 ],1,195
24720,2014-05-18,[ 04:00 ],1,166
24721,2014-05-18,[ 04:01 ],1,166
24722,2014-05-18,[ 04:02 ],1,165
24723,2014-05-18,[ 04:03 ],1,165
24724,2014-05-18,[ 04:04 ],1,166
24725,2014-05-18,[ 04:05 ],1,165
24726,2014-05-18,[ 04:06 ],1,163
24727,2014-05-18,[ 04:07 ],1,163
24728,2014-05-18,[ 04:08 ],1,163
24729,2014-05-18,[ 04:09 ],1,166
24730,2014-05-18,[ 04:10 ],1,689
24731,2014-05-18,[ 04:11 ],1,689
24732,2014-05-18,[ 04:12 ],1,225
24733,2014-05-18,[ 04:13 ],1,223
24734,2014-05-18,[ 04:14 ],1,222
24735,2014-05-18,[ 04:15 ],1,222
24736,2014-05-18,[ 04:16 ],1,219
24737,2014-05-18,[ 04:17 ],1,221
24738,2014-05-18,[ 04:18 ],1,219
24739,2014-05-18,[ 04:19 ],1,262
24740,2014-05-18,[ 04:20 ],1,778
24741,2014-05-18,[ 04:21 ],1,513
24742,2014-05-18,[ 04:22 ],1,768
24743,2014-05-18,[ 04:23 ],1,163
24744,2014-05-18,[ 04:24 ],1,688
24745,2014-05-18,[ 04:25 ],1,163
24746,2014-05-18,[ 04:26 ],1,596
24747,2014-05-18,[ 04:27 ],1,165
24748,2014-05-18,[ 04:28 ],1,693
24749,2014-05-18,[ 04:29 ],1,165
24750,2014-05-18,[ 04:30 ],1,163
24751,2014-05-18,[ 04:31 ],1,163
24752,2014-05-18,[ 04:32 ],1,165
24753,2014-05-18,[ 04:33 ],1,163
24754,2014-05-18,[ 04:34 ],1,165
24755,2014-05-18,[ 04:35 ],1,163
24756,2014-05-18,[ 04:36 ],1,163
24757,2014-05-18,[ 04:37 ],1,774
24758,2014-05-18,[ 04:38 ],1,774
24759,2014-05-18,[ 04:39 ],1,217
24760,2014-05-18,[ 04:40 ],1,767
24761,2014-05-18,[ 04:41 ],1,224
24762,2014-05-18,[ 04:42 ],1,224
24763,2014-05-18,[ 04:43 ],1,225
24764,2014-05-18,[ 04:44 ],1,224
24765,2014-05-18,[ 04:45 ],1,225
24766,2014-05-18,[ 04:46 ],1,222
24767,2014-05-18,[ 04:47 ],1,500
24768,2014-05-18,[ 04:48 ],1,764
24769,2014-05-18,[ 04:49 ],1,775
24770,2014-05-18,[ 04:50 ],1,434
24771,2014-05-18,[ 04:51 ],1,222
24772,2014-05-18,[ 04:52 ],1,222
24773,2014-05-18,[ 04:53 ],1,223
24774,2014-05-18,[ 04:54 ],1,222
24775,2014-05-18,[ 04:55 ],1,221
24776,2014-05-18,[ 04:56 ],1,225
24777,2014-05-18,[ 04:57 ],1,526
24778,2014-05-18,[ 04:58 ],1,223
24779,2014-05-18,[ 04:59 ],1,770
24780,2014-05-18,[ 05:00 ],1,222
24781,2014-05-18,[ 05:01 ],1,222
24782,2014-05-18,[ 05:02 ],1,219
24783,2014-05-18,[ 05:03 ],1,166
24784,2014-05-18,[ 05:04 ],1,165
24785,2014-05-18,[ 05:05 ],1,163
24786,2014-05-18,[ 05:06 ],1,163
24787,2014-05-18,[ 05:07 ],1,684
24788,2014-05-18,[ 05:08 ],1,163
24789,2014-05-18,[ 05:09 ],1,682
24790,2014-05-18,[ 05:10 ],1,675
24791,2014-05-18,[ 05:11 ],1,679
24792,2014-05-18,[ 05:12 ],1,681
24793,2014-05-18,[ 05:13 ],1,680
24794,2014-05-18,[ 05:14 ],1,680
24795,2014-05-18,[ 05:15 ],1,674
24796,2014-05-18,[ 05:16 ],1,681
24797,2014-05-18,[ 05:17 ],1,681
24798,2014-05-18,[ 05:18 ],1,681
24799,2014-05-18,[ 05:19 ],1,680
24800,2014-05-18,[ 05:20 ],1,681
24801,2014-05-18,[ 05:21 ],1,680
24802,2014-05-18,[ 05:22 ],1,684
24803,2014-05-18,[ 05:23 ],1,678
24804,2014-05-18,[ 05:24 ],1,680
24805,2014-05-18,[ 05:25 ],1,679
24806,2014-05-18,[ 05:26 ],1,679
24807,2014-05-18,[ 05:27 ],1,673
24808,2014-05-18,[ 05:28 ],1,678
24809,2014-05-18,[ 05:29 ],1,679
24810,2014-05-18,[ 05:30 ],1,2297
24811,2014-05-18,[ 05:31 ],1,2132
24812,2014-05-18,[ 05:32 ],1,4698
24813,2014-05-18,[ 05:33 ],1,4836
24814,2014-05-18,[ 05:34 ],1,2126
24815,2014-05-18,[ 05:35 ],1,2149
24816,2014-05-18,[ 05:36 ],1,2146
24817,2014-05-18,[ 05:37 ],1,680
24818,2014-05-18,[ 05:38 ],1,675
24819,2014-05-18,[ 05:39 ],1,668
24820,2014-05-18,[ 05:40 ],1,672
24821,2014-05-18,[ 05:41 ],1,674
24822,2014-05-18,[ 05:42 ],1,679
24823,2014-05-18,[ 05:43 ],1,675
24824,2014-05-18,[ 05:44 ],1,775
24825,2014-05-18,[ 05:45 ],1,770
24826,2014-05-18,[ 05:46 ],1,768
24827,2014-05-18,[ 05:47 ],1,775
24828,2014-05-18,[ 05:48 ],1,767
24829,2014-05-18,[ 05:49 ],1,768
24830,2014-05-18,[ 05:50 ],1,761
24831,2014-05-18,[ 05:51 ],1,765
24832,2014-05-18,[ 05:52 ],1,765
24833,2014-05-18,[ 05:53 ],1,767
24834,2014-05-18,[ 05:54 ],1,766
24835,2014-05-18,[ 05:55 ],1,761
24836,2014-05-18,[ 05:56 ],1,677
24837,2014-05-18,[ 05:57 ],1,674
24838,2014-05-18,[ 05:58 ],1,674
24839,2014-05-18,[ 05:59 ],1,677
24840,2014-05-18,[ 06:00 ],1,671
24841,2014-05-18,[ 06:01 ],1,668
24842,2014-05-18,[ 06:02 ],1,661
24843,2014-05-18,[ 06:03 ],1,662
24844,2014-05-18,[ 06:04 ],1,668
24845,2014-05-18,[ 06:05 ],1,792
24846,2014-05-18,[ 06:06 ],1,752
24847,2014-05-18,[ 06:07 ],1,761
24848,2014-05-18,[ 06:08 ],1,761
24849,2014-05-18,[ 06:09 ],1,759
24850,2014-05-18,[ 06:10 ],1,756
24851,2014-05-18,[ 06:11 ],1,330
24852,2014-05-18,[ 06:12 ],1,752
24853,2014-05-18,[ 06:13 ],1,752
24854,2014-05-18,[ 06:14 ],1,750
24855,2014-05-18,[ 06:15 ],1,225
24856,2014-05-18,[ 06:16 ],1,764
24857,2014-05-18,[ 06:17 ],1,764
24858,2014-05-18,[ 06:18 ],1,751
24859,2014-05-18,[ 06:19 ],1,221
24860,2014-05-18,[ 06:20 ],1,770
24861,2014-05-18,[ 06:21 ],1,760
24862,2014-05-18,[ 06:22 ],1,767
24863,2014-05-18,[ 06:23 ],1,756
24864,2014-05-18,[ 06:24 ],1,760
24865,2014-05-18,[ 06:25 ],1,390
24866,2014-05-18,[ 06:26 ],1,766
24867,2014-05-18,[ 06:27 ],1,660
24868,2014-05-18,[ 06:28 ],1,754
24869,2014-05-18,[ 06:29 ],1,767
24870,2014-05-18,[ 06:30 ],1,214
24871,2014-05-18,[ 06:31 ],1,680
24872,2014-05-18,[ 06:32 ],1,680
24873,2014-05-18,[ 06:33 ],1,564
24874,2014-05-18,[ 06:34 ],1,675
24875,2014-05-18,[ 06:35 ],1,668
24876,2014-05-18,[ 06:36 ],1,448
24877,2014-05-18,[ 06:37 ],1,833
24878,2014-05-18,[ 06:38 ],1,807
24879,2014-05-18,[ 06:39 ],1,830
24880,2014-05-18,[ 06:40 ],1,720
24881,2014-05-18,[ 06:41 ],1,873
24882,2014-05-18,[ 06:42 ],1,695
24883,2014-05-18,[ 06:43 ],1,870
24884,2014-05-18,[ 06:44 ],1,717
24885,2014-05-18,[ 06:45 ],1,674
24886,2014-05-18,[ 06:46 ],1,162
24887,2014-05-18,[ 06:47 ],1,682
24888,2014-05-18,[ 06:48 ],1,682
24889,2014-05-18,[ 06:49 ],1,671
24890,2014-05-18,[ 06:50 ],1,165
24891,2014-05-18,[ 06:51 ],1,672
24892,2014-05-18,[ 06:52 ],1,163
24893,2014-05-18,[ 06:53 ],1,670
24894,2014-05-18,[ 06:54 ],1,165
24895,2014-05-18,[ 06:55 ],1,672
24896,2014-05-18,[ 06:56 ],1,261
24897,2014-05-18,[ 06:57 ],1,681
24898,2014-05-18,[ 06:58 ],1,161
24899,2014-05-18,[ 06:59 ],1,190
24900,2014-05-18,[ 07:00 ],1,193
24901,2014-05-18,[ 07:01 ],1,264
24902,2014-05-18,[ 07:02 ],1,259
24903,2014-05-18,[ 07:03 ],1,260
24904,2014-05-18,[ 07:04 ],1,272
24905,2014-05-18,[ 07:05 ],1,274
24906,2014-05-18,[ 07:06 ],1,266
24907,2014-05-18,[ 07:07 ],1,262
24908,2014-05-18,[ 07:08 ],1,259
24909,2014-05-18,[ 07:09 ],1,264
24910,2014-05-18,[ 07:10 ],1,347
24911,2014-05-18,[ 07:11 ],1,336
24912,2014-05-18,[ 07:12 ],1,293
24913,2014-05-18,[ 07:13 ],1,293
24914,2014-05-18,[ 07:14 ],1,288
24915,2014-05-18,[ 07:15 ],1,288
24916,2014-05-18,[ 07:16 ],1,286
24917,2014-05-18,[ 07:17 ],1,321
24918,2014-05-18,[ 07:18 ],1,328
24919,2014-05-18,[ 07:19 ],1,318
24920,2014-05-18,[ 07:20 ],1,306
24921,2014-05-18,[ 07:21 ],1,262
24922,2014-05-18,[ 07:22 ],1,2640
24923,2014-05-18,[ 07:23 ],1,2571
24924,2014-05-18,[ 07:24 ],1,2580
24925,2014-05-18,[ 07:25 ],1,207
24926,2014-05-18,[ 07:26 ],1,484
24927,2014-05-18,[ 07:27 ],1,486
24928,2014-05-18,[ 07:28 ],1,510
24929,2014-05-18,[ 07:29 ],1,499
24930,2014-05-18,[ 07:30 ],1,519
24931,2014-05-18,[ 07:31 ],1,498
24932,2014-05-18,[ 07:32 ],1,515
24933,2014-05-18,[ 07:33 ],1,505
24934,2014-05-18,[ 07:34 ],1,504
24935,2014-05-18,[ 07:35 ],1,496
24936,2014-05-18,[ 07:36 ],1,2129
24937,2014-05-18,[ 07:37 ],1,2148
24938,2014-05-18,[ 07:38 ],1,2136
24939,2014-05-18,[ 07:39 ],1,1929
24940,2014-05-18,[ 07:40 ],1,1822
24941,2014-05-18,[ 07:41 ],1,1772
24942,2014-05-18,[ 07:42 ],1,1737
24943,2014-05-18,[ 07:43 ],1,1714
24944,2014-05-18,[ 07:44 ],1,262
24945,2014-05-18,[ 07:45 ],1,254
24946,2014-05-18,[ 07:46 ],1,252
24947,2014-05-18,[ 07:47 ],1,259
24948,2014-05-18,[ 07:48 ],1,249
24949,2014-05-18,[ 07:49 ],1,239
24950,2014-05-18,[ 07:50 ],1,224
24951,2014-05-18,[ 07:51 ],1,720
24952,2014-05-18,[ 07:52 ],1,368
24953,2014-05-18,[ 07:53 ],1,256
24954,2014-05-18,[ 07:54 ],1,316
24955,2014-05-18,[ 07:55 ],1,348
24956,2014-05-18,[ 07:56 ],1,334
24957,2014-05-18,[ 07:57 ],1,339
24958,2014-05-18,[ 07:58 ],1,339
24959,2014-05-18,[ 07:59 ],1,371
24960,2014-05-18,[ 08:00 ],1,376
24961,2014-05-18,[ 08:01 ],1,401
24962,2014-05-18,[ 08:02 ],1,405
24963,2014-05-18,[ 08:03 ],1,381
24964,2014-05-18,[ 08:04 ],1,383
24965,2014-05-18,[ 08:05 ],1,383
24966,2014-05-18,[ 08:06 ],1,378
24967,2014-05-18,[ 08:07 ],1,371
24968,2014-05-18,[ 08:08 ],1,365
24969,2014-05-18,[ 08:09 ],1,385
24970,2014-05-18,[ 08:10 ],1,375
24971,2014-05-18,[ 08:11 ],1,386
24972,2014-05-18,[ 08:12 ],1,406
24973,2014-05-18,[ 08:13 ],1,409
24974,2014-05-18,[ 08:14 ],1,429
24975,2014-05-18,[ 08:15 ],1,486
24976,2014-05-18,[ 08:16 ],1,424
24977,2014-05-18,[ 08:17 ],1,418
24978,2014-05-18,[ 08:18 ],1,430
24979,2014-05-18,[ 08:19 ],1,282
24980,2014-05-18,[ 08:20 ],1,281
24981,2014-05-18,[ 08:21 ],1,281
24982,2014-05-18,[ 08:22 ],1,277
24983,2014-05-18,[ 08:23 ],1,276
24984,2014-05-18,[ 08:24 ],1,276
24985,2014-05-18,[ 08:25 ],1,275
24986,2014-05-18,[ 08:26 ],1,272
24987,2014-05-18,[ 08:27 ],1,273
24988,2014-05-18,[ 08:28 ],1,274
24989,2014-05-18,[ 08:29 ],1,258
24990,2014-05-18,[ 08:30 ],1,259
24991,2014-05-18,[ 08:31 ],1,259
24992,2014-05-18,[ 08:32 ],1,257
24993,2014-05-18,[ 08:33 ],1,253
24994,2014-05-18,[ 08:34 ],1,253
24995,2014-05-18,[ 08:35 ],1,256
24996,2014-05-18,[ 08:36 ],1,256
24997,2014-05-18,[ 08:37 ],1,254
24998,2014-05-18,[ 08:38 ],1,256
24999,2014-05-18,[ 08:39 ],1,254
25000,2014-05-18,[ 08:40 ],1,252
25001,2014-05-18,[ 08:41 ],1,251
25002,2014-05-18,[ 08:42 ],1,253
25003,2014-05-18,[ 08:43 ],1,252
25004,2014-05-18,[ 08:44 ],1,253
25005,2014-05-18,[ 08:45 ],1,253
25006,2014-05-18,[ 08:46 ],1,251
25007,2014-05-18,[ 08:47 ],1,248
25008,2014-05-18,[ 08:48 ],1,188
25009,2014-05-18,[ 08:49 ],1,185
25010,2014-05-18,[ 08:50 ],1,185
25011,2014-05-18,[ 08:51 ],1,187
25012,2014-05-18,[ 08:52 ],1,185
25013,2014-05-18,[ 08:53 ],1,186
25014,2014-05-18,[ 08:54 ],1,187
25015,2014-05-18,[ 08:55 ],1,185
25016,2014-05-18,[ 08:56 ],1,185
25017,2014-05-18,[ 08:57 ],1,186
25018,2014-05-18,[ 08:58 ],1,185
25019,2014-05-18,[ 08:59 ],1,185
25020,2014-05-18,[ 09:00 ],1,186
25021,2014-05-18,[ 09:01 ],1,191
25022,2014-05-18,[ 09:02 ],1,192
25023,2014-05-18,[ 09:03 ],1,190
25024,2014-05-18,[ 09:04 ],1,193
25025,2014-05-18,[ 09:05 ],1,190
25026,2014-05-18,[ 09:06 ],1,190
25027,2014-05-18,[ 09:07 ],1,189
25028,2014-05-18,[ 09:08 ],1,191
25029,2014-05-18,[ 09:09 ],1,187
25030,2014-05-18,[ 09:10 ],1,188
25031,2014-05-18,[ 09:11 ],1,189
25032,2014-05-18,[ 09:12 ],1,187
25033,2014-05-18,[ 09:13 ],1,190
25034,2014-05-18,[ 09:14 ],1,192
25035,2014-05-18,[ 09:15 ],1,188
25036,2014-05-18,[ 09:16 ],1,189
25037,2014-05-18,[ 09:17 ],1,266
25038,2014-05-18,[ 09:18 ],1,262
25039,2014-05-18,[ 09:19 ],1,258
25040,2014-05-18,[ 09:20 ],1,261
25041,2014-05-18,[ 09:21 ],1,264
25042,2014-05-18,[ 09:22 ],1,266
25043,2014-05-18,[ 09:23 ],1,267
25044,2014-05-18,[ 09:24 ],1,265
25045,2014-05-18,[ 09:25 ],1,262
25046,2014-05-18,[ 09:26 ],1,262
25047,2014-05-18,[ 09:27 ],1,260
25048,2014-05-18,[ 09:28 ],1,266
25049,2014-05-18,[ 09:29 ],1,261
25050,2014-05-18,[ 09:30 ],1,260
25051,2014-05-18,[ 09:31 ],1,260
25052,2014-05-18,[ 09:32 ],1,259
25053,2014-05-18,[ 09:33 ],1,259
25054,2014-05-18,[ 09:34 ],1,260
25055,2014-05-18,[ 09:35 ],1,260
25056,2014-05-18,[ 09:36 ],1,262
25057,2014-05-18,[ 09:37 ],1,260
25058,2014-05-18,[ 09:38 ],1,259
25059,2014-05-18,[ 09:39 ],1,260
25060,2014-05-18,[ 09:40 ],1,259
25061,2014-05-18,[ 09:41 ],1,256
25062,2014-05-18,[ 09:42 ],1,254
25063,2014-05-18,[ 09:43 ],1,254
25064,2014-05-18,[ 09:44 ],1,252
25065,2014-05-18,[ 09:45 ],1,251
25066,2014-05-18,[ 09:46 ],1,253
25067,2014-05-18,[ 09:47 ],1,252
25068,2014-05-18,[ 09:48 ],1,249
25069,2014-05-18,[ 09:49 ],1,184
25070,2014-05-18,[ 09:50 ],1,186
25071,2014-05-18,[ 09:51 ],1,185
25072,2014-05-18,[ 09:52 ],1,183
25073,2014-05-18,[ 09:53 ],1,185
25074,2014-05-18,[ 09:54 ],1,183
25075,2014-05-18,[ 09:55 ],1,185
25076,2014-05-18,[ 09:56 ],1,184
25077,2014-05-18,[ 09:57 ],1,184
25078,2014-05-18,[ 09:58 ],1,185
25079,2014-05-18,[ 09:59 ],1,185
25080,2014-05-18,[ 10:00 ],1,185
25081,2014-05-18,[ 10:01 ],1,183
25082,2014-05-18,[ 10:02 ],1,183
25083,2014-05-18,[ 10:03 ],1,184
25084,2014-05-18,[ 10:04 ],1,186
25085,2014-05-18,[ 10:05 ],1,186
25086,2014-05-18,[ 10:06 ],1,185
25087,2014-05-18,[ 10:07 ],1,183
25088,2014-05-18,[ 10:08 ],1,184
25089,2014-05-18,[ 10:09 ],1,184
25090,2014-05-18,[ 10:10 ],1,181
25091,2014-05-18,[ 10:11 ],1,182
25092,2014-05-18,[ 10:12 ],1,183
25093,2014-05-18,[ 10:13 ],1,183
25094,2014-05-18,[ 10:14 ],1,185
25095,2014-05-18,[ 10:15 ],1,184
25096,2014-05-18,[ 10:16 ],1,184
25097,2014-05-18,[ 10:17 ],1,182
25098,2014-05-18,[ 10:18 ],1,182
25099,2014-05-18,[ 10:19 ],1,184
25100,2014-05-18,[ 10:20 ],1,185
25101,2014-05-18,[ 10:21 ],1,183
25102,2014-05-18,[ 10:22 ],1,182
25103,2014-05-18,[ 10:23 ],1,184
25104,2014-05-18,[ 10:24 ],1,182
25105,2014-05-18,[ 10:25 ],1,183
25106,2014-05-18,[ 10:26 ],1,183
25107,2014-05-18,[ 10:27 ],1,182
25108,2014-05-18,[ 10:28 ],1,637
25109,2014-05-18,[ 10:29 ],1,256
25110,2014-05-18,[ 10:30 ],1,257
25111,2014-05-18,[ 10:31 ],1,256
25112,2014-05-18,[ 10:32 ],1,254
25113,2014-05-18,[ 10:33 ],1,252
25114,2014-05-18,[ 10:34 ],1,252
25115,2014-05-18,[ 10:35 ],1,252
25116,2014-05-18,[ 10:36 ],1,250
25117,2014-05-18,[ 10:37 ],1,250
25118,2014-05-18,[ 10:38 ],1,251
25119,2014-05-18,[ 10:39 ],1,257
25120,2014-05-18,[ 10:40 ],1,261
25121,2014-05-18,[ 10:41 ],1,261
25122,2014-05-18,[ 10:42 ],1,261
25123,2014-05-18,[ 10:43 ],1,262
25124,2014-05-18,[ 10:44 ],1,261
25125,2014-05-18,[ 10:45 ],1,260
25126,2014-05-18,[ 10:46 ],1,260
25127,2014-05-18,[ 10:47 ],1,259
25128,2014-05-18,[ 10:48 ],1,259
25129,2014-05-18,[ 10:49 ],1,258
25130,2014-05-18,[ 10:50 ],1,258
25131,2014-05-18,[ 10:51 ],1,258
25132,2014-05-18,[ 10:52 ],1,254
25133,2014-05-18,[ 10:53 ],1,259
25134,2014-05-18,[ 10:54 ],1,260
25135,2014-05-18,[ 10:55 ],1,256
25136,2014-05-18,[ 10:56 ],1,256
25137,2014-05-18,[ 10:57 ],1,259
25138,2014-05-18,[ 10:58 ],1,262
25139,2014-05-18,[ 10:59 ],1,258
25140,2014-05-18,[ 11:00 ],1,252
25141,2014-05-18,[ 11:01 ],1,185
25142,2014-05-18,[ 11:02 ],1,185
25143,2014-05-18,[ 11:03 ],1,185
25144,2014-05-18,[ 11:04 ],1,185
25145,2014-05-18,[ 11:05 ],1,185
25146,2014-05-18,[ 11:06 ],1,183
25147,2014-05-18,[ 11:07 ],1,185
25148,2014-05-18,[ 11:08 ],1,185
25149,2014-05-18,[ 11:09 ],1,183
25150,2014-05-18,[ 11:10 ],1,184
25151,2014-05-18,[ 11:11 ],1,184
25152,2014-05-18,[ 11:12 ],1,185
25153,2014-05-18,[ 11:13 ],1,185
25154,2014-05-18,[ 11:14 ],1,185
25155,2014-05-18,[ 11:15 ],1,185
25156,2014-05-18,[ 11:16 ],1,185
25157,2014-05-18,[ 11:17 ],1,186
25158,2014-05-18,[ 11:18 ],1,183
25159,2014-05-18,[ 11:19 ],1,185
25160,2014-05-18,[ 11:20 ],1,185
25161,2014-05-18,[ 11:21 ],1,183
25162,2014-05-18,[ 11:22 ],1,185
25163,2014-05-18,[ 11:23 ],1,183
25164,2014-05-18,[ 11:24 ],1,183
25165,2014-05-18,[ 11:25 ],1,185
25166,2014-05-18,[ 11:26 ],1,185
25167,2014-05-18,[ 11:27 ],1,186
25168,2014-05-18,[ 11:28 ],1,186
25169,2014-05-18,[ 11:29 ],1,185
25170,2014-05-18,[ 11:30 ],1,184
25171,2014-05-18,[ 11:31 ],1,185
25172,2014-05-18,[ 11:32 ],1,185
25173,2014-05-18,[ 11:33 ],1,185
25174,2014-05-18,[ 11:34 ],1,184
25175,2014-05-18,[ 11:35 ],1,266
25176,2014-05-18,[ 11:36 ],1,254
25177,2014-05-18,[ 11:37 ],1,254
25178,2014-05-18,[ 11:38 ],1,257
25179,2014-05-18,[ 11:39 ],1,256
25180,2014-05-18,[ 11:40 ],1,253
25181,2014-05-18,[ 11:41 ],1,253
25182,2014-05-18,[ 11:42 ],1,253
25183,2014-05-18,[ 11:43 ],1,252
25184,2014-05-18,[ 11:44 ],1,252
25185,2014-05-18,[ 11:45 ],1,249
25186,2014-05-18,[ 11:46 ],1,250
25187,2014-05-18,[ 11:47 ],1,185
25188,2014-05-18,[ 11:48 ],1,183
25189,2014-05-18,[ 11:49 ],1,184
25190,2014-05-18,[ 11:50 ],1,185
25191,2014-05-18,[ 11:51 ],1,185
25192,2014-05-18,[ 11:52 ],1,184
25193,2014-05-18,[ 11:53 ],1,185
25194,2014-05-18,[ 11:54 ],1,185
25195,2014-05-18,[ 11:55 ],1,185
25196,2014-05-18,[ 11:56 ],1,185
25197,2014-05-18,[ 11:57 ],1,185
25198,2014-05-18,[ 11:58 ],1,183
25199,2014-05-18,[ 11:59 ],1,185
25200,2014-05-18,[ 12:00 ],1,971
25201,2014-05-18,[ 12:01 ],1,257
25202,2014-05-18,[ 12:02 ],1,257
25203,2014-05-18,[ 12:03 ],1,257
25204,2014-05-18,[ 12:04 ],1,259
25205,2014-05-18,[ 12:05 ],1,259
25206,2014-05-18,[ 12:06 ],1,260
25207,2014-05-18,[ 12:07 ],1,261
25208,2014-05-18,[ 12:08 ],1,261
25209,2014-05-18,[ 12:09 ],1,258
25210,2014-05-18,[ 12:10 ],1,257
25211,2014-05-18,[ 12:11 ],1,256
25212,2014-05-18,[ 12:12 ],1,257
25213,2014-05-18,[ 12:13 ],1,254
25214,2014-05-18,[ 12:14 ],1,253
25215,2014-05-18,[ 12:15 ],1,254
25216,2014-05-18,[ 12:16 ],1,256
25217,2014-05-18,[ 12:17 ],1,259
25218,2014-05-18,[ 12:18 ],1,259
25219,2014-05-18,[ 12:19 ],1,260
25220,2014-05-18,[ 12:20 ],1,259
25221,2014-05-18,[ 12:21 ],1,260
25222,2014-05-18,[ 12:22 ],1,256
25223,2014-05-18,[ 12:23 ],1,256
25224,2014-05-18,[ 12:24 ],1,252
25225,2014-05-18,[ 12:25 ],1,253
25226,2014-05-18,[ 12:26 ],1,253
25227,2014-05-18,[ 12:27 ],1,185
25228,2014-05-18,[ 12:28 ],1,185
25229,2014-05-18,[ 12:29 ],1,184
25230,2014-05-18,[ 12:30 ],1,185
25231,2014-05-18,[ 12:31 ],1,185
25232,2014-05-18,[ 12:32 ],1,185
25233,2014-05-18,[ 12:33 ],1,183
25234,2014-05-18,[ 12:34 ],1,185
25235,2014-05-18,[ 12:35 ],1,184
25236,2014-05-18,[ 12:36 ],1,185
25237,2014-05-18,[ 12:37 ],1,186
25238,2014-05-18,[ 12:38 ],1,184
25239,2014-05-18,[ 12:39 ],1,185
25240,2014-05-18,[ 12:40 ],1,186
25241,2014-05-18,[ 12:41 ],1,185
25242,2014-05-18,[ 12:42 ],1,185
25243,2014-05-18,[ 12:43 ],1,184
25244,2014-05-18,[ 12:44 ],1,184
25245,2014-05-18,[ 12:45 ],1,184
25246,2014-05-18,[ 12:46 ],1,185
25247,2014-05-18,[ 12:47 ],1,185
25248,2014-05-18,[ 12:48 ],1,185
25249,2014-05-18,[ 12:49 ],1,184
25250,2014-05-18,[ 12:50 ],1,183
25251,2014-05-18,[ 12:51 ],1,185
25252,2014-05-18,[ 12:52 ],1,184
25253,2014-05-18,[ 12:53 ],1,185
25254,2014-05-18,[ 12:54 ],1,185
25255,2014-05-18,[ 12:55 ],1,185
25256,2014-05-18,[ 12:56 ],1,185
25257,2014-05-18,[ 12:57 ],1,182
25258,2014-05-18,[ 12:58 ],1,183
25259,2014-05-18,[ 12:59 ],1,183
25260,2014-05-18,[ 13:00 ],1,184
25261,2014-05-18,[ 13:01 ],1,185
25262,2014-05-18,[ 13:02 ],1,183
25263,2014-05-18,[ 13:03 ],1,185
25264,2014-05-18,[ 13:04 ],1,185
25265,2014-05-18,[ 13:05 ],1,185
25266,2014-05-18,[ 13:06 ],1,182
25267,2014-05-18,[ 13:07 ],1,181
25268,2014-05-18,[ 13:08 ],1,182
25269,2014-05-18,[ 13:09 ],1,261
25270,2014-05-18,[ 13:10 ],1,254
25271,2014-05-18,[ 13:11 ],1,258
25272,2014-05-18,[ 13:12 ],1,253
25273,2014-05-18,[ 13:13 ],1,251
25274,2014-05-18,[ 13:14 ],1,253
25275,2014-05-18,[ 13:15 ],1,253
25276,2014-05-18,[ 13:16 ],1,249
25277,2014-05-18,[ 13:17 ],1,249
25278,2014-05-18,[ 13:18 ],1,249
25279,2014-05-18,[ 13:19 ],1,248
25280,2014-05-18,[ 13:20 ],1,249
25281,2014-05-18,[ 13:21 ],1,184
25282,2014-05-18,[ 13:22 ],1,181
25283,2014-05-18,[ 13:23 ],1,181
25284,2014-05-18,[ 13:24 ],1,182
25285,2014-05-18,[ 13:25 ],1,181
25286,2014-05-18,[ 13:26 ],1,181
25287,2014-05-18,[ 13:27 ],1,181
25288,2014-05-18,[ 13:28 ],1,183
25289,2014-05-18,[ 13:29 ],1,184
25290,2014-05-18,[ 13:30 ],1,856
25291,2014-05-18,[ 13:31 ],1,251
25292,2014-05-18,[ 13:32 ],1,250
25293,2014-05-18,[ 13:33 ],1,254
25294,2014-05-18,[ 13:34 ],1,257
25295,2014-05-18,[ 13:35 ],1,258
25296,2014-05-18,[ 13:36 ],1,259
25297,2014-05-18,[ 13:37 ],1,256
25298,2014-05-18,[ 13:38 ],1,258
25299,2014-05-18,[ 13:39 ],1,252
25300,2014-05-18,[ 13:40 ],1,257
25301,2014-05-18,[ 13:41 ],1,253
25302,2014-05-18,[ 13:42 ],1,257
25303,2014-05-18,[ 13:43 ],1,254
25304,2014-05-18,[ 13:44 ],1,258
25305,2014-05-18,[ 13:45 ],1,257
25306,2014-05-18,[ 13:46 ],1,253
25307,2014-05-18,[ 13:47 ],1,1975
25308,2014-05-18,[ 13:48 ],1,959
25309,2014-05-18,[ 13:49 ],1,256
25310,2014-05-18,[ 13:50 ],1,256
25311,2014-05-18,[ 13:51 ],1,256
25312,2014-05-18,[ 13:52 ],1,257
25313,2014-05-18,[ 13:53 ],1,256
25314,2014-05-18,[ 13:54 ],1,252
25315,2014-05-18,[ 13:55 ],1,251
25316,2014-05-18,[ 13:56 ],1,250
25317,2014-05-18,[ 13:57 ],1,182
25318,2014-05-18,[ 13:58 ],1,185
25319,2014-05-18,[ 13:59 ],1,182
25320,2014-05-18,[ 14:00 ],1,183
25321,2014-05-18,[ 14:01 ],1,186
25322,2014-05-18,[ 14:02 ],1,185
25323,2014-05-18,[ 14:03 ],1,186
25324,2014-05-18,[ 14:04 ],1,186
25325,2014-05-18,[ 14:05 ],1,185
25326,2014-05-18,[ 14:06 ],1,185
25327,2014-05-18,[ 14:07 ],1,181
25328,2014-05-18,[ 14:08 ],1,184
25329,2014-05-18,[ 14:09 ],1,184
25330,2014-05-18,[ 14:10 ],1,184
25331,2014-05-18,[ 14:11 ],1,182
25332,2014-05-18,[ 14:12 ],1,182
25333,2014-05-18,[ 14:13 ],1,182
25334,2014-05-18,[ 14:14 ],1,183
25335,2014-05-18,[ 14:15 ],1,184
25336,2014-05-18,[ 14:16 ],1,182
25337,2014-05-18,[ 14:17 ],1,181
25338,2014-05-18,[ 14:18 ],1,183
25339,2014-05-18,[ 14:19 ],1,183
25340,2014-05-18,[ 14:20 ],1,184
25341,2014-05-18,[ 14:21 ],1,182
25342,2014-05-18,[ 14:22 ],1,182
25343,2014-05-18,[ 14:23 ],1,184
25344,2014-05-18,[ 14:24 ],1,184
25345,2014-05-18,[ 14:25 ],1,182
25346,2014-05-18,[ 14:26 ],1,180
25347,2014-05-18,[ 14:27 ],1,183
25348,2014-05-18,[ 14:28 ],1,183
25349,2014-05-18,[ 14:29 ],1,184
25350,2014-05-18,[ 14:30 ],1,185
25351,2014-05-18,[ 14:31 ],1,181
25352,2014-05-18,[ 14:32 ],1,183
25353,2014-05-18,[ 14:33 ],1,183
25354,2014-05-18,[ 14:34 ],1,183
25355,2014-05-18,[ 14:35 ],1,184
25356,2014-05-18,[ 14:36 ],1,563
25357,2014-05-18,[ 14:37 ],1,257
25358,2014-05-18,[ 14:38 ],1,256
25359,2014-05-18,[ 14:39 ],1,253
25360,2014-05-18,[ 14:40 ],1,253
25361,2014-05-18,[ 14:41 ],1,252
25362,2014-05-18,[ 14:42 ],1,252
25363,2014-05-18,[ 14:43 ],1,251
25364,2014-05-18,[ 14:44 ],1,250
25365,2014-05-18,[ 14:45 ],1,250
25366,2014-05-18,[ 14:46 ],1,251
25367,2014-05-18,[ 14:47 ],1,251
25368,2014-05-18,[ 14:48 ],1,250
25369,2014-05-18,[ 14:49 ],1,183
25370,2014-05-18,[ 14:50 ],1,182
25371,2014-05-18,[ 14:51 ],1,183
25372,2014-05-18,[ 14:52 ],1,183
25373,2014-05-18,[ 14:53 ],1,182
25374,2014-05-18,[ 14:54 ],1,183
25375,2014-05-18,[ 14:55 ],1,181
25376,2014-05-18,[ 14:56 ],1,180
25377,2014-05-18,[ 14:57 ],1,182
25378,2014-05-18,[ 14:58 ],1,253
25379,2014-05-18,[ 14:59 ],1,251
25380,2014-05-18,[ 15:00 ],1,256
25381,2014-05-18,[ 15:01 ],1,257
25382,2014-05-18,[ 15:02 ],1,256
25383,2014-05-18,[ 15:03 ],1,261
25384,2014-05-18,[ 15:04 ],1,259
25385,2014-05-18,[ 15:05 ],1,261
25386,2014-05-18,[ 15:06 ],1,257
25387,2014-05-18,[ 15:07 ],1,257
25388,2014-05-18,[ 15:08 ],1,254
25389,2014-05-18,[ 15:09 ],1,254
25390,2014-05-18,[ 15:10 ],1,257
25391,2014-05-18,[ 15:11 ],1,253
25392,2014-05-18,[ 15:12 ],1,254
25393,2014-05-18,[ 15:13 ],1,258
25394,2014-05-18,[ 15:14 ],1,257
25395,2014-05-18,[ 15:15 ],1,254
25396,2014-05-18,[ 15:16 ],1,257
25397,2014-05-18,[ 15:17 ],1,257
25398,2014-05-18,[ 15:18 ],1,257
25399,2014-05-18,[ 15:19 ],1,258
25400,2014-05-18,[ 15:20 ],1,253
25401,2014-05-18,[ 15:21 ],1,249
25402,2014-05-18,[ 15:22 ],1,247
25403,2014-05-18,[ 15:23 ],1,184
25404,2014-05-18,[ 15:24 ],1,185
25405,2014-05-18,[ 15:25 ],1,184
25406,2014-05-18,[ 15:26 ],1,182
25407,2014-05-18,[ 15:27 ],1,182
25408,2014-05-18,[ 15:28 ],1,182
25409,2014-05-18,[ 15:29 ],1,183
25410,2014-05-18,[ 15:30 ],1,183
25411,2014-05-18,[ 15:31 ],1,183
25412,2014-05-18,[ 15:32 ],1,181
25413,2014-05-18,[ 15:33 ],1,182
25414,2014-05-18,[ 15:34 ],1,184
25415,2014-05-18,[ 15:35 ],1,183
25416,2014-05-18,[ 15:36 ],1,180
25417,2014-05-18,[ 15:37 ],1,181
25418,2014-05-18,[ 15:38 ],1,182
25419,2014-05-18,[ 15:39 ],1,182
25420,2014-05-18,[ 15:40 ],1,182
25421,2014-05-18,[ 15:41 ],1,182
25422,2014-05-18,[ 15:42 ],1,182
25423,2014-05-18,[ 15:43 ],1,180
25424,2014-05-18,[ 15:44 ],1,182
25425,2014-05-18,[ 15:45 ],1,180
25426,2014-05-18,[ 15:46 ],1,182
25427,2014-05-18,[ 15:47 ],1,181
25428,2014-05-18,[ 15:48 ],1,180
25429,2014-05-18,[ 15:49 ],1,182
25430,2014-05-18,[ 15:50 ],1,180
25431,2014-05-18,[ 15:51 ],1,182
25432,2014-05-18,[ 15:52 ],1,590
25433,2014-05-18,[ 15:53 ],1,425
25434,2014-05-18,[ 15:54 ],1,425
25435,2014-05-18,[ 15:55 ],1,423
25436,2014-05-18,[ 15:56 ],1,427
25437,2014-05-18,[ 15:57 ],1,418
25438,2014-05-18,[ 15:58 ],1,411
25439,2014-05-18,[ 15:59 ],1,418
25440,2014-05-18,[ 16:00 ],1,426
25441,2014-05-18,[ 16:01 ],1,411
25442,2014-05-18,[ 16:02 ],1,496
25443,2014-05-18,[ 16:03 ],1,2224
25444,2014-05-18,[ 16:04 ],1,1962
25445,2014-05-18,[ 16:05 ],1,1962
25446,2014-05-18,[ 16:06 ],1,1973
25447,2014-05-18,[ 16:07 ],1,1972
25448,2014-05-18,[ 16:08 ],1,251
25449,2014-05-18,[ 16:09 ],1,262
25450,2014-05-18,[ 16:10 ],1,252
25451,2014-05-18,[ 16:11 ],1,259
25452,2014-05-18,[ 16:12 ],1,259
25453,2014-05-18,[ 16:13 ],1,270
25454,2014-05-18,[ 16:14 ],1,275
25455,2014-05-18,[ 16:15 ],1,262
25456,2014-05-18,[ 16:16 ],1,262
25457,2014-05-18,[ 16:17 ],1,257
25458,2014-05-18,[ 16:18 ],1,258
25459,2014-05-18,[ 16:19 ],1,257
25460,2014-05-18,[ 16:20 ],1,257
25461,2014-05-18,[ 16:21 ],1,254
25462,2014-05-18,[ 16:22 ],1,254
25463,2014-05-18,[ 16:23 ],1,256
25464,2014-05-18,[ 16:24 ],1,258
25465,2014-05-18,[ 16:25 ],1,258
25466,2014-05-18,[ 16:26 ],1,257
25467,2014-05-18,[ 16:27 ],1,258
25468,2014-05-18,[ 16:28 ],1,256
25469,2014-05-18,[ 16:29 ],1,270
25470,2014-05-18,[ 16:30 ],1,258
25471,2014-05-18,[ 16:31 ],1,253
25472,2014-05-18,[ 16:32 ],1,256
25473,2014-05-18,[ 16:33 ],1,256
25474,2014-05-18,[ 16:34 ],1,257
25475,2014-05-18,[ 16:35 ],1,259
25476,2014-05-18,[ 16:36 ],1,252
25477,2014-05-18,[ 16:37 ],1,250
25478,2014-05-18,[ 16:38 ],1,246
25479,2014-05-18,[ 16:39 ],1,179
25480,2014-05-18,[ 16:40 ],1,181
25481,2014-05-18,[ 16:41 ],1,180
25482,2014-05-18,[ 16:42 ],1,183
25483,2014-05-18,[ 16:43 ],1,182
25484,2014-05-18,[ 16:44 ],1,184
25485,2014-05-18,[ 16:45 ],1,181
25486,2014-05-18,[ 16:46 ],1,182
25487,2014-05-18,[ 16:47 ],1,182
25488,2014-05-18,[ 16:48 ],1,182
25489,2014-05-18,[ 16:49 ],1,183
25490,2014-05-18,[ 16:50 ],1,183
25491,2014-05-18,[ 16:51 ],1,183
25492,2014-05-18,[ 16:52 ],1,182
25493,2014-05-18,[ 16:53 ],1,182
25494,2014-05-18,[ 16:54 ],1,192
25495,2014-05-18,[ 16:55 ],1,184
25496,2014-05-18,[ 16:56 ],1,184
25497,2014-05-18,[ 16:57 ],1,184
25498,2014-05-18,[ 16:58 ],1,181
25499,2014-05-18,[ 16:59 ],1,180
25500,2014-05-18,[ 17:00 ],1,182
25501,2014-05-18,[ 17:01 ],1,182
25502,2014-05-18,[ 17:02 ],1,181
25503,2014-05-18,[ 17:03 ],1,181
25504,2014-05-18,[ 17:04 ],1,181
25505,2014-05-18,[ 17:05 ],1,180
25506,2014-05-18,[ 17:06 ],1,181
25507,2014-05-18,[ 17:07 ],1,180
25508,2014-05-18,[ 17:08 ],1,181
25509,2014-05-18,[ 17:09 ],1,181
25510,2014-05-18,[ 17:10 ],1,183
25511,2014-05-18,[ 17:11 ],1,181
25512,2014-05-18,[ 17:12 ],1,182
25513,2014-05-18,[ 17:13 ],1,181
25514,2014-05-18,[ 17:14 ],1,181
25515,2014-05-18,[ 17:15 ],1,260
25516,2014-05-18,[ 17:16 ],1,253
25517,2014-05-18,[ 17:17 ],1,256
25518,2014-05-18,[ 17:18 ],1,254
25519,2014-05-18,[ 17:19 ],1,253
25520,2014-05-18,[ 17:20 ],1,249
25521,2014-05-18,[ 17:21 ],1,249
25522,2014-05-18,[ 17:22 ],1,251
25523,2014-05-18,[ 17:23 ],1,250
25524,2014-05-18,[ 17:24 ],1,256
25525,2014-05-18,[ 17:25 ],1,258
25526,2014-05-18,[ 17:26 ],1,258
25527,2014-05-18,[ 17:27 ],1,259
25528,2014-05-18,[ 17:28 ],1,260
25529,2014-05-18,[ 17:29 ],1,259
25530,2014-05-18,[ 17:30 ],1,258
25531,2014-05-18,[ 17:31 ],1,254
25532,2014-05-18,[ 17:32 ],1,257
25533,2014-05-18,[ 17:33 ],1,257
25534,2014-05-18,[ 17:34 ],1,257
25535,2014-05-18,[ 17:35 ],1,257
25536,2014-05-18,[ 17:36 ],1,253
25537,2014-05-18,[ 17:37 ],1,256
25538,2014-05-18,[ 17:38 ],1,254
25539,2014-05-18,[ 17:39 ],1,254
25540,2014-05-18,[ 17:40 ],1,253
25541,2014-05-18,[ 17:41 ],1,252
25542,2014-05-18,[ 17:42 ],1,254
25543,2014-05-18,[ 17:43 ],1,1950
25544,2014-05-18,[ 17:44 ],1,1950
25545,2014-05-18,[ 17:45 ],1,248
25546,2014-05-18,[ 17:46 ],1,190
25547,2014-05-18,[ 17:47 ],1,180
25548,2014-05-18,[ 17:48 ],1,192
25549,2014-05-18,[ 17:49 ],1,192
25550,2014-05-18,[ 17:50 ],1,192
25551,2014-05-18,[ 17:51 ],1,924
25552,2014-05-18,[ 17:52 ],1,1884
25553,2014-05-18,[ 17:53 ],1,161
25554,2014-05-18,[ 17:54 ],1,156
25555,2014-05-18,[ 17:55 ],1,158
25556,2014-05-18,[ 17:56 ],1,160
25557,2014-05-18,[ 17:57 ],1,184
25558,2014-05-18,[ 17:58 ],1,186
25559,2014-05-18,[ 17:59 ],1,160
25560,2014-05-18,[ 18:00 ],1,162
25561,2014-05-18,[ 18:01 ],1,162
25562,2014-05-18,[ 18:02 ],1,160
25563,2014-05-18,[ 18:03 ],1,161
25564,2014-05-18,[ 18:04 ],1,162
25565,2014-05-18,[ 18:05 ],1,162
25566,2014-05-18,[ 18:06 ],1,158
25567,2014-05-18,[ 18:07 ],1,183
25568,2014-05-18,[ 18:08 ],1,183
25569,2014-05-18,[ 18:09 ],1,191
25570,2014-05-18,[ 18:10 ],1,166
25571,2014-05-18,[ 18:11 ],1,166
25572,2014-05-18,[ 18:12 ],1,166
25573,2014-05-18,[ 18:13 ],1,167
25574,2014-05-18,[ 18:14 ],1,167
25575,2014-05-18,[ 18:15 ],1,167
25576,2014-05-18,[ 18:16 ],1,166
25577,2014-05-18,[ 18:17 ],1,166
25578,2014-05-18,[ 18:18 ],1,249
25579,2014-05-18,[ 18:19 ],1,316
25580,2014-05-18,[ 18:20 ],1,262
25581,2014-05-18,[ 18:21 ],1,261
25582,2014-05-18,[ 18:22 ],1,310
25583,2014-05-18,[ 18:23 ],1,323
25584,2014-05-18,[ 18:24 ],1,323
25585,2014-05-18,[ 18:25 ],1,306
25586,2014-05-18,[ 18:26 ],1,300
25587,2014-05-18,[ 18:27 ],1,292
25588,2014-05-18,[ 18:28 ],1,286
25589,2014-05-18,[ 18:29 ],1,294
25590,2014-05-18,[ 18:30 ],1,294
25591,2014-05-18,[ 18:31 ],1,298
25592,2014-05-18,[ 18:32 ],1,322
25593,2014-05-18,[ 18:33 ],1,341
25594,2014-05-18,[ 18:34 ],1,327
25595,2014-05-18,[ 18:35 ],1,500
25596,2014-05-18,[ 18:36 ],1,510
25597,2014-05-18,[ 18:37 ],1,549
25598,2014-05-18,[ 18:38 ],1,549
25599,2014-05-18,[ 18:39 ],1,550
25600,2014-05-18,[ 18:40 ],1,534
25601,2014-05-18,[ 18:41 ],1,534
25602,2014-05-18,[ 18:42 ],1,544
25603,2014-05-18,[ 18:43 ],1,556
25604,2014-05-18,[ 18:44 ],1,535
25605,2014-05-18,[ 18:45 ],1,523
25606,2014-05-18,[ 18:46 ],1,511
25607,2014-05-18,[ 18:47 ],1,523
25608,2014-05-18,[ 18:48 ],1,2181
25609,2014-05-18,[ 18:49 ],1,2175
25610,2014-05-18,[ 18:50 ],1,2181
25611,2014-05-18,[ 18:51 ],1,513
25612,2014-05-18,[ 18:52 ],1,523
25613,2014-05-18,[ 18:53 ],1,513
25614,2014-05-18,[ 18:54 ],1,465
25615,2014-05-18,[ 18:55 ],1,459
25616,2014-05-18,[ 18:56 ],1,470
25617,2014-05-18,[ 18:57 ],1,475
25618,2014-05-18,[ 18:58 ],1,381
25619,2014-05-18,[ 18:59 ],1,370
25620,2014-05-18,[ 19:00 ],1,391
25621,2014-05-18,[ 19:01 ],1,400
25622,2014-05-18,[ 19:02 ],1,391
25623,2014-05-18,[ 19:03 ],1,403
25624,2014-05-18,[ 19:04 ],1,402
25625,2014-05-18,[ 19:05 ],1,399
25626,2014-05-18,[ 19:06 ],1,401
25627,2014-05-18,[ 19:07 ],1,394
25628,2014-05-18,[ 19:08 ],1,402
25629,2014-05-18,[ 19:09 ],1,399
25630,2014-05-18,[ 19:10 ],1,390
25631,2014-05-18,[ 19:11 ],1,401
25632,2014-05-18,[ 19:12 ],1,397
25633,2014-05-18,[ 19:13 ],1,391
25634,2014-05-18,[ 19:14 ],1,389
25635,2014-05-18,[ 19:15 ],1,379
25636,2014-05-18,[ 19:16 ],1,390
25637,2014-05-18,[ 19:17 ],1,400
25638,2014-05-18,[ 19:18 ],1,392
25639,2014-05-18,[ 19:19 ],1,394
25640,2014-05-18,[ 19:20 ],1,387
25641,2014-05-18,[ 19:21 ],1,389
25642,2014-05-18,[ 19:22 ],1,399
25643,2014-05-18,[ 19:23 ],1,386
25644,2014-05-18,[ 19:24 ],1,401
25645,2014-05-18,[ 19:25 ],1,402
25646,2014-05-18,[ 19:26 ],1,456
25647,2014-05-18,[ 19:27 ],1,467
25648,2014-05-18,[ 19:28 ],1,476
25649,2014-05-18,[ 19:29 ],1,479
25650,2014-05-18,[ 19:30 ],1,479
25651,2014-05-18,[ 19:31 ],1,470
25652,2014-05-18,[ 19:32 ],1,467
25653,2014-05-18,[ 19:33 ],1,469
25654,2014-05-18,[ 19:34 ],1,475
25655,2014-05-18,[ 19:35 ],1,478
25656,2014-05-18,[ 19:36 ],1,476
25657,2014-05-18,[ 19:37 ],1,478
25658,2014-05-18,[ 19:38 ],1,462
25659,2014-05-18,[ 19:39 ],1,401
25660,2014-05-18,[ 19:40 ],1,378
25661,2014-05-18,[ 19:41 ],1,372
25662,2014-05-18,[ 19:42 ],1,391
25663,2014-05-18,[ 19:43 ],1,391
25664,2014-05-18,[ 19:44 ],1,399
25665,2014-05-18,[ 19:45 ],1,393
25666,2014-05-18,[ 19:46 ],1,393
25667,2014-05-18,[ 19:47 ],1,393
25668,2014-05-18,[ 19:48 ],1,480
25669,2014-05-18,[ 19:49 ],1,476
25670,2014-05-18,[ 19:50 ],1,470
25671,2014-05-18,[ 19:51 ],1,479
25672,2014-05-18,[ 19:52 ],1,479
25673,2014-05-18,[ 19:53 ],1,486
25674,2014-05-18,[ 19:54 ],1,480
25675,2014-05-18,[ 19:55 ],1,480
25676,2014-05-18,[ 19:56 ],1,503
25677,2014-05-18,[ 19:57 ],1,465
25678,2014-05-18,[ 19:58 ],1,495
25679,2014-05-18,[ 19:59 ],1,495
25680,2014-05-18,[ 20:00 ],1,486
25681,2014-05-18,[ 20:01 ],1,474
25682,2014-05-18,[ 20:02 ],1,500
25683,2014-05-18,[ 20:03 ],1,492
25684,2014-05-18,[ 20:04 ],1,487
25685,2014-05-18,[ 20:05 ],1,499
25686,2014-05-18,[ 20:06 ],1,481
25687,2014-05-18,[ 20:07 ],1,496
25688,2014-05-18,[ 20:08 ],1,488
25689,2014-05-18,[ 20:09 ],1,491
25690,2014-05-18,[ 20:10 ],1,498
25691,2014-05-18,[ 20:11 ],1,496
25692,2014-05-18,[ 20:12 ],1,492
25693,2014-05-18,[ 20:13 ],1,452
25694,2014-05-18,[ 20:14 ],1,409
25695,2014-05-18,[ 20:15 ],1,406
25696,2014-05-18,[ 20:16 ],1,407
25697,2014-05-18,[ 20:17 ],1,407
25698,2014-05-18,[ 20:18 ],1,402
25699,2014-05-18,[ 20:19 ],1,409
25700,2014-05-18,[ 20:20 ],1,413
25701,2014-05-18,[ 20:21 ],1,379
25702,2014-05-18,[ 20:22 ],1,405
25703,2014-05-18,[ 20:23 ],1,405
25704,2014-05-18,[ 20:24 ],1,403
25705,2014-05-18,[ 20:25 ],1,411
25706,2014-05-18,[ 20:26 ],1,391
25707,2014-05-18,[ 20:27 ],1,410
25708,2014-05-18,[ 20:28 ],1,403
25709,2014-05-18,[ 20:29 ],1,409
25710,2014-05-18,[ 20:30 ],1,402
25711,2014-05-18,[ 20:31 ],1,415
25712,2014-05-18,[ 20:32 ],1,394
25713,2014-05-18,[ 20:33 ],1,385
25714,2014-05-18,[ 20:34 ],1,379
25715,2014-05-18,[ 20:35 ],1,411
25716,2014-05-18,[ 20:36 ],1,394
25717,2014-05-18,[ 20:37 ],1,413
25718,2014-05-18,[ 20:38 ],1,414
25719,2014-05-18,[ 20:39 ],1,414
25720,2014-05-18,[ 20:40 ],1,411
25721,2014-05-18,[ 20:41 ],1,380
25722,2014-05-18,[ 20:42 ],1,406
25723,2014-05-18,[ 20:43 ],1,413
25724,2014-05-18,[ 20:44 ],1,414
25725,2014-05-18,[ 20:45 ],1,414
25726,2014-05-18,[ 20:46 ],1,406
25727,2014-05-18,[ 20:47 ],1,410
25728,2014-05-18,[ 20:48 ],1,407
25729,2014-05-18,[ 20:49 ],1,413
25730,2014-05-18,[ 20:50 ],1,413
25731,2014-05-18,[ 20:51 ],1,729
25732,2014-05-18,[ 20:52 ],1,488
25733,2014-05-18,[ 20:53 ],1,485
25734,2014-05-18,[ 20:54 ],1,481
25735,2014-05-18,[ 20:55 ],1,480
25736,2014-05-18,[ 20:56 ],1,480
25737,2014-05-18,[ 20:57 ],1,486
25738,2014-05-18,[ 20:58 ],1,486
25739,2014-05-18,[ 20:59 ],1,486
25740,2014-05-18,[ 21:00 ],1,476
25741,2014-05-18,[ 21:01 ],1,473
25742,2014-05-18,[ 21:02 ],1,487
25743,2014-05-18,[ 21:03 ],1,406
25744,2014-05-18,[ 21:04 ],1,412
25745,2014-05-18,[ 21:05 ],1,413
25746,2014-05-18,[ 21:06 ],1,439
25747,2014-05-18,[ 21:07 ],1,446
25748,2014-05-18,[ 21:08 ],1,459
25749,2014-05-18,[ 21:09 ],1,416
25750,2014-05-18,[ 21:10 ],1,422
25751,2014-05-18,[ 21:11 ],1,435
25752,2014-05-18,[ 21:12 ],1,678
25753,2014-05-18,[ 21:13 ],1,497
25754,2014-05-18,[ 21:14 ],1,499
25755,2014-05-18,[ 21:15 ],1,500
25756,2014-05-18,[ 21:16 ],1,505
25757,2014-05-18,[ 21:17 ],1,495
25758,2014-05-18,[ 21:18 ],1,498
25759,2014-05-18,[ 21:19 ],1,500
25760,2014-05-18,[ 21:20 ],1,510
25761,2014-05-18,[ 21:21 ],1,538
25762,2014-05-18,[ 21:22 ],1,508
25763,2014-05-18,[ 21:23 ],1,508
25764,2014-05-18,[ 21:24 ],1,342
25765,2014-05-18,[ 21:25 ],1,351
25766,2014-05-18,[ 21:26 ],1,353
25767,2014-05-18,[ 21:27 ],1,320
25768,2014-05-18,[ 21:28 ],1,321
25769,2014-05-18,[ 21:29 ],1,318
25770,2014-05-18,[ 21:30 ],1,331
25771,2014-05-18,[ 21:31 ],1,310
25772,2014-05-18,[ 21:32 ],1,315
25773,2014-05-18,[ 21:33 ],1,317
25774,2014-05-18,[ 21:34 ],1,313
25775,2014-05-18,[ 21:35 ],1,301
25776,2014-05-18,[ 21:36 ],1,309
25777,2014-05-18,[ 21:37 ],1,322
25778,2014-05-18,[ 21:38 ],1,307
25779,2014-05-18,[ 21:39 ],1,307
25780,2014-05-18,[ 21:40 ],1,228
25781,2014-05-18,[ 21:41 ],1,245
25782,2014-05-18,[ 21:42 ],1,228
25783,2014-05-18,[ 21:43 ],1,225
25784,2014-05-18,[ 21:44 ],1,246
25785,2014-05-18,[ 21:45 ],1,245
25786,2014-05-18,[ 21:46 ],1,243
25787,2014-05-18,[ 21:47 ],1,243
25788,2014-05-18,[ 21:48 ],1,243
25789,2014-05-18,[ 21:49 ],1,243
25790,2014-05-18,[ 21:50 ],1,242
25791,2014-05-18,[ 21:51 ],1,309
25792,2014-05-18,[ 21:52 ],1,354
25793,2014-05-18,[ 21:53 ],1,246
25794,2014-05-18,[ 21:54 ],1,247
25795,2014-05-18,[ 21:55 ],1,257
25796,2014-05-18,[ 21:56 ],1,257
25797,2014-05-18,[ 21:57 ],1,240
25798,2014-05-18,[ 21:58 ],1,218
25799,2014-05-18,[ 21:59 ],1,224
25800,2014-05-18,[ 22:00 ],1,224
25801,2014-05-18,[ 22:01 ],1,226
25802,2014-05-18,[ 22:02 ],1,224
25803,2014-05-18,[ 22:03 ],1,437
25804,2014-05-18,[ 22:04 ],1,446
25805,2014-05-18,[ 22:05 ],1,446
25806,2014-05-18,[ 22:06 ],1,445
25807,2014-05-18,[ 22:07 ],1,445
25808,2014-05-18,[ 22:08 ],1,453
25809,2014-05-18,[ 22:09 ],1,451
25810,2014-05-18,[ 22:10 ],1,452
25811,2014-05-18,[ 22:11 ],1,452
25812,2014-05-18,[ 22:12 ],1,452
25813,2014-05-18,[ 22:13 ],1,452
25814,2014-05-18,[ 22:14 ],1,445
25815,2014-05-18,[ 22:15 ],1,449
25816,2014-05-18,[ 22:16 ],1,232
25817,2014-05-18,[ 22:17 ],1,231
25818,2014-05-18,[ 22:18 ],1,232
25819,2014-05-18,[ 22:19 ],1,231
25820,2014-05-18,[ 22:20 ],1,232
25821,2014-05-18,[ 22:21 ],1,232
25822,2014-05-18,[ 22:22 ],1,231
25823,2014-05-18,[ 22:23 ],1,222
25824,2014-05-18,[ 22:24 ],1,222
25825,2014-05-18,[ 22:25 ],1,224
25826,2014-05-18,[ 22:26 ],1,224
25827,2014-05-18,[ 22:27 ],1,222
25828,2014-05-18,[ 22:28 ],1,357
25829,2014-05-18,[ 22:29 ],1,357
25830,2014-05-18,[ 22:30 ],1,307
25831,2014-05-18,[ 22:31 ],1,309
25832,2014-05-18,[ 22:32 ],1,316
25833,2014-05-18,[ 22:33 ],1,316
25834,2014-05-18,[ 22:34 ],1,317
25835,2014-05-18,[ 22:35 ],1,299
25836,2014-05-18,[ 22:36 ],1,293
25837,2014-05-18,[ 22:37 ],1,292
25838,2014-05-18,[ 22:38 ],1,293
25839,2014-05-18,[ 22:39 ],1,291
25840,2014-05-18,[ 22:40 ],1,291
25841,2014-05-18,[ 22:41 ],1,291
25842,2014-05-18,[ 22:42 ],1,288
25843,2014-05-18,[ 22:43 ],1,289
25844,2014-05-18,[ 22:44 ],1,287
25845,2014-05-18,[ 22:45 ],1,289
25846,2014-05-18,[ 22:46 ],1,289
25847,2014-05-18,[ 22:47 ],1,287
25848,2014-05-18,[ 22:48 ],1,285
25849,2014-05-18,[ 22:49 ],1,287
25850,2014-05-18,[ 22:50 ],1,287
25851,2014-05-18,[ 22:51 ],1,287
25852,2014-05-18,[ 22:52 ],1,287
25853,2014-05-18,[ 22:53 ],1,297
25854,2014-05-18,[ 22:54 ],1,297
25855,2014-05-18,[ 22:55 ],1,297
25856,2014-05-18,[ 22:56 ],1,294
25857,2014-05-18,[ 22:57 ],1,295
25858,2014-05-18,[ 22:58 ],1,291
25859,2014-05-18,[ 22:59 ],1,287
25860,2014-05-18,[ 23:00 ],1,287
25861,2014-05-18,[ 23:01 ],1,287
25862,2014-05-18,[ 23:02 ],1,287
25863,2014-05-18,[ 23:03 ],1,289
25864,2014-05-18,[ 23:04 ],1,282
25865,2014-05-18,[ 23:05 ],1,283
25866,2014-05-18,[ 23:06 ],1,278
25867,2014-05-18,[ 23:07 ],1,281
25868,2014-05-18,[ 23:08 ],1,283
25869,2014-05-18,[ 23:09 ],1,282
25870,2014-05-18,[ 23:10 ],1,277
25871,2014-05-18,[ 23:11 ],1,277
25872,2014-05-18,[ 23:12 ],1,280
25873,2014-05-18,[ 23:13 ],1,277
25874,2014-05-18,[ 23:14 ],1,275
25875,2014-05-18,[ 23:15 ],1,280
25876,2014-05-18,[ 23:16 ],1,278
25877,2014-05-18,[ 23:17 ],1,280
25878,2014-05-18,[ 23:18 ],1,276
25879,2014-05-18,[ 23:19 ],1,277
25880,2014-05-18,[ 23:20 ],1,276
25881,2014-05-18,[ 23:21 ],1,274
25882,2014-05-18,[ 23:22 ],1,212
25883,2014-05-18,[ 23:23 ],1,210
25884,2014-05-18,[ 23:24 ],1,211
25885,2014-05-18,[ 23:25 ],1,210
25886,2014-05-18,[ 23:26 ],1,210
25887,2014-05-18,[ 23:27 ],1,210
25888,2014-05-18,[ 23:28 ],1,208
25889,2014-05-18,[ 23:29 ],1,206
25890,2014-05-18,[ 23:30 ],1,210
25891,2014-05-18,[ 23:31 ],1,208
25892,2014-05-18,[ 23:32 ],1,211
25893,2014-05-18,[ 23:33 ],1,210
25894,2014-05-18,[ 23:34 ],1,210
25895,2014-05-18,[ 23:35 ],1,210
25896,2014-05-18,[ 23:36 ],1,210
25897,2014-05-18,[ 23:37 ],1,208
25898,2014-05-18,[ 23:38 ],1,208
25899,2014-05-18,[ 23:39 ],1,208
25900,2014-05-18,[ 23:40 ],1,207
25901,2014-05-18,[ 23:41 ],1,206
25902,2014-05-18,[ 23:42 ],1,207
25903,2014-05-18,[ 23:43 ],1,208
25904,2014-05-18,[ 23:44 ],1,207
25905,2014-05-18,[ 23:45 ],1,208
25906,2014-05-18,[ 23:46 ],1,208
25907,2014-05-18,[ 23:47 ],1,206
25908,2014-05-18,[ 23:48 ],1,207
25909,2014-05-18,[ 23:49 ],1,210
25910,2014-05-18,[ 23:50 ],1,207
25911,2014-05-18,[ 23:51 ],1,211
25912,2014-05-18,[ 23:52 ],1,207
25913,2014-05-18,[ 23:53 ],1,292
25914,2014-05-18,[ 23:54 ],1,292
25915,2014-05-18,[ 23:55 ],1,286
25916,2014-05-18,[ 23:56 ],1,286
25917,2014-05-18,[ 23:57 ],1,282
25918,2014-05-18,[ 23:58 ],1,285
25919,2014-05-18,[ 23:59 ],1,285
25920,2014-05-19,[ 00:00 ],0,288
25921,2014-05-19,[ 00:01 ],0,286
25922,2014-05-19,[ 00:02 ],0,281
25923,2014-05-19,[ 00:03 ],0,282
25924,2014-05-19,[ 00:04 ],0,283
25925,2014-05-19,[ 00:05 ],0,284
25926,2014-05-19,[ 00:06 ],0,282
25927,2014-05-19,[ 00:07 ],0,282
25928,2014-05-19,[ 00:08 ],0,282
25929,2014-05-19,[ 00:09 ],0,281
25930,2014-05-19,[ 00:10 ],0,280
25931,2014-05-19,[ 00:11 ],0,281
25932,2014-05-19,[ 00:12 ],0,281
25933,2014-05-19,[ 00:13 ],0,284
25934,2014-05-19,[ 00:14 ],0,288
25935,2014-05-19,[ 00:15 ],0,285
25936,2014-05-19,[ 00:16 ],0,281
25937,2014-05-19,[ 00:17 ],0,280
25938,2014-05-19,[ 00:18 ],0,275
25939,2014-05-19,[ 00:19 ],0,275
25940,2014-05-19,[ 00:20 ],0,274
25941,2014-05-19,[ 00:21 ],0,274
25942,2014-05-19,[ 00:22 ],0,295
25943,2014-05-19,[ 00:23 ],0,294
25944,2014-05-19,[ 00:24 ],0,287
25945,2014-05-19,[ 00:25 ],0,218
25946,2014-05-19,[ 00:26 ],0,218
25947,2014-05-19,[ 00:27 ],0,218
25948,2014-05-19,[ 00:28 ],0,217
25949,2014-05-19,[ 00:29 ],0,218
25950,2014-05-19,[ 00:30 ],0,219
25951,2014-05-19,[ 00:31 ],0,219
25952,2014-05-19,[ 00:32 ],0,219
25953,2014-05-19,[ 00:33 ],0,221
25954,2014-05-19,[ 00:34 ],0,221
25955,2014-05-19,[ 00:35 ],0,219
25956,2014-05-19,[ 00:36 ],0,222
25957,2014-05-19,[ 00:37 ],0,208
25958,2014-05-19,[ 00:38 ],0,208
25959,2014-05-19,[ 00:39 ],0,208
25960,2014-05-19,[ 00:40 ],0,215
25961,2014-05-19,[ 00:41 ],0,247
25962,2014-05-19,[ 00:42 ],0,252
25963,2014-05-19,[ 00:43 ],0,252
25964,2014-05-19,[ 00:44 ],0,252
25965,2014-05-19,[ 00:45 ],0,251
25966,2014-05-19,[ 00:46 ],0,247
25967,2014-05-19,[ 00:47 ],0,208
25968,2014-05-19,[ 00:48 ],0,208
25969,2014-05-19,[ 00:49 ],0,210
25970,2014-05-19,[ 00:50 ],0,208
25971,2014-05-19,[ 00:51 ],0,210
25972,2014-05-19,[ 00:52 ],0,208
25973,2014-05-19,[ 00:53 ],0,208
25974,2014-05-19,[ 00:54 ],0,210
25975,2014-05-19,[ 00:55 ],0,210
25976,2014-05-19,[ 00:56 ],0,212
25977,2014-05-19,[ 00:57 ],0,210
25978,2014-05-19,[ 00:58 ],0,210
25979,2014-05-19,[ 00:59 ],0,208
25980,2014-05-19,[ 01:00 ],0,212
25981,2014-05-19,[ 01:01 ],0,212
25982,2014-05-19,[ 01:02 ],0,208
25983,2014-05-19,[ 01:03 ],0,207
25984,2014-05-19,[ 01:04 ],0,302
25985,2014-05-19,[ 01:05 ],0,287
25986,2014-05-19,[ 01:06 ],0,282
25987,2014-05-19,[ 01:07 ],0,283
25988,2014-05-19,[ 01:08 ],0,283
25989,2014-05-19,[ 01:09 ],0,278
25990,2014-05-19,[ 01:10 ],0,280
25991,2014-05-19,[ 01:11 ],0,278
25992,2014-05-19,[ 01:12 ],0,276
25993,2014-05-19,[ 01:13 ],0,277
25994,2014-05-19,[ 01:14 ],0,277
25995,2014-05-19,[ 01:15 ],0,276
25996,2014-05-19,[ 01:16 ],0,280
25997,2014-05-19,[ 01:17 ],0,285
25998,2014-05-19,[ 01:18 ],0,285
25999,2014-05-19,[ 01:19 ],0,287
26000,2014-05-19,[ 01:20 ],0,291
26001,2014-05-19,[ 01:21 ],0,294
26002,2014-05-19,[ 01:22 ],0,287
26003,2014-05-19,[ 01:23 ],0,287
26004,2014-05-19,[ 01:24 ],0,284
26005,2014-05-19,[ 01:25 ],0,288
26006,2014-05-19,[ 01:26 ],0,287
26007,2014-05-19,[ 01:27 ],0,285
26008,2014-05-19,[ 01:28 ],0,285
26009,2014-05-19,[ 01:29 ],0,282
26010,2014-05-19,[ 01:30 ],0,285
26011,2014-05-19,[ 01:31 ],0,282
26012,2014-05-19,[ 01:32 ],0,284
26013,2014-05-19,[ 01:33 ],0,283
26014,2014-05-19,[ 01:34 ],0,283
26015,2014-05-19,[ 01:35 ],0,283
26016,2014-05-19,[ 01:36 ],0,207
26017,2014-05-19,[ 01:37 ],0,208
26018,2014-05-19,[ 01:38 ],0,210
26019,2014-05-19,[ 01:39 ],0,211
26020,2014-05-19,[ 01:40 ],0,210
26021,2014-05-19,[ 01:41 ],0,211
26022,2014-05-19,[ 01:42 ],0,210
26023,2014-05-19,[ 01:43 ],0,208
26024,2014-05-19,[ 01:44 ],0,207
26025,2014-05-19,[ 01:45 ],0,208
26026,2014-05-19,[ 01:46 ],0,211
26027,2014-05-19,[ 01:47 ],0,208
26028,2014-05-19,[ 01:48 ],0,208
26029,2014-05-19,[ 01:49 ],0,208
26030,2014-05-19,[ 01:50 ],0,207
26031,2014-05-19,[ 01:51 ],0,211
26032,2014-05-19,[ 01:52 ],0,210
26033,2014-05-19,[ 01:53 ],0,211
26034,2014-05-19,[ 01:54 ],0,211
26035,2014-05-19,[ 01:55 ],0,210
26036,2014-05-19,[ 01:56 ],0,211
26037,2014-05-19,[ 01:57 ],0,208
26038,2014-05-19,[ 01:58 ],0,210
26039,2014-05-19,[ 01:59 ],0,208
26040,2014-05-19,[ 02:00 ],0,211
26041,2014-05-19,[ 02:01 ],0,213
26042,2014-05-19,[ 02:02 ],0,211
26043,2014-05-19,[ 02:03 ],0,211
26044,2014-05-19,[ 02:04 ],0,212
26045,2014-05-19,[ 02:05 ],0,208
26046,2014-05-19,[ 02:06 ],0,294
26047,2014-05-19,[ 02:07 ],0,282
26048,2014-05-19,[ 02:08 ],0,282
26049,2014-05-19,[ 02:09 ],0,276
26050,2014-05-19,[ 02:10 ],0,280
26051,2014-05-19,[ 02:11 ],0,277
26052,2014-05-19,[ 02:12 ],0,277
26053,2014-05-19,[ 02:13 ],0,276
26054,2014-05-19,[ 02:14 ],0,277
26055,2014-05-19,[ 02:15 ],0,276
26056,2014-05-19,[ 02:16 ],0,283
26057,2014-05-19,[ 02:17 ],0,275
26058,2014-05-19,[ 02:18 ],0,273
26059,2014-05-19,[ 02:19 ],0,207
26060,2014-05-19,[ 02:20 ],0,205
26061,2014-05-19,[ 02:21 ],0,210
26062,2014-05-19,[ 02:22 ],0,207
26063,2014-05-19,[ 02:23 ],0,207
26064,2014-05-19,[ 02:24 ],0,208
26065,2014-05-19,[ 02:25 ],0,205
26066,2014-05-19,[ 02:26 ],0,205
26067,2014-05-19,[ 02:27 ],0,206
26068,2014-05-19,[ 02:28 ],0,207
26069,2014-05-19,[ 02:29 ],0,206
26070,2014-05-19,[ 02:30 ],0,207
26071,2014-05-19,[ 02:31 ],0,211
26072,2014-05-19,[ 02:32 ],0,207
26073,2014-05-19,[ 02:33 ],0,206
26074,2014-05-19,[ 02:34 ],0,211
26075,2014-05-19,[ 02:35 ],0,208
26076,2014-05-19,[ 02:36 ],0,207
26077,2014-05-19,[ 02:37 ],0,207
26078,2014-05-19,[ 02:38 ],0,285
26079,2014-05-19,[ 02:39 ],0,284
26080,2014-05-19,[ 02:40 ],0,277
26081,2014-05-19,[ 02:41 ],0,280
26082,2014-05-19,[ 02:42 ],0,282
26083,2014-05-19,[ 02:43 ],0,281
26084,2014-05-19,[ 02:44 ],0,283
26085,2014-05-19,[ 02:45 ],0,285
26086,2014-05-19,[ 02:46 ],0,282
26087,2014-05-19,[ 02:47 ],0,281
26088,2014-05-19,[ 02:48 ],0,280
26089,2014-05-19,[ 02:49 ],0,282
26090,2014-05-19,[ 02:50 ],0,282
26091,2014-05-19,[ 02:51 ],0,283
26092,2014-05-19,[ 02:52 ],0,280
26093,2014-05-19,[ 02:53 ],0,281
26094,2014-05-19,[ 02:54 ],0,282
26095,2014-05-19,[ 02:55 ],0,282
26096,2014-05-19,[ 02:56 ],0,278
26097,2014-05-19,[ 02:57 ],0,280
26098,2014-05-19,[ 02:58 ],0,282
26099,2014-05-19,[ 02:59 ],0,282
26100,2014-05-19,[ 03:00 ],0,281
26101,2014-05-19,[ 03:01 ],0,278
26102,2014-05-19,[ 03:02 ],0,277
26103,2014-05-19,[ 03:03 ],0,278
26104,2014-05-19,[ 03:04 ],0,280
26105,2014-05-19,[ 03:05 ],0,276
26106,2014-05-19,[ 03:06 ],0,275
26107,2014-05-19,[ 03:07 ],0,208
26108,2014-05-19,[ 03:08 ],0,208
26109,2014-05-19,[ 03:09 ],0,205
26110,2014-05-19,[ 03:10 ],0,207
26111,2014-05-19,[ 03:11 ],0,207
26112,2014-05-19,[ 03:12 ],0,208
26113,2014-05-19,[ 03:13 ],0,208
26114,2014-05-19,[ 03:14 ],0,208
26115,2014-05-19,[ 03:15 ],0,208
26116,2014-05-19,[ 03:16 ],0,207
26117,2014-05-19,[ 03:17 ],0,207
26118,2014-05-19,[ 03:18 ],0,208
26119,2014-05-19,[ 03:19 ],0,210
26120,2014-05-19,[ 03:20 ],0,207
26121,2014-05-19,[ 03:21 ],0,208
26122,2014-05-19,[ 03:22 ],0,212
26123,2014-05-19,[ 03:23 ],0,207
26124,2014-05-19,[ 03:24 ],0,208
26125,2014-05-19,[ 03:25 ],0,208
26126,2014-05-19,[ 03:26 ],0,207
26127,2014-05-19,[ 03:27 ],0,206
26128,2014-05-19,[ 03:28 ],0,212
26129,2014-05-19,[ 03:29 ],0,207
26130,2014-05-19,[ 03:30 ],0,217
26131,2014-05-19,[ 03:31 ],0,217
26132,2014-05-19,[ 03:32 ],0,217
26133,2014-05-19,[ 03:33 ],0,215
26134,2014-05-19,[ 03:34 ],0,214
26135,2014-05-19,[ 03:35 ],0,218
26136,2014-05-19,[ 03:36 ],0,217
26137,2014-05-19,[ 03:37 ],0,217
26138,2014-05-19,[ 03:38 ],0,217
26139,2014-05-19,[ 03:39 ],0,216
26140,2014-05-19,[ 03:40 ],0,216
26141,2014-05-19,[ 03:41 ],0,217
26142,2014-05-19,[ 03:42 ],0,218
26143,2014-05-19,[ 03:43 ],0,218
26144,2014-05-19,[ 03:44 ],0,217
26145,2014-05-19,[ 03:45 ],0,219
26146,2014-05-19,[ 03:46 ],0,207
26147,2014-05-19,[ 03:47 ],0,207
26148,2014-05-19,[ 03:48 ],0,299
26149,2014-05-19,[ 03:49 ],0,282
26150,2014-05-19,[ 03:50 ],0,281
26151,2014-05-19,[ 03:51 ],0,278
26152,2014-05-19,[ 03:52 ],0,280
26153,2014-05-19,[ 03:53 ],0,291
26154,2014-05-19,[ 03:54 ],0,278
26155,2014-05-19,[ 03:55 ],0,280
26156,2014-05-19,[ 03:56 ],0,277
26157,2014-05-19,[ 03:57 ],0,277
26158,2014-05-19,[ 03:58 ],0,278
26159,2014-05-19,[ 03:59 ],0,278
26160,2014-05-19,[ 04:00 ],0,274
26161,2014-05-19,[ 04:01 ],0,210
26162,2014-05-19,[ 04:02 ],0,211
26163,2014-05-19,[ 04:03 ],0,210
26164,2014-05-19,[ 04:04 ],0,210
26165,2014-05-19,[ 04:05 ],0,212
26166,2014-05-19,[ 04:06 ],0,207
26167,2014-05-19,[ 04:07 ],0,211
26168,2014-05-19,[ 04:08 ],0,211
26169,2014-05-19,[ 04:09 ],0,207
26170,2014-05-19,[ 04:10 ],0,292
26171,2014-05-19,[ 04:11 ],0,276
26172,2014-05-19,[ 04:12 ],0,276
26173,2014-05-19,[ 04:13 ],0,280
26174,2014-05-19,[ 04:14 ],0,281
26175,2014-05-19,[ 04:15 ],0,285
26176,2014-05-19,[ 04:16 ],0,286
26177,2014-05-19,[ 04:17 ],0,285
26178,2014-05-19,[ 04:18 ],0,284
26179,2014-05-19,[ 04:19 ],0,278
26180,2014-05-19,[ 04:20 ],0,284
26181,2014-05-19,[ 04:21 ],0,281
26182,2014-05-19,[ 04:22 ],0,277
26183,2014-05-19,[ 04:23 ],0,278
26184,2014-05-19,[ 04:24 ],0,280
26185,2014-05-19,[ 04:25 ],0,281
26186,2014-05-19,[ 04:26 ],0,283
26187,2014-05-19,[ 04:27 ],0,278
26188,2014-05-19,[ 04:28 ],0,283
26189,2014-05-19,[ 04:29 ],0,281
26190,2014-05-19,[ 04:30 ],0,283
26191,2014-05-19,[ 04:31 ],0,281
26192,2014-05-19,[ 04:32 ],0,281
26193,2014-05-19,[ 04:33 ],0,278
26194,2014-05-19,[ 04:34 ],0,276
26195,2014-05-19,[ 04:35 ],0,276
26196,2014-05-19,[ 04:36 ],0,277
26197,2014-05-19,[ 04:37 ],0,208
26198,2014-05-19,[ 04:38 ],0,210
26199,2014-05-19,[ 04:39 ],0,210
26200,2014-05-19,[ 04:40 ],0,210
26201,2014-05-19,[ 04:41 ],0,210
26202,2014-05-19,[ 04:42 ],0,206
26203,2014-05-19,[ 04:43 ],0,208
26204,2014-05-19,[ 04:44 ],0,208
26205,2014-05-19,[ 04:45 ],0,208
26206,2014-05-19,[ 04:46 ],0,208
26207,2014-05-19,[ 04:47 ],0,208
26208,2014-05-19,[ 04:48 ],0,208
26209,2014-05-19,[ 04:49 ],0,206
26210,2014-05-19,[ 04:50 ],0,208
26211,2014-05-19,[ 04:51 ],0,207
26212,2014-05-19,[ 04:52 ],0,208
26213,2014-05-19,[ 04:53 ],0,208
26214,2014-05-19,[ 04:54 ],0,208
26215,2014-05-19,[ 04:55 ],0,208
26216,2014-05-19,[ 04:56 ],0,208
26217,2014-05-19,[ 04:57 ],0,211
26218,2014-05-19,[ 04:58 ],0,210
26219,2014-05-19,[ 04:59 ],0,213
26220,2014-05-19,[ 05:00 ],0,214
26221,2014-05-19,[ 05:01 ],0,208
26222,2014-05-19,[ 05:02 ],0,212
26223,2014-05-19,[ 05:03 ],0,210
26224,2014-05-19,[ 05:04 ],0,210
26225,2014-05-19,[ 05:05 ],0,208
26226,2014-05-19,[ 05:06 ],0,207
26227,2014-05-19,[ 05:07 ],0,205
26228,2014-05-19,[ 05:08 ],0,207
26229,2014-05-19,[ 05:09 ],0,206
26230,2014-05-19,[ 05:10 ],0,208
26231,2014-05-19,[ 05:11 ],0,208
26232,2014-05-19,[ 05:12 ],0,205
26233,2014-05-19,[ 05:13 ],0,206
26234,2014-05-19,[ 05:14 ],0,206
26235,2014-05-19,[ 05:15 ],0,206
26236,2014-05-19,[ 05:16 ],0,289
26237,2014-05-19,[ 05:17 ],0,281
26238,2014-05-19,[ 05:18 ],0,280
26239,2014-05-19,[ 05:19 ],0,282
26240,2014-05-19,[ 05:20 ],0,280
26241,2014-05-19,[ 05:21 ],0,280
26242,2014-05-19,[ 05:22 ],0,278
26243,2014-05-19,[ 05:23 ],0,280
26244,2014-05-19,[ 05:24 ],0,275
26245,2014-05-19,[ 05:25 ],0,275
26246,2014-05-19,[ 05:26 ],0,277
26247,2014-05-19,[ 05:27 ],0,273
26248,2014-05-19,[ 05:28 ],0,269
26249,2014-05-19,[ 05:29 ],0,210
26250,2014-05-19,[ 05:30 ],0,210
26251,2014-05-19,[ 05:31 ],0,207
26252,2014-05-19,[ 05:32 ],0,207
26253,2014-05-19,[ 05:33 ],0,208
26254,2014-05-19,[ 05:34 ],0,208
26255,2014-05-19,[ 05:35 ],0,208
26256,2014-05-19,[ 05:36 ],0,205
26257,2014-05-19,[ 05:37 ],0,208
26258,2014-05-19,[ 05:38 ],0,281
26259,2014-05-19,[ 05:39 ],0,278
26260,2014-05-19,[ 05:40 ],0,277
26261,2014-05-19,[ 05:41 ],0,281
26262,2014-05-19,[ 05:42 ],0,281
26263,2014-05-19,[ 05:43 ],0,281
26264,2014-05-19,[ 05:44 ],0,283
26265,2014-05-19,[ 05:45 ],0,283
26266,2014-05-19,[ 05:46 ],0,283
26267,2014-05-19,[ 05:47 ],0,277
26268,2014-05-19,[ 05:48 ],0,283
26269,2014-05-19,[ 05:49 ],0,284
26270,2014-05-19,[ 05:50 ],0,282
26271,2014-05-19,[ 05:51 ],0,282
26272,2014-05-19,[ 05:52 ],0,282
26273,2014-05-19,[ 05:53 ],0,284
26274,2014-05-19,[ 05:54 ],0,283
26275,2014-05-19,[ 05:55 ],0,278
26276,2014-05-19,[ 05:56 ],0,281
26277,2014-05-19,[ 05:57 ],0,280
26278,2014-05-19,[ 05:58 ],0,280
26279,2014-05-19,[ 05:59 ],0,278
26280,2014-05-19,[ 06:00 ],0,283
26281,2014-05-19,[ 06:01 ],0,280
26282,2014-05-19,[ 06:02 ],0,278
26283,2014-05-19,[ 06:03 ],0,211
26284,2014-05-19,[ 06:04 ],0,212
26285,2014-05-19,[ 06:05 ],0,212
26286,2014-05-19,[ 06:06 ],0,208
26287,2014-05-19,[ 06:07 ],0,210
26288,2014-05-19,[ 06:08 ],0,211
26289,2014-05-19,[ 06:09 ],0,211
26290,2014-05-19,[ 06:10 ],0,2605
26291,2014-05-19,[ 06:11 ],0,2602
26292,2014-05-19,[ 06:12 ],0,2552
26293,2014-05-19,[ 06:13 ],0,213
26294,2014-05-19,[ 06:14 ],0,222
26295,2014-05-19,[ 06:15 ],0,222
26296,2014-05-19,[ 06:16 ],0,212
26297,2014-05-19,[ 06:17 ],0,215
26298,2014-05-19,[ 06:18 ],0,215
26299,2014-05-19,[ 06:19 ],0,217
26300,2014-05-19,[ 06:20 ],0,223
26301,2014-05-19,[ 06:21 ],0,219
26302,2014-05-19,[ 06:22 ],0,221
26303,2014-05-19,[ 06:23 ],0,224
26304,2014-05-19,[ 06:24 ],0,219
26305,2014-05-19,[ 06:25 ],0,223
26306,2014-05-19,[ 06:26 ],0,224
26307,2014-05-19,[ 06:27 ],0,219
26308,2014-05-19,[ 06:28 ],0,237
26309,2014-05-19,[ 06:29 ],0,224
26310,2014-05-19,[ 06:30 ],0,225
26311,2014-05-19,[ 06:31 ],0,2624
26312,2014-05-19,[ 06:32 ],0,2624
26313,2014-05-19,[ 06:33 ],0,237
26314,2014-05-19,[ 06:34 ],0,226
26315,2014-05-19,[ 06:35 ],0,225
26316,2014-05-19,[ 06:36 ],0,223
26317,2014-05-19,[ 06:37 ],0,223
26318,2014-05-19,[ 06:38 ],0,224
26319,2014-05-19,[ 06:39 ],0,222
26320,2014-05-19,[ 06:40 ],0,378
26321,2014-05-19,[ 06:41 ],0,371
26322,2014-05-19,[ 06:42 ],0,371
26323,2014-05-19,[ 06:43 ],0,444
26324,2014-05-19,[ 06:44 ],0,433
26325,2014-05-19,[ 06:45 ],0,443
26326,2014-05-19,[ 06:46 ],0,439
26327,2014-05-19,[ 06:47 ],0,432
26328,2014-05-19,[ 06:48 ],0,444
26329,2014-05-19,[ 06:49 ],0,429
26330,2014-05-19,[ 06:50 ],0,422
26331,2014-05-19,[ 06:51 ],0,433
26332,2014-05-19,[ 06:52 ],0,427
26333,2014-05-19,[ 06:53 ],0,420
26334,2014-05-19,[ 06:54 ],0,422
26335,2014-05-19,[ 06:55 ],0,364
26336,2014-05-19,[ 06:56 ],0,363
26337,2014-05-19,[ 06:57 ],0,357
26338,2014-05-19,[ 06:58 ],0,354
26339,2014-05-19,[ 06:59 ],0,357
26340,2014-05-19,[ 07:00 ],0,355
26341,2014-05-19,[ 07:01 ],0,356
26342,2014-05-19,[ 07:02 ],0,356
26343,2014-05-19,[ 07:03 ],0,365
26344,2014-05-19,[ 07:04 ],0,430
26345,2014-05-19,[ 07:05 ],0,424
26346,2014-05-19,[ 07:06 ],0,421
26347,2014-05-19,[ 07:07 ],0,424
26348,2014-05-19,[ 07:08 ],0,425
26349,2014-05-19,[ 07:09 ],0,434
26350,2014-05-19,[ 07:10 ],0,444
26351,2014-05-19,[ 07:11 ],0,436
26352,2014-05-19,[ 07:12 ],0,436
26353,2014-05-19,[ 07:13 ],0,372
26354,2014-05-19,[ 07:14 ],0,367
26355,2014-05-19,[ 07:15 ],0,359
26356,2014-05-19,[ 07:16 ],0,361
26357,2014-05-19,[ 07:17 ],0,364
26358,2014-05-19,[ 07:18 ],0,363
26359,2014-05-19,[ 07:19 ],0,399
26360,2014-05-19,[ 07:20 ],0,407
26361,2014-05-19,[ 07:21 ],0,409
26362,2014-05-19,[ 07:22 ],0,410
26363,2014-05-19,[ 07:23 ],0,411
26364,2014-05-19,[ 07:24 ],0,409
26365,2014-05-19,[ 07:25 ],0,409
26366,2014-05-19,[ 07:26 ],0,414
26367,2014-05-19,[ 07:27 ],0,407
26368,2014-05-19,[ 07:28 ],0,416
26369,2014-05-19,[ 07:29 ],0,407
26370,2014-05-19,[ 07:30 ],0,407
26371,2014-05-19,[ 07:31 ],0,340
26372,2014-05-19,[ 07:32 ],0,345
26373,2014-05-19,[ 07:33 ],0,336
26374,2014-05-19,[ 07:34 ],0,339
26375,2014-05-19,[ 07:35 ],0,336
26376,2014-05-19,[ 07:36 ],0,283
26377,2014-05-19,[ 07:37 ],0,283
26378,2014-05-19,[ 07:38 ],0,299
26379,2014-05-19,[ 07:39 ],0,284
26380,2014-05-19,[ 07:40 ],0,285
26381,2014-05-19,[ 07:41 ],0,2878
26382,2014-05-19,[ 07:42 ],0,2889
26383,2014-05-19,[ 07:43 ],0,2847
26384,2014-05-19,[ 07:44 ],0,399
26385,2014-05-19,[ 07:45 ],0,379
26386,2014-05-19,[ 07:46 ],0,382
26387,2014-05-19,[ 07:47 ],0,376
26388,2014-05-19,[ 07:48 ],0,387
26389,2014-05-19,[ 07:49 ],0,401
26390,2014-05-19,[ 07:50 ],0,389
26391,2014-05-19,[ 07:51 ],0,388
26392,2014-05-19,[ 07:52 ],0,1966
26393,2014-05-19,[ 07:53 ],0,425
26394,2014-05-19,[ 07:54 ],0,432
26395,2014-05-19,[ 07:55 ],0,432
26396,2014-05-19,[ 07:56 ],0,403
26397,2014-05-19,[ 07:57 ],0,404
26398,2014-05-19,[ 07:58 ],0,357
26399,2014-05-19,[ 07:59 ],0,340
26400,2014-05-19,[ 08:00 ],0,346
26401,2014-05-19,[ 08:01 ],0,348
26402,2014-05-19,[ 08:02 ],0,353
26403,2014-05-19,[ 08:03 ],0,344
26404,2014-05-19,[ 08:04 ],0,375
26405,2014-05-19,[ 08:05 ],0,390
26406,2014-05-19,[ 08:06 ],0,379
26407,2014-05-19,[ 08:07 ],0,342
26408,2014-05-19,[ 08:08 ],0,343
26409,2014-05-19,[ 08:09 ],0,413
26410,2014-05-19,[ 08:10 ],0,421
26411,2014-05-19,[ 08:11 ],0,415
26412,2014-05-19,[ 08:12 ],0,409
26413,2014-05-19,[ 08:13 ],0,446
26414,2014-05-19,[ 08:14 ],0,441
26415,2014-05-19,[ 08:15 ],0,447
26416,2014-05-19,[ 08:16 ],0,421
26417,2014-05-19,[ 08:17 ],0,414
26418,2014-05-19,[ 08:18 ],0,416
26419,2014-05-19,[ 08:19 ],0,415
26420,2014-05-19,[ 08:20 ],0,365
26421,2014-05-19,[ 08:21 ],0,394
26422,2014-05-19,[ 08:22 ],0,440
26423,2014-05-19,[ 08:23 ],0,462
26424,2014-05-19,[ 08:24 ],0,449
26425,2014-05-19,[ 08:25 ],0,409
26426,2014-05-19,[ 08:26 ],0,409
26427,2014-05-19,[ 08:27 ],0,410
26428,2014-05-19,[ 08:28 ],0,437
26429,2014-05-19,[ 08:29 ],0,447
26430,2014-05-19,[ 08:30 ],0,446
26431,2014-05-19,[ 08:31 ],0,451
26432,2014-05-19,[ 08:32 ],0,452
26433,2014-05-19,[ 08:33 ],0,452
26434,2014-05-19,[ 08:34 ],0,447
26435,2014-05-19,[ 08:35 ],0,445
26436,2014-05-19,[ 08:36 ],0,447
26437,2014-05-19,[ 08:37 ],0,446
26438,2014-05-19,[ 08:38 ],0,440
26439,2014-05-19,[ 08:39 ],0,448
26440,2014-05-19,[ 08:40 ],0,444
26441,2014-05-19,[ 08:41 ],0,377
26442,2014-05-19,[ 08:42 ],0,370
26443,2014-05-19,[ 08:43 ],0,371
26444,2014-05-19,[ 08:44 ],0,371
26445,2014-05-19,[ 08:45 ],0,375
26446,2014-05-19,[ 08:46 ],0,370
26447,2014-05-19,[ 08:47 ],0,367
26448,2014-05-19,[ 08:48 ],0,367
26449,2014-05-19,[ 08:49 ],0,380
26450,2014-05-19,[ 08:50 ],0,377
26451,2014-05-19,[ 08:51 ],0,377
26452,2014-05-19,[ 08:52 ],0,372
26453,2014-05-19,[ 08:53 ],0,377
26454,2014-05-19,[ 08:54 ],0,381
26455,2014-05-19,[ 08:55 ],0,376
26456,2014-05-19,[ 08:56 ],0,379
26457,2014-05-19,[ 08:57 ],0,379
26458,2014-05-19,[ 08:58 ],0,376
26459,2014-05-19,[ 08:59 ],0,379
26460,2014-05-19,[ 09:00 ],0,382
26461,2014-05-19,[ 09:01 ],0,376
26462,2014-05-19,[ 09:02 ],0,376
26463,2014-05-19,[ 09:03 ],0,376
26464,2014-05-19,[ 09:04 ],0,381
26465,2014-05-19,[ 09:05 ],0,374
26466,2014-05-19,[ 09:06 ],0,374
26467,2014-05-19,[ 09:07 ],0,371
26468,2014-05-19,[ 09:08 ],0,376
26469,2014-05-19,[ 09:09 ],0,379
26470,2014-05-19,[ 09:10 ],0,378
26471,2014-05-19,[ 09:11 ],0,385
26472,2014-05-19,[ 09:12 ],0,375
26473,2014-05-19,[ 09:13 ],0,374
26474,2014-05-19,[ 09:14 ],0,375
26475,2014-05-19,[ 09:15 ],0,374
26476,2014-05-19,[ 09:16 ],0,374
26477,2014-05-19,[ 09:17 ],0,376
26478,2014-05-19,[ 09:18 ],0,377
26479,2014-05-19,[ 09:19 ],0,372
26480,2014-05-19,[ 09:20 ],0,374
26481,2014-05-19,[ 09:21 ],0,376
26482,2014-05-19,[ 09:22 ],0,372
26483,2014-05-19,[ 09:23 ],0,1652
26484,2014-05-19,[ 09:24 ],0,451
26485,2014-05-19,[ 09:25 ],0,453
26486,2014-05-19,[ 09:26 ],0,457
26487,2014-05-19,[ 09:27 ],0,449
26488,2014-05-19,[ 09:28 ],0,449
26489,2014-05-19,[ 09:29 ],0,444
26490,2014-05-19,[ 09:30 ],0,447
26491,2014-05-19,[ 09:31 ],0,443
26492,2014-05-19,[ 09:32 ],0,440
26493,2014-05-19,[ 09:33 ],0,444
26494,2014-05-19,[ 09:34 ],0,446
26495,2014-05-19,[ 09:35 ],0,398
26496,2014-05-19,[ 09:36 ],0,400
26497,2014-05-19,[ 09:37 ],0,401
26498,2014-05-19,[ 09:38 ],0,398
26499,2014-05-19,[ 09:39 ],0,393
26500,2014-05-19,[ 09:40 ],0,397
26501,2014-05-19,[ 09:41 ],0,440
26502,2014-05-19,[ 09:42 ],0,449
26503,2014-05-19,[ 09:43 ],0,449
26504,2014-05-19,[ 09:44 ],0,439
26505,2014-05-19,[ 09:45 ],0,443
26506,2014-05-19,[ 09:46 ],0,446
26507,2014-05-19,[ 09:47 ],0,450
26508,2014-05-19,[ 09:48 ],0,444
26509,2014-05-19,[ 09:49 ],0,445
26510,2014-05-19,[ 09:50 ],0,444
26511,2014-05-19,[ 09:51 ],0,448
26512,2014-05-19,[ 09:52 ],0,446
26513,2014-05-19,[ 09:53 ],0,450
26514,2014-05-19,[ 09:54 ],0,374
26515,2014-05-19,[ 09:55 ],0,372
26516,2014-05-19,[ 09:56 ],0,374
26517,2014-05-19,[ 09:57 ],0,375
26518,2014-05-19,[ 09:58 ],0,372
26519,2014-05-19,[ 09:59 ],0,385
26520,2014-05-19,[ 10:00 ],0,369
26521,2014-05-19,[ 10:01 ],0,368
26522,2014-05-19,[ 10:02 ],0,369
26523,2014-05-19,[ 10:03 ],0,374
26524,2014-05-19,[ 10:04 ],0,374
26525,2014-05-19,[ 10:05 ],0,368
26526,2014-05-19,[ 10:06 ],0,376
26527,2014-05-19,[ 10:07 ],0,370
26528,2014-05-19,[ 10:08 ],0,368
26529,2014-05-19,[ 10:09 ],0,368
26530,2014-05-19,[ 10:10 ],0,369
26531,2014-05-19,[ 10:11 ],0,366
26532,2014-05-19,[ 10:12 ],0,364
26533,2014-05-19,[ 10:13 ],0,369
26534,2014-05-19,[ 10:14 ],0,365
26535,2014-05-19,[ 10:15 ],0,364
26536,2014-05-19,[ 10:16 ],0,368
26537,2014-05-19,[ 10:17 ],0,366
26538,2014-05-19,[ 10:18 ],0,365
26539,2014-05-19,[ 10:19 ],0,368
26540,2014-05-19,[ 10:20 ],0,369
26541,2014-05-19,[ 10:21 ],0,367
26542,2014-05-19,[ 10:22 ],0,368
26543,2014-05-19,[ 10:23 ],0,368
26544,2014-05-19,[ 10:24 ],0,367
26545,2014-05-19,[ 10:25 ],0,465
26546,2014-05-19,[ 10:26 ],0,446
26547,2014-05-19,[ 10:27 ],0,440
26548,2014-05-19,[ 10:28 ],0,445
26549,2014-05-19,[ 10:29 ],0,445
26550,2014-05-19,[ 10:30 ],0,440
26551,2014-05-19,[ 10:31 ],0,445
26552,2014-05-19,[ 10:32 ],0,438
26553,2014-05-19,[ 10:33 ],0,435
26554,2014-05-19,[ 10:34 ],0,443
26555,2014-05-19,[ 10:35 ],0,434
26556,2014-05-19,[ 10:36 ],0,429
26557,2014-05-19,[ 10:37 ],0,368
26558,2014-05-19,[ 10:38 ],0,367
26559,2014-05-19,[ 10:39 ],0,371
26560,2014-05-19,[ 10:40 ],0,369
26561,2014-05-19,[ 10:41 ],0,369
26562,2014-05-19,[ 10:42 ],0,368
26563,2014-05-19,[ 10:43 ],0,368
26564,2014-05-19,[ 10:44 ],0,366
26565,2014-05-19,[ 10:45 ],0,368
26566,2014-05-19,[ 10:46 ],0,369
26567,2014-05-19,[ 10:47 ],0,366
26568,2014-05-19,[ 10:48 ],0,364
26569,2014-05-19,[ 10:49 ],0,368
26570,2014-05-19,[ 10:50 ],0,372
26571,2014-05-19,[ 10:51 ],0,544
26572,2014-05-19,[ 10:52 ],0,444
26573,2014-05-19,[ 10:53 ],0,435
26574,2014-05-19,[ 10:54 ],0,440
26575,2014-05-19,[ 10:55 ],0,444
26576,2014-05-19,[ 10:56 ],0,441
26577,2014-05-19,[ 10:57 ],0,446
26578,2014-05-19,[ 10:58 ],0,446
26579,2014-05-19,[ 10:59 ],0,444
26580,2014-05-19,[ 11:00 ],0,444
26581,2014-05-19,[ 11:01 ],0,446
26582,2014-05-19,[ 11:02 ],0,444
26583,2014-05-19,[ 11:03 ],0,443
26584,2014-05-19,[ 11:04 ],0,439
26585,2014-05-19,[ 11:05 ],0,443
26586,2014-05-19,[ 11:06 ],0,438
26587,2014-05-19,[ 11:07 ],0,438
26588,2014-05-19,[ 11:08 ],0,437
26589,2014-05-19,[ 11:09 ],0,437
26590,2014-05-19,[ 11:10 ],0,436
26591,2014-05-19,[ 11:11 ],0,438
26592,2014-05-19,[ 11:12 ],0,438
26593,2014-05-19,[ 11:13 ],0,439
26594,2014-05-19,[ 11:14 ],0,434
26595,2014-05-19,[ 11:15 ],0,437
26596,2014-05-19,[ 11:16 ],0,437
26597,2014-05-19,[ 11:17 ],0,363
26598,2014-05-19,[ 11:18 ],0,364
26599,2014-05-19,[ 11:19 ],0,370
26600,2014-05-19,[ 11:20 ],0,361
26601,2014-05-19,[ 11:21 ],0,371
26602,2014-05-19,[ 11:22 ],0,358
26603,2014-05-19,[ 11:23 ],0,357
26604,2014-05-19,[ 11:24 ],0,355
26605,2014-05-19,[ 11:25 ],0,363
26606,2014-05-19,[ 11:26 ],0,354
26607,2014-05-19,[ 11:27 ],0,309
26608,2014-05-19,[ 11:28 ],0,305
26609,2014-05-19,[ 11:29 ],0,301
26610,2014-05-19,[ 11:30 ],0,312
26611,2014-05-19,[ 11:31 ],0,301
26612,2014-05-19,[ 11:32 ],0,306
26613,2014-05-19,[ 11:33 ],0,382
26614,2014-05-19,[ 11:34 ],0,372
26615,2014-05-19,[ 11:35 ],0,382
26616,2014-05-19,[ 11:36 ],0,377
26617,2014-05-19,[ 11:37 ],0,370
26618,2014-05-19,[ 11:38 ],0,370
26619,2014-05-19,[ 11:39 ],0,369
26620,2014-05-19,[ 11:40 ],0,377
26621,2014-05-19,[ 11:41 ],0,368
26622,2014-05-19,[ 11:42 ],0,369
26623,2014-05-19,[ 11:43 ],0,376
26624,2014-05-19,[ 11:44 ],0,371
26625,2014-05-19,[ 11:45 ],0,385
26626,2014-05-19,[ 11:46 ],0,372
26627,2014-05-19,[ 11:47 ],0,383
26628,2014-05-19,[ 11:48 ],0,367
26629,2014-05-19,[ 11:49 ],0,367
26630,2014-05-19,[ 11:50 ],0,367
26631,2014-05-19,[ 11:51 ],0,370
26632,2014-05-19,[ 11:52 ],0,315
26633,2014-05-19,[ 11:53 ],0,2746
26634,2014-05-19,[ 11:54 ],0,2798
26635,2014-05-19,[ 11:55 ],0,2814
26636,2014-05-19,[ 11:56 ],0,451
26637,2014-05-19,[ 11:57 ],0,447
26638,2014-05-19,[ 11:58 ],0,456
26639,2014-05-19,[ 11:59 ],0,456
26640,2014-05-19,[ 12:00 ],0,455
26641,2014-05-19,[ 12:01 ],0,479
26642,2014-05-19,[ 12:02 ],0,464
26643,2014-05-19,[ 12:03 ],0,488
26644,2014-05-19,[ 12:04 ],0,487
26645,2014-05-19,[ 12:05 ],0,475
26646,2014-05-19,[ 12:06 ],0,484
26647,2014-05-19,[ 12:07 ],0,476
26648,2014-05-19,[ 12:08 ],0,471
26649,2014-05-19,[ 12:09 ],0,507
26650,2014-05-19,[ 12:10 ],0,496
26651,2014-05-19,[ 12:11 ],0,469
26652,2014-05-19,[ 12:12 ],0,467
26653,2014-05-19,[ 12:13 ],0,472
26654,2014-05-19,[ 12:14 ],0,471
26655,2014-05-19,[ 12:15 ],0,467
26656,2014-05-19,[ 12:16 ],0,467
26657,2014-05-19,[ 12:17 ],0,449
26658,2014-05-19,[ 12:18 ],0,392
26659,2014-05-19,[ 12:19 ],0,404
26660,2014-05-19,[ 12:20 ],0,398
26661,2014-05-19,[ 12:21 ],0,392
26662,2014-05-19,[ 12:22 ],0,394
26663,2014-05-19,[ 12:23 ],0,394
26664,2014-05-19,[ 12:24 ],0,391
26665,2014-05-19,[ 12:25 ],0,393
26666,2014-05-19,[ 12:26 ],0,390
26667,2014-05-19,[ 12:27 ],0,387
26668,2014-05-19,[ 12:28 ],0,385
26669,2014-05-19,[ 12:29 ],0,382
26670,2014-05-19,[ 12:30 ],0,333
26671,2014-05-19,[ 12:31 ],0,333
26672,2014-05-19,[ 12:32 ],0,316
26673,2014-05-19,[ 12:33 ],0,313
26674,2014-05-19,[ 12:34 ],0,316
26675,2014-05-19,[ 12:35 ],0,316
26676,2014-05-19,[ 12:36 ],0,315
26677,2014-05-19,[ 12:37 ],0,312
26678,2014-05-19,[ 12:38 ],0,317
26679,2014-05-19,[ 12:39 ],0,316
26680,2014-05-19,[ 12:40 ],0,2715
26681,2014-05-19,[ 12:41 ],0,2726
26682,2014-05-19,[ 12:42 ],0,2665
26683,2014-05-19,[ 12:43 ],0,315
26684,2014-05-19,[ 12:44 ],0,324
26685,2014-05-19,[ 12:45 ],0,541
26686,2014-05-19,[ 12:46 ],0,546
26687,2014-05-19,[ 12:47 ],0,555
26688,2014-05-19,[ 12:48 ],0,597
26689,2014-05-19,[ 12:49 ],0,599
26690,2014-05-19,[ 12:50 ],0,591
26691,2014-05-19,[ 12:51 ],0,597
26692,2014-05-19,[ 12:52 ],0,603
26693,2014-05-19,[ 12:53 ],0,599
26694,2014-05-19,[ 12:54 ],0,598
26695,2014-05-19,[ 12:55 ],0,601
26696,2014-05-19,[ 12:56 ],0,597
26697,2014-05-19,[ 12:57 ],0,388
26698,2014-05-19,[ 12:58 ],0,391
26699,2014-05-19,[ 12:59 ],0,391
26700,2014-05-19,[ 13:00 ],0,393
26701,2014-05-19,[ 13:01 ],0,400
26702,2014-05-19,[ 13:02 ],0,400
26703,2014-05-19,[ 13:03 ],0,386
26704,2014-05-19,[ 13:04 ],0,389
26705,2014-05-19,[ 13:05 ],0,377
26706,2014-05-19,[ 13:06 ],0,380
26707,2014-05-19,[ 13:07 ],0,375
26708,2014-05-19,[ 13:08 ],0,377
26709,2014-05-19,[ 13:09 ],0,377
26710,2014-05-19,[ 13:10 ],0,665
26711,2014-05-19,[ 13:11 ],0,964
26712,2014-05-19,[ 13:12 ],0,1106
26713,2014-05-19,[ 13:13 ],0,2908
26714,2014-05-19,[ 13:14 ],0,2748
26715,2014-05-19,[ 13:15 ],0,2803
26716,2014-05-19,[ 13:16 ],0,2781
26717,2014-05-19,[ 13:17 ],0,2660
26718,2014-05-19,[ 13:18 ],0,2711
26719,2014-05-19,[ 13:19 ],0,2740
26720,2014-05-19,[ 13:20 ],0,2825
26721,2014-05-19,[ 13:21 ],0,2714
26722,2014-05-19,[ 13:22 ],0,2820
26723,2014-05-19,[ 13:23 ],0,2925
26724,2014-05-19,[ 13:24 ],0,2534
26725,2014-05-19,[ 13:25 ],0,2797
26726,2014-05-19,[ 13:26 ],0,2734
26727,2014-05-19,[ 13:27 ],0,1360
26728,2014-05-19,[ 13:28 ],0,1249
26729,2014-05-19,[ 13:29 ],0,1317
26730,2014-05-19,[ 13:30 ],0,1653
26731,2014-05-19,[ 13:31 ],0,2664
26732,2014-05-19,[ 13:32 ],0,2750
26733,2014-05-19,[ 13:33 ],0,2750
26734,2014-05-19,[ 13:34 ],0,1391
26735,2014-05-19,[ 13:35 ],0,1141
26736,2014-05-19,[ 13:36 ],0,1356
26737,2014-05-19,[ 13:37 ],0,1426
26738,2014-05-19,[ 13:38 ],0,2727
26739,2014-05-19,[ 13:39 ],0,2650
26740,2014-05-19,[ 13:40 ],0,1278
26741,2014-05-19,[ 13:41 ],0,1205
26742,2014-05-19,[ 13:42 ],0,1293
26743,2014-05-19,[ 13:43 ],0,1471
26744,2014-05-19,[ 13:44 ],0,2715
26745,2014-05-19,[ 13:45 ],0,2728
26746,2014-05-19,[ 13:46 ],0,1219
26747,2014-05-19,[ 13:47 ],0,1278
26748,2014-05-19,[ 13:48 ],0,1254
26749,2014-05-19,[ 13:49 ],0,1207
26750,2014-05-19,[ 13:50 ],0,1226
26751,2014-05-19,[ 13:51 ],0,1245
26752,2014-05-19,[ 13:52 ],0,1234
26753,2014-05-19,[ 13:53 ],0,1234
26754,2014-05-19,[ 13:54 ],0,1246
26755,2014-05-19,[ 13:55 ],0,1228
26756,2014-05-19,[ 13:56 ],0,1238
26757,2014-05-19,[ 13:57 ],0,1353
26758,2014-05-19,[ 13:58 ],0,1521
26759,2014-05-19,[ 13:59 ],0,1258
26760,2014-05-19,[ 14:00 ],0,1258
26761,2014-05-19,[ 14:01 ],0,946
26762,2014-05-19,[ 14:02 ],0,654
26763,2014-05-19,[ 14:03 ],0,557
26764,2014-05-19,[ 14:04 ],0,708
26765,2014-05-19,[ 14:05 ],0,572
26766,2014-05-19,[ 14:06 ],0,811
26767,2014-05-19,[ 14:07 ],0,496
26768,2014-05-19,[ 14:08 ],0,576
26769,2014-05-19,[ 14:09 ],0,528
26770,2014-05-19,[ 14:10 ],0,847
26771,2014-05-19,[ 14:11 ],0,966
26772,2014-05-19,[ 14:12 ],0,1096
26773,2014-05-19,[ 14:13 ],0,1486
26774,2014-05-19,[ 14:14 ],0,1667
26775,2014-05-19,[ 14:15 ],0,1807
26776,2014-05-19,[ 14:16 ],0,1509
26777,2014-05-19,[ 14:17 ],0,601
26778,2014-05-19,[ 14:18 ],0,789
26779,2014-05-19,[ 14:19 ],0,764
26780,2014-05-19,[ 14:20 ],0,707
26781,2014-05-19,[ 14:21 ],0,777
26782,2014-05-19,[ 14:22 ],0,1101
26783,2014-05-19,[ 14:23 ],0,1342
26784,2014-05-19,[ 14:24 ],0,1308
26785,2014-05-19,[ 14:25 ],0,1729
26786,2014-05-19,[ 14:26 ],0,1865
26787,2014-05-19,[ 14:27 ],0,1806
26788,2014-05-19,[ 14:28 ],0,1117
26789,2014-05-19,[ 14:29 ],0,1117
26790,2014-05-19,[ 14:30 ],0,618
26791,2014-05-19,[ 14:31 ],0,939
26792,2014-05-19,[ 14:32 ],0,899
26793,2014-05-19,[ 14:33 ],0,844
26794,2014-05-19,[ 14:34 ],0,825
26795,2014-05-19,[ 14:35 ],0,801
26796,2014-05-19,[ 14:36 ],0,902
26797,2014-05-19,[ 14:37 ],0,943
26798,2014-05-19,[ 14:38 ],0,943
26799,2014-05-19,[ 14:39 ],0,945
26800,2014-05-19,[ 14:40 ],0,640
26801,2014-05-19,[ 14:41 ],0,602
26802,2014-05-19,[ 14:42 ],0,585
26803,2014-05-19,[ 14:43 ],0,516
26804,2014-05-19,[ 14:44 ],0,513
26805,2014-05-19,[ 14:45 ],0,510
26806,2014-05-19,[ 14:46 ],0,508
26807,2014-05-19,[ 14:47 ],0,513
26808,2014-05-19,[ 14:48 ],0,511
26809,2014-05-19,[ 14:49 ],0,506
26810,2014-05-19,[ 14:50 ],0,508
26811,2014-05-19,[ 14:51 ],0,506
26812,2014-05-19,[ 14:52 ],0,511
26813,2014-05-19,[ 14:53 ],0,506
26814,2014-05-19,[ 14:54 ],0,432
26815,2014-05-19,[ 14:55 ],0,438
26816,2014-05-19,[ 14:56 ],0,438
26817,2014-05-19,[ 14:57 ],0,440
26818,2014-05-19,[ 14:58 ],0,437
26819,2014-05-19,[ 14:59 ],0,439
26820,2014-05-19,[ 15:00 ],0,437
26821,2014-05-19,[ 15:01 ],0,437
26822,2014-05-19,[ 15:02 ],0,434
26823,2014-05-19,[ 15:03 ],0,444
26824,2014-05-19,[ 15:04 ],0,441
26825,2014-05-19,[ 15:05 ],0,436
26826,2014-05-19,[ 15:06 ],0,441
26827,2014-05-19,[ 15:07 ],0,432
26828,2014-05-19,[ 15:08 ],0,453
26829,2014-05-19,[ 15:09 ],0,441
26830,2014-05-19,[ 15:10 ],0,435
26831,2014-05-19,[ 15:11 ],0,451
26832,2014-05-19,[ 15:12 ],0,458
26833,2014-05-19,[ 15:13 ],0,444
26834,2014-05-19,[ 15:14 ],0,433
26835,2014-05-19,[ 15:15 ],0,433
26836,2014-05-19,[ 15:16 ],0,434
26837,2014-05-19,[ 15:17 ],0,436
26838,2014-05-19,[ 15:18 ],0,443
26839,2014-05-19,[ 15:19 ],0,438
26840,2014-05-19,[ 15:20 ],0,438
26841,2014-05-19,[ 15:21 ],0,439
26842,2014-05-19,[ 15:22 ],0,438
26843,2014-05-19,[ 15:23 ],0,385
26844,2014-05-19,[ 15:24 ],0,443
26845,2014-05-19,[ 15:25 ],0,869
26846,2014-05-19,[ 15:26 ],0,1072
26847,2014-05-19,[ 15:27 ],0,2625
26848,2014-05-19,[ 15:28 ],0,2625
26849,2014-05-19,[ 15:29 ],0,2669
26850,2014-05-19,[ 15:30 ],0,2669
26851,2014-05-19,[ 15:31 ],0,2704
26852,2014-05-19,[ 15:32 ],0,2790
26853,2014-05-19,[ 15:33 ],0,2611
26854,2014-05-19,[ 15:34 ],0,2641
26855,2014-05-19,[ 15:35 ],0,2710
26856,2014-05-19,[ 15:36 ],0,2601
26857,2014-05-19,[ 15:37 ],0,2589
26858,2014-05-19,[ 15:38 ],0,1239
26859,2014-05-19,[ 15:39 ],0,1198
26860,2014-05-19,[ 15:40 ],0,1109
26861,2014-05-19,[ 15:41 ],0,1140
26862,2014-05-19,[ 15:42 ],0,1219
26863,2014-05-19,[ 15:43 ],0,2844
26864,2014-05-19,[ 15:44 ],0,1094
26865,2014-05-19,[ 15:45 ],0,1077
26866,2014-05-19,[ 15:46 ],0,1115
26867,2014-05-19,[ 15:47 ],0,1119
26868,2014-05-19,[ 15:48 ],0,1259
26869,2014-05-19,[ 15:49 ],0,2700
26870,2014-05-19,[ 15:50 ],0,1142
26871,2014-05-19,[ 15:51 ],0,1054
26872,2014-05-19,[ 15:52 ],0,1130
26873,2014-05-19,[ 15:53 ],0,1061
26874,2014-05-19,[ 15:54 ],0,2703
26875,2014-05-19,[ 15:55 ],0,2703
26876,2014-05-19,[ 15:56 ],0,1081
26877,2014-05-19,[ 15:57 ],0,1096
26878,2014-05-19,[ 15:58 ],0,1277
26879,2014-05-19,[ 15:59 ],0,1104
26880,2014-05-19,[ 16:00 ],0,1207
26881,2014-05-19,[ 16:01 ],0,1142
26882,2014-05-19,[ 16:02 ],0,1376
26883,2014-05-19,[ 16:03 ],0,1113
26884,2014-05-19,[ 16:04 ],0,966
26885,2014-05-19,[ 16:05 ],0,978
26886,2014-05-19,[ 16:06 ],0,974
26887,2014-05-19,[ 16:07 ],0,946
26888,2014-05-19,[ 16:08 ],0,953
26889,2014-05-19,[ 16:09 ],0,949
26890,2014-05-19,[ 16:10 ],0,946
26891,2014-05-19,[ 16:11 ],0,449
26892,2014-05-19,[ 16:12 ],0,520
26893,2014-05-19,[ 16:13 ],0,557
26894,2014-05-19,[ 16:14 ],0,653
26895,2014-05-19,[ 16:15 ],0,716
26896,2014-05-19,[ 16:16 ],0,716
26897,2014-05-19,[ 16:17 ],0,666
26898,2014-05-19,[ 16:18 ],0,643
26899,2014-05-19,[ 16:19 ],0,487
26900,2014-05-19,[ 16:20 ],0,871
26901,2014-05-19,[ 16:21 ],0,936
26902,2014-05-19,[ 16:22 ],0,935
26903,2014-05-19,[ 16:23 ],0,1356
26904,2014-05-19,[ 16:24 ],0,1312
26905,2014-05-19,[ 16:25 ],0,1225
26906,2014-05-19,[ 16:26 ],0,451
26907,2014-05-19,[ 16:27 ],0,865
26908,2014-05-19,[ 16:28 ],0,726
26909,2014-05-19,[ 16:29 ],0,573
26910,2014-05-19,[ 16:30 ],0,543
26911,2014-05-19,[ 16:31 ],0,440
26912,2014-05-19,[ 16:32 ],0,852
26913,2014-05-19,[ 16:33 ],0,928
26914,2014-05-19,[ 16:34 ],0,1279
26915,2014-05-19,[ 16:35 ],0,891
26916,2014-05-19,[ 16:36 ],0,968
26917,2014-05-19,[ 16:37 ],0,1299
26918,2014-05-19,[ 16:38 ],0,597
26919,2014-05-19,[ 16:39 ],0,375
26920,2014-05-19,[ 16:40 ],0,319
26921,2014-05-19,[ 16:41 ],0,736
26922,2014-05-19,[ 16:42 ],0,736
26923,2014-05-19,[ 16:43 ],0,604
26924,2014-05-19,[ 16:44 ],0,599
26925,2014-05-19,[ 16:45 ],0,579
26926,2014-05-19,[ 16:46 ],0,696
26927,2014-05-19,[ 16:47 ],0,853
26928,2014-05-19,[ 16:48 ],0,754
26929,2014-05-19,[ 16:49 ],0,750
26930,2014-05-19,[ 16:50 ],0,313
26931,2014-05-19,[ 16:51 ],0,562
26932,2014-05-19,[ 16:52 ],0,285
26933,2014-05-19,[ 16:53 ],0,285
26934,2014-05-19,[ 16:54 ],0,286
26935,2014-05-19,[ 16:55 ],0,288
26936,2014-05-19,[ 16:56 ],0,332
26937,2014-05-19,[ 16:57 ],0,324
26938,2014-05-19,[ 16:58 ],0,320
26939,2014-05-19,[ 16:59 ],0,285
26940,2014-05-19,[ 17:00 ],0,288
26941,2014-05-19,[ 17:01 ],0,287
26942,2014-05-19,[ 17:02 ],0,287
26943,2014-05-19,[ 17:03 ],0,287
26944,2014-05-19,[ 17:04 ],0,287
26945,2014-05-19,[ 17:05 ],0,285
26946,2014-05-19,[ 17:06 ],0,285
26947,2014-05-19,[ 17:07 ],0,284
26948,2014-05-19,[ 17:08 ],0,287
26949,2014-05-19,[ 17:09 ],0,282
26950,2014-05-19,[ 17:10 ],0,285
26951,2014-05-19,[ 17:11 ],0,283
26952,2014-05-19,[ 17:12 ],0,211
26953,2014-05-19,[ 17:13 ],0,251
26954,2014-05-19,[ 17:14 ],0,208
26955,2014-05-19,[ 17:15 ],0,210
26956,2014-05-19,[ 17:16 ],0,242
26957,2014-05-19,[ 17:17 ],0,241
26958,2014-05-19,[ 17:18 ],0,242
26959,2014-05-19,[ 17:19 ],0,242
26960,2014-05-19,[ 17:20 ],0,207
26961,2014-05-19,[ 17:21 ],0,210
26962,2014-05-19,[ 17:22 ],0,242
26963,2014-05-19,[ 17:23 ],0,238
26964,2014-05-19,[ 17:24 ],0,243
26965,2014-05-19,[ 17:25 ],0,245
26966,2014-05-19,[ 17:26 ],0,212
26967,2014-05-19,[ 17:27 ],0,247
26968,2014-05-19,[ 17:28 ],0,248
26969,2014-05-19,[ 17:29 ],0,251
26970,2014-05-19,[ 17:30 ],0,248
26971,2014-05-19,[ 17:31 ],0,217
26972,2014-05-19,[ 17:32 ],0,214
26973,2014-05-19,[ 17:33 ],0,214
26974,2014-05-19,[ 17:34 ],0,245
26975,2014-05-19,[ 17:35 ],0,248
26976,2014-05-19,[ 17:36 ],0,249
26977,2014-05-19,[ 17:37 ],0,214
26978,2014-05-19,[ 17:38 ],0,212
26979,2014-05-19,[ 17:39 ],0,293
26980,2014-05-19,[ 17:40 ],0,288
26981,2014-05-19,[ 17:41 ],0,293
26982,2014-05-19,[ 17:42 ],0,318
26983,2014-05-19,[ 17:43 ],0,321
26984,2014-05-19,[ 17:44 ],0,317
26985,2014-05-19,[ 17:45 ],0,282
26986,2014-05-19,[ 17:46 ],0,281
26987,2014-05-19,[ 17:47 ],0,281
26988,2014-05-19,[ 17:48 ],0,280
26989,2014-05-19,[ 17:49 ],0,280
26990,2014-05-19,[ 17:50 ],0,317
26991,2014-05-19,[ 17:51 ],0,317
26992,2014-05-19,[ 17:52 ],0,247
26993,2014-05-19,[ 17:53 ],0,248
26994,2014-05-19,[ 17:54 ],0,243
26995,2014-05-19,[ 17:55 ],0,216
26996,2014-05-19,[ 17:56 ],0,214
26997,2014-05-19,[ 17:57 ],0,212
26998,2014-05-19,[ 17:58 ],0,213
26999,2014-05-19,[ 17:59 ],0,213
27000,2014-05-19,[ 18:00 ],0,245
27001,2014-05-19,[ 18:01 ],0,322
27002,2014-05-19,[ 18:02 ],0,334
27003,2014-05-19,[ 18:03 ],0,337
27004,2014-05-19,[ 18:04 ],0,1910
27005,2014-05-19,[ 18:05 ],0,1978
27006,2014-05-19,[ 18:06 ],0,1978
27007,2014-05-19,[ 18:07 ],0,1977
27008,2014-05-19,[ 18:08 ],0,1971
27009,2014-05-19,[ 18:09 ],0,291
27010,2014-05-19,[ 18:10 ],0,287
27011,2014-05-19,[ 18:11 ],0,287
27012,2014-05-19,[ 18:12 ],0,324
27013,2014-05-19,[ 18:13 ],0,323
27014,2014-05-19,[ 18:14 ],0,327
27015,2014-05-19,[ 18:15 ],0,319
27016,2014-05-19,[ 18:16 ],0,286
27017,2014-05-19,[ 18:17 ],0,285
27018,2014-05-19,[ 18:18 ],0,286
27019,2014-05-19,[ 18:19 ],0,299
27020,2014-05-19,[ 18:20 ],0,289
27021,2014-05-19,[ 18:21 ],0,341
27022,2014-05-19,[ 18:22 ],0,2026
27023,2014-05-19,[ 18:23 ],0,1975
27024,2014-05-19,[ 18:24 ],0,326
27025,2014-05-19,[ 18:25 ],0,341
27026,2014-05-19,[ 18:26 ],0,389
27027,2014-05-19,[ 18:27 ],0,394
27028,2014-05-19,[ 18:28 ],0,370
27029,2014-05-19,[ 18:29 ],0,340
27030,2014-05-19,[ 18:30 ],0,354
27031,2014-05-19,[ 18:31 ],0,1897
27032,2014-05-19,[ 18:32 ],0,1937
27033,2014-05-19,[ 18:33 ],0,1897
27034,2014-05-19,[ 18:34 ],0,1916
27035,2014-05-19,[ 18:35 ],0,351
27036,2014-05-19,[ 18:36 ],0,342
27037,2014-05-19,[ 18:37 ],0,341
27038,2014-05-19,[ 18:38 ],0,337
27039,2014-05-19,[ 18:39 ],0,335
27040,2014-05-19,[ 18:40 ],0,331
27041,2014-05-19,[ 18:41 ],0,335
27042,2014-05-19,[ 18:42 ],0,341
27043,2014-05-19,[ 18:43 ],0,341
27044,2014-05-19,[ 18:44 ],0,332
27045,2014-05-19,[ 18:45 ],0,352
27046,2014-05-19,[ 18:46 ],0,345
27047,2014-05-19,[ 18:47 ],0,351
27048,2014-05-19,[ 18:48 ],0,346
27049,2014-05-19,[ 18:49 ],0,350
27050,2014-05-19,[ 18:50 ],0,336
27051,2014-05-19,[ 18:51 ],0,352
27052,2014-05-19,[ 18:52 ],0,332
27053,2014-05-19,[ 18:53 ],0,1962
27054,2014-05-19,[ 18:54 ],0,289
27055,2014-05-19,[ 18:55 ],0,287
27056,2014-05-19,[ 18:56 ],0,288
27057,2014-05-19,[ 18:57 ],0,288
27058,2014-05-19,[ 18:58 ],0,292
27059,2014-05-19,[ 18:59 ],0,289
27060,2014-05-19,[ 19:00 ],0,289
27061,2014-05-19,[ 19:01 ],0,294
27062,2014-05-19,[ 19:02 ],0,293
27063,2014-05-19,[ 19:03 ],0,307
27064,2014-05-19,[ 19:04 ],0,295
27065,2014-05-19,[ 19:05 ],0,293
27066,2014-05-19,[ 19:06 ],0,289
27067,2014-05-19,[ 19:07 ],0,287
27068,2014-05-19,[ 19:08 ],0,294
27069,2014-05-19,[ 19:09 ],0,289
27070,2014-05-19,[ 19:10 ],0,291
27071,2014-05-19,[ 19:11 ],0,291
27072,2014-05-19,[ 19:12 ],0,291
27073,2014-05-19,[ 19:13 ],0,295
27074,2014-05-19,[ 19:14 ],0,298
27075,2014-05-19,[ 19:15 ],0,299
27076,2014-05-19,[ 19:16 ],0,299
27077,2014-05-19,[ 19:17 ],0,295
27078,2014-05-19,[ 19:18 ],0,299
27079,2014-05-19,[ 19:19 ],0,345
27080,2014-05-19,[ 19:20 ],0,348
27081,2014-05-19,[ 19:21 ],0,346
27082,2014-05-19,[ 19:22 ],0,354
27083,2014-05-19,[ 19:23 ],0,339
27084,2014-05-19,[ 19:24 ],0,337
27085,2014-05-19,[ 19:25 ],0,331
27086,2014-05-19,[ 19:26 ],0,2815
27087,2014-05-19,[ 19:27 ],0,2815
27088,2014-05-19,[ 19:28 ],0,339
27089,2014-05-19,[ 19:29 ],0,336
27090,2014-05-19,[ 19:30 ],0,345
27091,2014-05-19,[ 19:31 ],0,467
27092,2014-05-19,[ 19:32 ],0,480
27093,2014-05-19,[ 19:33 ],0,586
27094,2014-05-19,[ 19:34 ],0,611
27095,2014-05-19,[ 19:35 ],0,587
27096,2014-05-19,[ 19:36 ],0,591
27097,2014-05-19,[ 19:37 ],0,586
27098,2014-05-19,[ 19:38 ],0,590
27099,2014-05-19,[ 19:39 ],0,588
27100,2014-05-19,[ 19:40 ],0,590
27101,2014-05-19,[ 19:41 ],0,569
27102,2014-05-19,[ 19:42 ],0,569
27103,2014-05-19,[ 19:43 ],0,591
27104,2014-05-19,[ 19:44 ],0,610
27105,2014-05-19,[ 19:45 ],0,601
27106,2014-05-19,[ 19:46 ],0,597
27107,2014-05-19,[ 19:47 ],0,592
27108,2014-05-19,[ 19:48 ],0,599
27109,2014-05-19,[ 19:49 ],0,603
27110,2014-05-19,[ 19:50 ],0,628
27111,2014-05-19,[ 19:51 ],0,599
27112,2014-05-19,[ 19:52 ],0,618
27113,2014-05-19,[ 19:53 ],0,618
27114,2014-05-19,[ 19:54 ],0,620
27115,2014-05-19,[ 19:55 ],0,620
27116,2014-05-19,[ 19:56 ],0,609
27117,2014-05-19,[ 19:57 ],0,609
27118,2014-05-19,[ 19:58 ],0,613
27119,2014-05-19,[ 19:59 ],0,612
27120,2014-05-19,[ 20:00 ],0,624
27121,2014-05-19,[ 20:01 ],0,610
27122,2014-05-19,[ 20:02 ],0,611
27123,2014-05-19,[ 20:03 ],0,615
27124,2014-05-19,[ 20:04 ],0,2288
27125,2014-05-19,[ 20:05 ],0,2306
27126,2014-05-19,[ 20:06 ],0,2300
27127,2014-05-19,[ 20:07 ],0,2254
27128,2014-05-19,[ 20:08 ],0,2190
27129,2014-05-19,[ 20:09 ],0,618
27130,2014-05-19,[ 20:10 ],0,639
27131,2014-05-19,[ 20:11 ],0,632
27132,2014-05-19,[ 20:12 ],0,643
27133,2014-05-19,[ 20:13 ],0,624
27134,2014-05-19,[ 20:14 ],0,635
27135,2014-05-19,[ 20:15 ],0,636
27136,2014-05-19,[ 20:16 ],0,636
27137,2014-05-19,[ 20:17 ],0,636
27138,2014-05-19,[ 20:18 ],0,637
27139,2014-05-19,[ 20:19 ],0,628
27140,2014-05-19,[ 20:20 ],0,631
27141,2014-05-19,[ 20:21 ],0,642
27142,2014-05-19,[ 20:22 ],0,637
27143,2014-05-19,[ 20:23 ],0,631
27144,2014-05-19,[ 20:24 ],0,621
27145,2014-05-19,[ 20:25 ],0,621
27146,2014-05-19,[ 20:26 ],0,621
27147,2014-05-19,[ 20:27 ],0,620
27148,2014-05-19,[ 20:28 ],0,623
27149,2014-05-19,[ 20:29 ],0,609
27150,2014-05-19,[ 20:30 ],0,596
27151,2014-05-19,[ 20:31 ],0,587
27152,2014-05-19,[ 20:32 ],0,599
27153,2014-05-19,[ 20:33 ],0,591
27154,2014-05-19,[ 20:34 ],0,611
27155,2014-05-19,[ 20:35 ],0,628
27156,2014-05-19,[ 20:36 ],0,604
27157,2014-05-19,[ 20:37 ],0,594
27158,2014-05-19,[ 20:38 ],0,602
27159,2014-05-19,[ 20:39 ],0,600
27160,2014-05-19,[ 20:40 ],0,604
27161,2014-05-19,[ 20:41 ],0,622
27162,2014-05-19,[ 20:42 ],0,602
27163,2014-05-19,[ 20:43 ],0,599
27164,2014-05-19,[ 20:44 ],0,599
27165,2014-05-19,[ 20:45 ],0,621
27166,2014-05-19,[ 20:46 ],0,618
27167,2014-05-19,[ 20:47 ],0,596
27168,2014-05-19,[ 20:48 ],0,614
27169,2014-05-19,[ 20:49 ],0,625
27170,2014-05-19,[ 20:50 ],0,625
27171,2014-05-19,[ 20:51 ],0,592
27172,2014-05-19,[ 20:52 ],0,576
27173,2014-05-19,[ 20:53 ],0,592
27174,2014-05-19,[ 20:54 ],0,611
27175,2014-05-19,[ 20:55 ],0,587
27176,2014-05-19,[ 20:56 ],0,597
27177,2014-05-19,[ 20:57 ],0,607
27178,2014-05-19,[ 20:58 ],0,601
27179,2014-05-19,[ 20:59 ],0,613
27180,2014-05-19,[ 21:00 ],0,607
27181,2014-05-19,[ 21:01 ],0,607
27182,2014-05-19,[ 21:02 ],0,601
27183,2014-05-19,[ 21:03 ],0,592
27184,2014-05-19,[ 21:04 ],0,594
27185,2014-05-19,[ 21:05 ],0,616
27186,2014-05-19,[ 21:06 ],0,599
27187,2014-05-19,[ 21:07 ],0,600
27188,2014-05-19,[ 21:08 ],0,594
27189,2014-05-19,[ 21:09 ],0,589
27190,2014-05-19,[ 21:10 ],0,613
27191,2014-05-19,[ 21:11 ],0,613
27192,2014-05-19,[ 21:12 ],0,622
27193,2014-05-19,[ 21:13 ],0,611
27194,2014-05-19,[ 21:14 ],0,612
27195,2014-05-19,[ 21:15 ],0,613
27196,2014-05-19,[ 21:16 ],0,604
27197,2014-05-19,[ 21:17 ],0,604
27198,2014-05-19,[ 21:18 ],0,598
27199,2014-05-19,[ 21:19 ],0,605
27200,2014-05-19,[ 21:20 ],0,605
27201,2014-05-19,[ 21:21 ],0,596
27202,2014-05-19,[ 21:22 ],0,607
27203,2014-05-19,[ 21:23 ],0,604
27204,2014-05-19,[ 21:24 ],0,596
27205,2014-05-19,[ 21:25 ],0,597
27206,2014-05-19,[ 21:26 ],0,603
27207,2014-05-19,[ 21:27 ],0,600
27208,2014-05-19,[ 21:28 ],0,601
27209,2014-05-19,[ 21:29 ],0,605
27210,2014-05-19,[ 21:30 ],0,605
27211,2014-05-19,[ 21:31 ],0,602
27212,2014-05-19,[ 21:32 ],0,587
27213,2014-05-19,[ 21:33 ],0,588
27214,2014-05-19,[ 21:34 ],0,585
27215,2014-05-19,[ 21:35 ],0,583
27216,2014-05-19,[ 21:36 ],0,456
27217,2014-05-19,[ 21:37 ],0,463
27218,2014-05-19,[ 21:38 ],0,479
27219,2014-05-19,[ 21:39 ],0,447
27220,2014-05-19,[ 21:40 ],0,413
27221,2014-05-19,[ 21:41 ],0,417
27222,2014-05-19,[ 21:42 ],0,423
27223,2014-05-19,[ 21:43 ],0,424
27224,2014-05-19,[ 21:44 ],0,434
27225,2014-05-19,[ 21:45 ],0,443
27226,2014-05-19,[ 21:46 ],0,452
27227,2014-05-19,[ 21:47 ],0,446
27228,2014-05-19,[ 21:48 ],0,448
27229,2014-05-19,[ 21:49 ],0,456
27230,2014-05-19,[ 21:50 ],0,446
27231,2014-05-19,[ 21:51 ],0,452
27232,2014-05-19,[ 21:52 ],0,444
27233,2014-05-19,[ 21:53 ],0,439
27234,2014-05-19,[ 21:54 ],0,444
27235,2014-05-19,[ 21:55 ],0,444
27236,2014-05-19,[ 21:56 ],0,438
27237,2014-05-19,[ 21:57 ],0,437
27238,2014-05-19,[ 21:58 ],0,437
27239,2014-05-19,[ 21:59 ],0,435
27240,2014-05-19,[ 22:00 ],0,380
27241,2014-05-19,[ 22:01 ],0,379
27242,2014-05-19,[ 22:02 ],0,380
27243,2014-05-19,[ 22:03 ],0,383
27244,2014-05-19,[ 22:04 ],0,380
27245,2014-05-19,[ 22:05 ],0,382
27246,2014-05-19,[ 22:06 ],0,378
27247,2014-05-19,[ 22:07 ],0,376
27248,2014-05-19,[ 22:08 ],0,371
27249,2014-05-19,[ 22:09 ],0,378
27250,2014-05-19,[ 22:10 ],0,385
27251,2014-05-19,[ 22:11 ],0,380
27252,2014-05-19,[ 22:12 ],0,381
27253,2014-05-19,[ 22:13 ],0,394
27254,2014-05-19,[ 22:14 ],0,392
27255,2014-05-19,[ 22:15 ],0,382
27256,2014-05-19,[ 22:16 ],0,380
27257,2014-05-19,[ 22:17 ],0,381
27258,2014-05-19,[ 22:18 ],0,379
27259,2014-05-19,[ 22:19 ],0,383
27260,2014-05-19,[ 22:20 ],0,394
27261,2014-05-19,[ 22:21 ],0,382
27262,2014-05-19,[ 22:22 ],0,377
27263,2014-05-19,[ 22:23 ],0,383
27264,2014-05-19,[ 22:24 ],0,381
27265,2014-05-19,[ 22:25 ],0,388
27266,2014-05-19,[ 22:26 ],0,382
27267,2014-05-19,[ 22:27 ],0,375
27268,2014-05-19,[ 22:28 ],0,380
27269,2014-05-19,[ 22:29 ],0,387
27270,2014-05-19,[ 22:30 ],0,383
27271,2014-05-19,[ 22:31 ],0,386
27272,2014-05-19,[ 22:32 ],0,387
27273,2014-05-19,[ 22:33 ],0,376
27274,2014-05-19,[ 22:34 ],0,309
27275,2014-05-19,[ 22:35 ],0,373
27276,2014-05-19,[ 22:36 ],0,326
27277,2014-05-19,[ 22:37 ],0,321
27278,2014-05-19,[ 22:38 ],0,322
27279,2014-05-19,[ 22:39 ],0,321
27280,2014-05-19,[ 22:40 ],0,318
27281,2014-05-19,[ 22:41 ],0,318
27282,2014-05-19,[ 22:42 ],0,315
27283,2014-05-19,[ 22:43 ],0,311
27284,2014-05-19,[ 22:44 ],0,298
27285,2014-05-19,[ 22:45 ],0,297
27286,2014-05-19,[ 22:46 ],0,297
27287,2014-05-19,[ 22:47 ],0,298
27288,2014-05-19,[ 22:48 ],0,234
27289,2014-05-19,[ 22:49 ],0,234
27290,2014-05-19,[ 22:50 ],0,232
27291,2014-05-19,[ 22:51 ],0,231
27292,2014-05-19,[ 22:52 ],0,231
27293,2014-05-19,[ 22:53 ],0,231
27294,2014-05-19,[ 22:54 ],0,229
27295,2014-05-19,[ 22:55 ],0,231
27296,2014-05-19,[ 22:56 ],0,231
27297,2014-05-19,[ 22:57 ],0,231
27298,2014-05-19,[ 22:58 ],0,229
27299,2014-05-19,[ 22:59 ],0,221
27300,2014-05-19,[ 23:00 ],0,234
27301,2014-05-19,[ 23:01 ],0,219
27302,2014-05-19,[ 23:02 ],0,224
27303,2014-05-19,[ 23:03 ],0,234
27304,2014-05-19,[ 23:04 ],0,222
27305,2014-05-19,[ 23:05 ],0,224
27306,2014-05-19,[ 23:06 ],0,221
27307,2014-05-19,[ 23:07 ],0,221
27308,2014-05-19,[ 23:08 ],0,221
27309,2014-05-19,[ 23:09 ],0,219
27310,2014-05-19,[ 23:10 ],0,218
27311,2014-05-19,[ 23:11 ],0,221
27312,2014-05-19,[ 23:12 ],0,221
27313,2014-05-19,[ 23:13 ],0,218
27314,2014-05-19,[ 23:14 ],0,218
27315,2014-05-19,[ 23:15 ],0,218
27316,2014-05-19,[ 23:16 ],0,218
27317,2014-05-19,[ 23:17 ],0,222
27318,2014-05-19,[ 23:18 ],0,219
27319,2014-05-19,[ 23:19 ],0,222
27320,2014-05-19,[ 23:20 ],0,217
27321,2014-05-19,[ 23:21 ],0,219
27322,2014-05-19,[ 23:22 ],0,221
27323,2014-05-19,[ 23:23 ],0,219
27324,2014-05-19,[ 23:24 ],0,218
27325,2014-05-19,[ 23:25 ],0,301
27326,2014-05-19,[ 23:26 ],0,297
27327,2014-05-19,[ 23:27 ],0,293
27328,2014-05-19,[ 23:28 ],0,292
27329,2014-05-19,[ 23:29 ],0,294
27330,2014-05-19,[ 23:30 ],0,294
27331,2014-05-19,[ 23:31 ],0,294
27332,2014-05-19,[ 23:32 ],0,295
27333,2014-05-19,[ 23:33 ],0,292
27334,2014-05-19,[ 23:34 ],0,292
27335,2014-05-19,[ 23:35 ],0,291
27336,2014-05-19,[ 23:36 ],0,292
27337,2014-05-19,[ 23:37 ],0,294
27338,2014-05-19,[ 23:38 ],0,297
27339,2014-05-19,[ 23:39 ],0,297
27340,2014-05-19,[ 23:40 ],0,299
27341,2014-05-19,[ 23:41 ],0,294
27342,2014-05-19,[ 23:42 ],0,294
27343,2014-05-19,[ 23:43 ],0,293
27344,2014-05-19,[ 23:44 ],0,295
27345,2014-05-19,[ 23:45 ],0,305
27346,2014-05-19,[ 23:46 ],0,305
27347,2014-05-19,[ 23:47 ],0,293
27348,2014-05-19,[ 23:48 ],0,295
27349,2014-05-19,[ 23:49 ],0,293
27350,2014-05-19,[ 23:50 ],0,295
27351,2014-05-19,[ 23:51 ],0,297
27352,2014-05-19,[ 23:52 ],0,297
27353,2014-05-19,[ 23:53 ],0,297
27354,2014-05-19,[ 23:54 ],0,295
27355,2014-05-19,[ 23:55 ],0,294
27356,2014-05-19,[ 23:56 ],0,292
27357,2014-05-19,[ 23:57 ],0,297
27358,2014-05-19,[ 23:58 ],0,289
27359,2014-05-19,[ 23:59 ],0,293
27360,2014-05-20,[ 00:00 ],0,295
27361,2014-05-20,[ 00:01 ],0,292
27362,2014-05-20,[ 00:02 ],0,294
27363,2014-05-20,[ 00:03 ],0,310
27364,2014-05-20,[ 00:04 ],0,295
27365,2014-05-20,[ 00:05 ],0,298
27366,2014-05-20,[ 00:06 ],0,287
27367,2014-05-20,[ 00:07 ],0,300
27368,2014-05-20,[ 00:08 ],0,292
27369,2014-05-20,[ 00:09 ],0,291
27370,2014-05-20,[ 00:10 ],0,292
27371,2014-05-20,[ 00:11 ],0,289
27372,2014-05-20,[ 00:12 ],0,287
27373,2014-05-20,[ 00:13 ],0,305
27374,2014-05-20,[ 00:14 ],0,302
27375,2014-05-20,[ 00:15 ],0,302
27376,2014-05-20,[ 00:16 ],0,304
27377,2014-05-20,[ 00:17 ],0,306
27378,2014-05-20,[ 00:18 ],0,304
27379,2014-05-20,[ 00:19 ],0,301
27380,2014-05-20,[ 00:20 ],0,302
27381,2014-05-20,[ 00:21 ],0,299
27382,2014-05-20,[ 00:22 ],0,292
27383,2014-05-20,[ 00:23 ],0,294
27384,2014-05-20,[ 00:24 ],0,291
27385,2014-05-20,[ 00:25 ],0,292
27386,2014-05-20,[ 00:26 ],0,221
27387,2014-05-20,[ 00:27 ],0,231
27388,2014-05-20,[ 00:28 ],0,222
27389,2014-05-20,[ 00:29 ],0,221
27390,2014-05-20,[ 00:30 ],0,221
27391,2014-05-20,[ 00:31 ],0,222
27392,2014-05-20,[ 00:32 ],0,221
27393,2014-05-20,[ 00:33 ],0,221
27394,2014-05-20,[ 00:34 ],0,222
27395,2014-05-20,[ 00:35 ],0,223
27396,2014-05-20,[ 00:36 ],0,222
27397,2014-05-20,[ 00:37 ],0,219
27398,2014-05-20,[ 00:38 ],0,219
27399,2014-05-20,[ 00:39 ],0,219
27400,2014-05-20,[ 00:40 ],0,219
27401,2014-05-20,[ 00:41 ],0,221
27402,2014-05-20,[ 00:42 ],0,219
27403,2014-05-20,[ 00:43 ],0,219
27404,2014-05-20,[ 00:44 ],0,219
27405,2014-05-20,[ 00:45 ],0,221
27406,2014-05-20,[ 00:46 ],0,217
27407,2014-05-20,[ 00:47 ],0,221
27408,2014-05-20,[ 00:48 ],0,219
27409,2014-05-20,[ 00:49 ],0,219
27410,2014-05-20,[ 00:50 ],0,218
27411,2014-05-20,[ 00:51 ],0,219
27412,2014-05-20,[ 00:52 ],0,219
27413,2014-05-20,[ 00:53 ],0,221
27414,2014-05-20,[ 00:54 ],0,221
27415,2014-05-20,[ 00:55 ],0,221
27416,2014-05-20,[ 00:56 ],0,222
27417,2014-05-20,[ 00:57 ],0,223
27418,2014-05-20,[ 00:58 ],0,221
27419,2014-05-20,[ 00:59 ],0,308
27420,2014-05-20,[ 01:00 ],0,302
27421,2014-05-20,[ 01:01 ],0,298
27422,2014-05-20,[ 01:02 ],0,299
27423,2014-05-20,[ 01:03 ],0,298
27424,2014-05-20,[ 01:04 ],0,298
27425,2014-05-20,[ 01:05 ],0,293
27426,2014-05-20,[ 01:06 ],0,294
27427,2014-05-20,[ 01:07 ],0,292
27428,2014-05-20,[ 01:08 ],0,293
27429,2014-05-20,[ 01:09 ],0,293
27430,2014-05-20,[ 01:10 ],0,291
27431,2014-05-20,[ 01:11 ],0,292
27432,2014-05-20,[ 01:12 ],0,221
27433,2014-05-20,[ 01:13 ],0,219
27434,2014-05-20,[ 01:14 ],0,219
27435,2014-05-20,[ 01:15 ],0,219
27436,2014-05-20,[ 01:16 ],0,218
27437,2014-05-20,[ 01:17 ],0,218
27438,2014-05-20,[ 01:18 ],0,219
27439,2014-05-20,[ 01:19 ],0,219
27440,2014-05-20,[ 01:20 ],0,219
27441,2014-05-20,[ 01:21 ],0,217
27442,2014-05-20,[ 01:22 ],0,217
27443,2014-05-20,[ 01:23 ],0,218
27444,2014-05-20,[ 01:24 ],0,217
27445,2014-05-20,[ 01:25 ],0,217
27446,2014-05-20,[ 01:26 ],0,217
27447,2014-05-20,[ 01:27 ],0,234
27448,2014-05-20,[ 01:28 ],0,217
27449,2014-05-20,[ 01:29 ],0,216
27450,2014-05-20,[ 01:30 ],0,216
27451,2014-05-20,[ 01:31 ],0,217
27452,2014-05-20,[ 01:32 ],0,219
27453,2014-05-20,[ 01:33 ],0,216
27454,2014-05-20,[ 01:34 ],0,216
27455,2014-05-20,[ 01:35 ],0,216
27456,2014-05-20,[ 01:36 ],0,216
27457,2014-05-20,[ 01:37 ],0,216
27458,2014-05-20,[ 01:38 ],0,214
27459,2014-05-20,[ 01:39 ],0,210
27460,2014-05-20,[ 01:40 ],0,216
27461,2014-05-20,[ 01:41 ],0,214
27462,2014-05-20,[ 01:42 ],0,213
27463,2014-05-20,[ 01:43 ],0,211
27464,2014-05-20,[ 01:44 ],0,215
27465,2014-05-20,[ 01:45 ],0,213
27466,2014-05-20,[ 01:46 ],0,212
27467,2014-05-20,[ 01:47 ],0,212
27468,2014-05-20,[ 01:48 ],0,213
27469,2014-05-20,[ 01:49 ],0,213
27470,2014-05-20,[ 01:50 ],0,213
27471,2014-05-20,[ 01:51 ],0,210
27472,2014-05-20,[ 01:52 ],0,212
27473,2014-05-20,[ 01:53 ],0,213
27474,2014-05-20,[ 01:54 ],0,212
27475,2014-05-20,[ 01:55 ],0,214
27476,2014-05-20,[ 01:56 ],0,213
27477,2014-05-20,[ 01:57 ],0,294
27478,2014-05-20,[ 01:58 ],0,288
27479,2014-05-20,[ 01:59 ],0,284
27480,2014-05-20,[ 02:00 ],0,285
27481,2014-05-20,[ 02:01 ],0,285
27482,2014-05-20,[ 02:02 ],0,286
27483,2014-05-20,[ 02:03 ],0,288
27484,2014-05-20,[ 02:04 ],0,283
27485,2014-05-20,[ 02:05 ],0,283
27486,2014-05-20,[ 02:06 ],0,284
27487,2014-05-20,[ 02:07 ],0,284
27488,2014-05-20,[ 02:08 ],0,283
27489,2014-05-20,[ 02:09 ],0,283
27490,2014-05-20,[ 02:10 ],0,284
27491,2014-05-20,[ 02:11 ],0,287
27492,2014-05-20,[ 02:12 ],0,283
27493,2014-05-20,[ 02:13 ],0,285
27494,2014-05-20,[ 02:14 ],0,285
27495,2014-05-20,[ 02:15 ],0,286
27496,2014-05-20,[ 02:16 ],0,285
27497,2014-05-20,[ 02:17 ],0,285
27498,2014-05-20,[ 02:18 ],0,285
27499,2014-05-20,[ 02:19 ],0,285
27500,2014-05-20,[ 02:20 ],0,286
27501,2014-05-20,[ 02:21 ],0,285
27502,2014-05-20,[ 02:22 ],0,288
27503,2014-05-20,[ 02:23 ],0,285
27504,2014-05-20,[ 02:24 ],0,286
27505,2014-05-20,[ 02:25 ],0,287
27506,2014-05-20,[ 02:26 ],0,285
27507,2014-05-20,[ 02:27 ],0,294
27508,2014-05-20,[ 02:28 ],0,286
27509,2014-05-20,[ 02:29 ],0,284
27510,2014-05-20,[ 02:30 ],0,286
27511,2014-05-20,[ 02:31 ],0,285
27512,2014-05-20,[ 02:32 ],0,284
27513,2014-05-20,[ 02:33 ],0,285
27514,2014-05-20,[ 02:34 ],0,284
27515,2014-05-20,[ 02:35 ],0,286
27516,2014-05-20,[ 02:36 ],0,285
27517,2014-05-20,[ 02:37 ],0,283
27518,2014-05-20,[ 02:38 ],0,285
27519,2014-05-20,[ 02:39 ],0,286
27520,2014-05-20,[ 02:40 ],0,283
27521,2014-05-20,[ 02:41 ],0,282
27522,2014-05-20,[ 02:42 ],0,284
27523,2014-05-20,[ 02:43 ],0,286
27524,2014-05-20,[ 02:44 ],0,285
27525,2014-05-20,[ 02:45 ],0,284
27526,2014-05-20,[ 02:46 ],0,284
27527,2014-05-20,[ 02:47 ],0,283
27528,2014-05-20,[ 02:48 ],0,280
27529,2014-05-20,[ 02:49 ],0,284
27530,2014-05-20,[ 02:50 ],0,284
27531,2014-05-20,[ 02:51 ],0,285
27532,2014-05-20,[ 02:52 ],0,213
27533,2014-05-20,[ 02:53 ],0,211
27534,2014-05-20,[ 02:54 ],0,213
27535,2014-05-20,[ 02:55 ],0,210
27536,2014-05-20,[ 02:56 ],0,210
27537,2014-05-20,[ 02:57 ],0,216
27538,2014-05-20,[ 02:58 ],0,212
27539,2014-05-20,[ 02:59 ],0,215
27540,2014-05-20,[ 03:00 ],0,215
27541,2014-05-20,[ 03:01 ],0,212
27542,2014-05-20,[ 03:02 ],0,212
27543,2014-05-20,[ 03:03 ],0,212
27544,2014-05-20,[ 03:04 ],0,212
27545,2014-05-20,[ 03:05 ],0,215
27546,2014-05-20,[ 03:06 ],0,210
27547,2014-05-20,[ 03:07 ],0,215
27548,2014-05-20,[ 03:08 ],0,210
27549,2014-05-20,[ 03:09 ],0,210
27550,2014-05-20,[ 03:10 ],0,211
27551,2014-05-20,[ 03:11 ],0,210
27552,2014-05-20,[ 03:12 ],0,207
27553,2014-05-20,[ 03:13 ],0,211
27554,2014-05-20,[ 03:14 ],0,213
27555,2014-05-20,[ 03:15 ],0,210
27556,2014-05-20,[ 03:16 ],0,210
27557,2014-05-20,[ 03:17 ],0,208
27558,2014-05-20,[ 03:18 ],0,211
27559,2014-05-20,[ 03:19 ],0,210
27560,2014-05-20,[ 03:20 ],0,218
27561,2014-05-20,[ 03:21 ],0,221
27562,2014-05-20,[ 03:22 ],0,219
27563,2014-05-20,[ 03:23 ],0,217
27564,2014-05-20,[ 03:24 ],0,218
27565,2014-05-20,[ 03:25 ],0,217
27566,2014-05-20,[ 03:26 ],0,449
27567,2014-05-20,[ 03:27 ],0,448
27568,2014-05-20,[ 03:28 ],0,450
27569,2014-05-20,[ 03:29 ],0,450
27570,2014-05-20,[ 03:30 ],0,449
27571,2014-05-20,[ 03:31 ],0,448
27572,2014-05-20,[ 03:32 ],0,447
27573,2014-05-20,[ 03:33 ],0,450
27574,2014-05-20,[ 03:34 ],0,450
27575,2014-05-20,[ 03:35 ],0,449
27576,2014-05-20,[ 03:36 ],0,450
27577,2014-05-20,[ 03:37 ],0,451
27578,2014-05-20,[ 03:38 ],0,217
27579,2014-05-20,[ 03:39 ],0,217
27580,2014-05-20,[ 03:40 ],0,210
27581,2014-05-20,[ 03:41 ],0,208
27582,2014-05-20,[ 03:42 ],0,210
27583,2014-05-20,[ 03:43 ],0,210
27584,2014-05-20,[ 03:44 ],0,210
27585,2014-05-20,[ 03:45 ],0,208
27586,2014-05-20,[ 03:46 ],0,208
27587,2014-05-20,[ 03:47 ],0,210
27588,2014-05-20,[ 03:48 ],0,210
27589,2014-05-20,[ 03:49 ],0,212
27590,2014-05-20,[ 03:50 ],0,210
27591,2014-05-20,[ 03:51 ],0,340
27592,2014-05-20,[ 03:52 ],0,293
27593,2014-05-20,[ 03:53 ],0,297
27594,2014-05-20,[ 03:54 ],0,308
27595,2014-05-20,[ 03:55 ],0,307
27596,2014-05-20,[ 03:56 ],0,304
27597,2014-05-20,[ 03:57 ],0,302
27598,2014-05-20,[ 03:58 ],0,298
27599,2014-05-20,[ 03:59 ],0,297
27600,2014-05-20,[ 04:00 ],0,297
27601,2014-05-20,[ 04:01 ],0,292
27602,2014-05-20,[ 04:02 ],0,291
27603,2014-05-20,[ 04:03 ],0,291
27604,2014-05-20,[ 04:04 ],0,286
27605,2014-05-20,[ 04:05 ],0,291
27606,2014-05-20,[ 04:06 ],0,283
27607,2014-05-20,[ 04:07 ],0,285
27608,2014-05-20,[ 04:08 ],0,283
27609,2014-05-20,[ 04:09 ],0,281
27610,2014-05-20,[ 04:10 ],0,282
27611,2014-05-20,[ 04:11 ],0,277
27612,2014-05-20,[ 04:12 ],0,278
27613,2014-05-20,[ 04:13 ],0,280
27614,2014-05-20,[ 04:14 ],0,278
27615,2014-05-20,[ 04:15 ],0,277
27616,2014-05-20,[ 04:16 ],0,277
27617,2014-05-20,[ 04:17 ],0,277
27618,2014-05-20,[ 04:18 ],0,276
27619,2014-05-20,[ 04:19 ],0,276
27620,2014-05-20,[ 04:20 ],0,275
27621,2014-05-20,[ 04:21 ],0,275
27622,2014-05-20,[ 04:22 ],0,274
27623,2014-05-20,[ 04:23 ],0,274
27624,2014-05-20,[ 04:24 ],0,275
27625,2014-05-20,[ 04:25 ],0,207
27626,2014-05-20,[ 04:26 ],0,210
27627,2014-05-20,[ 04:27 ],0,212
27628,2014-05-20,[ 04:28 ],0,213
27629,2014-05-20,[ 04:29 ],0,213
27630,2014-05-20,[ 04:30 ],0,213
27631,2014-05-20,[ 04:31 ],0,208
27632,2014-05-20,[ 04:32 ],0,210
27633,2014-05-20,[ 04:33 ],0,212
27634,2014-05-20,[ 04:34 ],0,277
27635,2014-05-20,[ 04:35 ],0,277
27636,2014-05-20,[ 04:36 ],0,284
27637,2014-05-20,[ 04:37 ],0,280
27638,2014-05-20,[ 04:38 ],0,283
27639,2014-05-20,[ 04:39 ],0,298
27640,2014-05-20,[ 04:40 ],0,302
27641,2014-05-20,[ 04:41 ],0,305
27642,2014-05-20,[ 04:42 ],0,304
27643,2014-05-20,[ 04:43 ],0,304
27644,2014-05-20,[ 04:44 ],0,302
27645,2014-05-20,[ 04:45 ],0,302
27646,2014-05-20,[ 04:46 ],0,299
27647,2014-05-20,[ 04:47 ],0,300
27648,2014-05-20,[ 04:48 ],0,300
27649,2014-05-20,[ 04:49 ],0,298
27650,2014-05-20,[ 04:50 ],0,299
27651,2014-05-20,[ 04:51 ],0,300
27652,2014-05-20,[ 04:52 ],0,300
27653,2014-05-20,[ 04:53 ],0,351
27654,2014-05-20,[ 04:54 ],0,339
27655,2014-05-20,[ 04:55 ],0,298
27656,2014-05-20,[ 04:56 ],0,293
27657,2014-05-20,[ 04:57 ],0,292
27658,2014-05-20,[ 04:58 ],0,293
27659,2014-05-20,[ 04:59 ],0,358
27660,2014-05-20,[ 05:00 ],0,439
27661,2014-05-20,[ 05:01 ],0,451
27662,2014-05-20,[ 05:02 ],0,453
27663,2014-05-20,[ 05:03 ],0,456
27664,2014-05-20,[ 05:04 ],0,456
27665,2014-05-20,[ 05:05 ],0,462
27666,2014-05-20,[ 05:06 ],0,452
27667,2014-05-20,[ 05:07 ],0,435
27668,2014-05-20,[ 05:08 ],0,409
27669,2014-05-20,[ 05:09 ],0,436
27670,2014-05-20,[ 05:10 ],0,416
27671,2014-05-20,[ 05:11 ],0,407
27672,2014-05-20,[ 05:12 ],0,231
27673,2014-05-20,[ 05:13 ],0,231
27674,2014-05-20,[ 05:14 ],0,232
27675,2014-05-20,[ 05:15 ],0,232
27676,2014-05-20,[ 05:16 ],0,234
27677,2014-05-20,[ 05:17 ],0,229
27678,2014-05-20,[ 05:18 ],0,271
27679,2014-05-20,[ 05:19 ],0,271
27680,2014-05-20,[ 05:20 ],0,251
27681,2014-05-20,[ 05:21 ],0,267
27682,2014-05-20,[ 05:22 ],0,265
27683,2014-05-20,[ 05:23 ],0,256
27684,2014-05-20,[ 05:24 ],0,260
27685,2014-05-20,[ 05:25 ],0,257
27686,2014-05-20,[ 05:26 ],0,270
27687,2014-05-20,[ 05:27 ],0,237
27688,2014-05-20,[ 05:28 ],0,234
27689,2014-05-20,[ 05:29 ],0,236
27690,2014-05-20,[ 05:30 ],0,232
27691,2014-05-20,[ 05:31 ],0,234
27692,2014-05-20,[ 05:32 ],0,171
27693,2014-05-20,[ 05:33 ],0,172
27694,2014-05-20,[ 05:34 ],0,171
27695,2014-05-20,[ 05:35 ],0,171
27696,2014-05-20,[ 05:36 ],0,170
27697,2014-05-20,[ 05:37 ],0,169
27698,2014-05-20,[ 05:38 ],0,169
27699,2014-05-20,[ 05:39 ],0,170
27700,2014-05-20,[ 05:40 ],0,169
27701,2014-05-20,[ 05:41 ],0,168
27702,2014-05-20,[ 05:42 ],0,169
27703,2014-05-20,[ 05:43 ],0,168
27704,2014-05-20,[ 05:44 ],0,170
27705,2014-05-20,[ 05:45 ],0,168
27706,2014-05-20,[ 05:46 ],0,156
27707,2014-05-20,[ 05:47 ],0,155
27708,2014-05-20,[ 05:48 ],0,156
27709,2014-05-20,[ 05:49 ],0,156
27710,2014-05-20,[ 05:50 ],0,156
27711,2014-05-20,[ 05:51 ],0,154
27712,2014-05-20,[ 05:52 ],0,153
27713,2014-05-20,[ 05:53 ],0,154
27714,2014-05-20,[ 05:54 ],0,153
27715,2014-05-20,[ 05:55 ],0,152
27716,2014-05-20,[ 05:56 ],0,154
27717,2014-05-20,[ 05:57 ],0,152
27718,2014-05-20,[ 05:58 ],0,154
27719,2014-05-20,[ 05:59 ],0,157
27720,2014-05-20,[ 06:00 ],0,157
27721,2014-05-20,[ 06:01 ],0,157
27722,2014-05-20,[ 06:02 ],0,157
27723,2014-05-20,[ 06:03 ],0,158
27724,2014-05-20,[ 06:04 ],0,159
27725,2014-05-20,[ 06:05 ],0,158
27726,2014-05-20,[ 06:06 ],0,156
27727,2014-05-20,[ 06:07 ],0,254
27728,2014-05-20,[ 06:08 ],0,215
27729,2014-05-20,[ 06:09 ],0,208
27730,2014-05-20,[ 06:10 ],0,206
27731,2014-05-20,[ 06:11 ],0,208
27732,2014-05-20,[ 06:12 ],0,204
27733,2014-05-20,[ 06:13 ],0,205
27734,2014-05-20,[ 06:14 ],0,205
27735,2014-05-20,[ 06:15 ],0,205
27736,2014-05-20,[ 06:16 ],0,204
27737,2014-05-20,[ 06:17 ],0,202
27738,2014-05-20,[ 06:18 ],0,205
27739,2014-05-20,[ 06:19 ],0,205
27740,2014-05-20,[ 06:20 ],0,155
27741,2014-05-20,[ 06:21 ],0,155
27742,2014-05-20,[ 06:22 ],0,156
27743,2014-05-20,[ 06:23 ],0,156
27744,2014-05-20,[ 06:24 ],0,156
27745,2014-05-20,[ 06:25 ],0,156
27746,2014-05-20,[ 06:26 ],0,156
27747,2014-05-20,[ 06:27 ],0,156
27748,2014-05-20,[ 06:28 ],0,153
27749,2014-05-20,[ 06:29 ],0,154
27750,2014-05-20,[ 06:30 ],0,154
27751,2014-05-20,[ 06:31 ],0,155
27752,2014-05-20,[ 06:32 ],0,156
27753,2014-05-20,[ 06:33 ],0,156
27754,2014-05-20,[ 06:34 ],0,156
27755,2014-05-20,[ 06:35 ],0,156
27756,2014-05-20,[ 06:36 ],0,156
27757,2014-05-20,[ 06:37 ],0,156
27758,2014-05-20,[ 06:38 ],0,156
27759,2014-05-20,[ 06:39 ],0,157
27760,2014-05-20,[ 06:40 ],0,155
27761,2014-05-20,[ 06:41 ],0,158
27762,2014-05-20,[ 06:42 ],0,2571
27763,2014-05-20,[ 06:43 ],0,2571
27764,2014-05-20,[ 06:44 ],0,2569
27765,2014-05-20,[ 06:45 ],0,159
27766,2014-05-20,[ 06:46 ],0,169
27767,2014-05-20,[ 06:47 ],0,170
27768,2014-05-20,[ 06:48 ],0,156
27769,2014-05-20,[ 06:49 ],0,156
27770,2014-05-20,[ 06:50 ],0,156
27771,2014-05-20,[ 06:51 ],0,157
27772,2014-05-20,[ 06:52 ],0,156
27773,2014-05-20,[ 06:53 ],0,158
27774,2014-05-20,[ 06:54 ],0,158
27775,2014-05-20,[ 06:55 ],0,157
27776,2014-05-20,[ 06:56 ],0,196
27777,2014-05-20,[ 06:57 ],0,196
27778,2014-05-20,[ 06:58 ],0,195
27779,2014-05-20,[ 06:59 ],0,195
27780,2014-05-20,[ 07:00 ],0,195
27781,2014-05-20,[ 07:01 ],0,195
27782,2014-05-20,[ 07:02 ],0,194
27783,2014-05-20,[ 07:03 ],0,192
27784,2014-05-20,[ 07:04 ],0,193
27785,2014-05-20,[ 07:05 ],0,189
27786,2014-05-20,[ 07:06 ],0,331
27787,2014-05-20,[ 07:07 ],0,256
27788,2014-05-20,[ 07:08 ],0,257
27789,2014-05-20,[ 07:09 ],0,254
27790,2014-05-20,[ 07:10 ],0,256
27791,2014-05-20,[ 07:11 ],0,256
27792,2014-05-20,[ 07:12 ],0,253
27793,2014-05-20,[ 07:13 ],0,262
27794,2014-05-20,[ 07:14 ],0,260
27795,2014-05-20,[ 07:15 ],0,266
27796,2014-05-20,[ 07:16 ],0,266
27797,2014-05-20,[ 07:17 ],0,266
27798,2014-05-20,[ 07:18 ],0,264
27799,2014-05-20,[ 07:19 ],0,261
27800,2014-05-20,[ 07:20 ],0,261
27801,2014-05-20,[ 07:21 ],0,260
27802,2014-05-20,[ 07:22 ],0,259
27803,2014-05-20,[ 07:23 ],0,258
27804,2014-05-20,[ 07:24 ],0,260
27805,2014-05-20,[ 07:25 ],0,257
27806,2014-05-20,[ 07:26 ],0,260
27807,2014-05-20,[ 07:27 ],0,257
27808,2014-05-20,[ 07:28 ],0,259
27809,2014-05-20,[ 07:29 ],0,258
27810,2014-05-20,[ 07:30 ],0,259
27811,2014-05-20,[ 07:31 ],0,259
27812,2014-05-20,[ 07:32 ],0,257
27813,2014-05-20,[ 07:33 ],0,254
27814,2014-05-20,[ 07:34 ],0,261
27815,2014-05-20,[ 07:35 ],0,257
27816,2014-05-20,[ 07:36 ],0,260
27817,2014-05-20,[ 07:37 ],0,259
27818,2014-05-20,[ 07:38 ],0,259
27819,2014-05-20,[ 07:39 ],0,261
27820,2014-05-20,[ 07:40 ],0,291
27821,2014-05-20,[ 07:41 ],0,1955
27822,2014-05-20,[ 07:42 ],0,1986
27823,2014-05-20,[ 07:43 ],0,1956
27824,2014-05-20,[ 07:44 ],0,305
27825,2014-05-20,[ 07:45 ],0,300
27826,2014-05-20,[ 07:46 ],0,309
27827,2014-05-20,[ 07:47 ],0,1975
27828,2014-05-20,[ 07:48 ],0,4516
27829,2014-05-20,[ 07:49 ],0,4554
27830,2014-05-20,[ 07:50 ],0,1966
27831,2014-05-20,[ 07:51 ],0,302
27832,2014-05-20,[ 07:52 ],0,297
27833,2014-05-20,[ 07:53 ],0,1914
27834,2014-05-20,[ 07:54 ],0,1914
27835,2014-05-20,[ 07:55 ],0,332
27836,2014-05-20,[ 07:56 ],0,321
27837,2014-05-20,[ 07:57 ],0,287
27838,2014-05-20,[ 07:58 ],0,298
27839,2014-05-20,[ 07:59 ],0,292
27840,2014-05-20,[ 08:00 ],0,280
27841,2014-05-20,[ 08:01 ],0,277
27842,2014-05-20,[ 08:02 ],0,307
27843,2014-05-20,[ 08:03 ],0,288
27844,2014-05-20,[ 08:04 ],0,295
27845,2014-05-20,[ 08:05 ],0,293
27846,2014-05-20,[ 08:06 ],0,243
27847,2014-05-20,[ 08:07 ],0,250
27848,2014-05-20,[ 08:08 ],0,267
27849,2014-05-20,[ 08:09 ],0,251
27850,2014-05-20,[ 08:10 ],0,266
27851,2014-05-20,[ 08:11 ],0,237
27852,2014-05-20,[ 08:12 ],0,228
27853,2014-05-20,[ 08:13 ],0,240
27854,2014-05-20,[ 08:14 ],0,245
27855,2014-05-20,[ 08:15 ],0,234
27856,2014-05-20,[ 08:16 ],0,238
27857,2014-05-20,[ 08:17 ],0,251
27858,2014-05-20,[ 08:18 ],0,252
27859,2014-05-20,[ 08:19 ],0,248
27860,2014-05-20,[ 08:20 ],0,278
27861,2014-05-20,[ 08:21 ],0,254
27862,2014-05-20,[ 08:22 ],0,264
27863,2014-05-20,[ 08:23 ],0,259
27864,2014-05-20,[ 08:24 ],0,274
27865,2014-05-20,[ 08:25 ],0,264
27866,2014-05-20,[ 08:26 ],0,271
27867,2014-05-20,[ 08:27 ],0,265
27868,2014-05-20,[ 08:28 ],0,265
27869,2014-05-20,[ 08:29 ],0,265
27870,2014-05-20,[ 08:30 ],0,270
27871,2014-05-20,[ 08:31 ],0,270
27872,2014-05-20,[ 08:32 ],0,260
27873,2014-05-20,[ 08:33 ],0,257
27874,2014-05-20,[ 08:34 ],0,270
27875,2014-05-20,[ 08:35 ],0,270
27876,2014-05-20,[ 08:36 ],0,270
27877,2014-05-20,[ 08:37 ],0,271
27878,2014-05-20,[ 08:38 ],0,264
27879,2014-05-20,[ 08:39 ],0,267
27880,2014-05-20,[ 08:40 ],0,265
27881,2014-05-20,[ 08:41 ],0,267
27882,2014-05-20,[ 08:42 ],0,266
27883,2014-05-20,[ 08:43 ],0,347
27884,2014-05-20,[ 08:44 ],0,333
27885,2014-05-20,[ 08:45 ],0,333
27886,2014-05-20,[ 08:46 ],0,321
27887,2014-05-20,[ 08:47 ],0,328
27888,2014-05-20,[ 08:48 ],0,341
27889,2014-05-20,[ 08:49 ],0,347
27890,2014-05-20,[ 08:50 ],0,341
27891,2014-05-20,[ 08:51 ],0,336
27892,2014-05-20,[ 08:52 ],0,339
27893,2014-05-20,[ 08:53 ],0,340
27894,2014-05-20,[ 08:54 ],0,322
27895,2014-05-20,[ 08:55 ],0,273
27896,2014-05-20,[ 08:56 ],0,257
27897,2014-05-20,[ 08:57 ],0,269
27898,2014-05-20,[ 08:58 ],0,273
27899,2014-05-20,[ 08:59 ],0,222
27900,2014-05-20,[ 09:00 ],0,225
27901,2014-05-20,[ 09:01 ],0,222
27902,2014-05-20,[ 09:02 ],0,221
27903,2014-05-20,[ 09:03 ],0,222
27904,2014-05-20,[ 09:04 ],0,223
27905,2014-05-20,[ 09:05 ],0,224
27906,2014-05-20,[ 09:06 ],0,222
27907,2014-05-20,[ 09:07 ],0,222
27908,2014-05-20,[ 09:08 ],0,221
27909,2014-05-20,[ 09:09 ],0,223
27910,2014-05-20,[ 09:10 ],0,223
27911,2014-05-20,[ 09:11 ],0,221
27912,2014-05-20,[ 09:12 ],0,219
27913,2014-05-20,[ 09:13 ],0,219
27914,2014-05-20,[ 09:14 ],0,223
27915,2014-05-20,[ 09:15 ],0,221
27916,2014-05-20,[ 09:16 ],0,222
27917,2014-05-20,[ 09:17 ],0,223
27918,2014-05-20,[ 09:18 ],0,224
27919,2014-05-20,[ 09:19 ],0,223
27920,2014-05-20,[ 09:20 ],0,225
27921,2014-05-20,[ 09:21 ],0,221
27922,2014-05-20,[ 09:22 ],0,222
27923,2014-05-20,[ 09:23 ],0,222
27924,2014-05-20,[ 09:24 ],0,223
27925,2014-05-20,[ 09:25 ],0,221
27926,2014-05-20,[ 09:26 ],0,224
27927,2014-05-20,[ 09:27 ],0,223
27928,2014-05-20,[ 09:28 ],0,224
27929,2014-05-20,[ 09:29 ],0,224
27930,2014-05-20,[ 09:30 ],0,223
27931,2014-05-20,[ 09:31 ],0,222
27932,2014-05-20,[ 09:32 ],0,219
27933,2014-05-20,[ 09:33 ],0,223
27934,2014-05-20,[ 09:34 ],0,223
27935,2014-05-20,[ 09:35 ],0,223
27936,2014-05-20,[ 09:36 ],0,223
27937,2014-05-20,[ 09:37 ],0,224
27938,2014-05-20,[ 09:38 ],0,219
27939,2014-05-20,[ 09:39 ],0,221
27940,2014-05-20,[ 09:40 ],0,274
27941,2014-05-20,[ 09:41 ],0,274
27942,2014-05-20,[ 09:42 ],0,253
27943,2014-05-20,[ 09:43 ],0,256
27944,2014-05-20,[ 09:44 ],0,258
27945,2014-05-20,[ 09:45 ],0,258
27946,2014-05-20,[ 09:46 ],0,259
27947,2014-05-20,[ 09:47 ],0,260
27948,2014-05-20,[ 09:48 ],0,257
27949,2014-05-20,[ 09:49 ],0,259
27950,2014-05-20,[ 09:50 ],0,259
27951,2014-05-20,[ 09:51 ],0,257
27952,2014-05-20,[ 09:52 ],0,258
27953,2014-05-20,[ 09:53 ],0,258
27954,2014-05-20,[ 09:54 ],0,259
27955,2014-05-20,[ 09:55 ],0,291
27956,2014-05-20,[ 09:56 ],0,295
27957,2014-05-20,[ 09:57 ],0,297
27958,2014-05-20,[ 09:58 ],0,299
27959,2014-05-20,[ 09:59 ],0,298
27960,2014-05-20,[ 10:00 ],0,298
27961,2014-05-20,[ 10:01 ],0,298
27962,2014-05-20,[ 10:02 ],0,298
27963,2014-05-20,[ 10:03 ],0,258
27964,2014-05-20,[ 10:04 ],0,261
27965,2014-05-20,[ 10:05 ],0,260
27966,2014-05-20,[ 10:06 ],0,260
27967,2014-05-20,[ 10:07 ],0,259
27968,2014-05-20,[ 10:08 ],0,261
27969,2014-05-20,[ 10:09 ],0,258
27970,2014-05-20,[ 10:10 ],0,257
27971,2014-05-20,[ 10:11 ],0,257
27972,2014-05-20,[ 10:12 ],0,259
27973,2014-05-20,[ 10:13 ],0,257
27974,2014-05-20,[ 10:14 ],0,256
27975,2014-05-20,[ 10:15 ],0,258
27976,2014-05-20,[ 10:16 ],0,256
27977,2014-05-20,[ 10:17 ],0,259
27978,2014-05-20,[ 10:18 ],0,258
27979,2014-05-20,[ 10:19 ],0,258
27980,2014-05-20,[ 10:20 ],0,259
27981,2014-05-20,[ 10:21 ],0,257
27982,2014-05-20,[ 10:22 ],0,259
27983,2014-05-20,[ 10:23 ],0,257
27984,2014-05-20,[ 10:24 ],0,292
27985,2014-05-20,[ 10:25 ],0,297
27986,2014-05-20,[ 10:26 ],0,297
27987,2014-05-20,[ 10:27 ],0,297
27988,2014-05-20,[ 10:28 ],0,297
27989,2014-05-20,[ 10:29 ],0,294
27990,2014-05-20,[ 10:30 ],0,292
27991,2014-05-20,[ 10:31 ],0,295
27992,2014-05-20,[ 10:32 ],0,295
27993,2014-05-20,[ 10:33 ],0,288
27994,2014-05-20,[ 10:34 ],0,288
27995,2014-05-20,[ 10:35 ],0,285
27996,2014-05-20,[ 10:36 ],0,222
27997,2014-05-20,[ 10:37 ],0,223
27998,2014-05-20,[ 10:38 ],0,218
27999,2014-05-20,[ 10:39 ],0,188
28000,2014-05-20,[ 10:40 ],0,188
28001,2014-05-20,[ 10:41 ],0,189
28002,2014-05-20,[ 10:42 ],0,189
28003,2014-05-20,[ 10:43 ],0,190
28004,2014-05-20,[ 10:44 ],0,188
28005,2014-05-20,[ 10:45 ],0,189
28006,2014-05-20,[ 10:46 ],0,218
28007,2014-05-20,[ 10:47 ],0,223
28008,2014-05-20,[ 10:48 ],0,221
28009,2014-05-20,[ 10:49 ],0,221
28010,2014-05-20,[ 10:50 ],0,218
28011,2014-05-20,[ 10:51 ],0,223
28012,2014-05-20,[ 10:52 ],0,218
28013,2014-05-20,[ 10:53 ],0,222
28014,2014-05-20,[ 10:54 ],0,222
28015,2014-05-20,[ 10:55 ],0,221
28016,2014-05-20,[ 10:56 ],0,223
28017,2014-05-20,[ 10:57 ],0,221
28018,2014-05-20,[ 10:58 ],0,221
28019,2014-05-20,[ 10:59 ],0,222
28020,2014-05-20,[ 11:00 ],0,221
28021,2014-05-20,[ 11:01 ],0,221
28022,2014-05-20,[ 11:02 ],0,224
28023,2014-05-20,[ 11:03 ],0,223
28024,2014-05-20,[ 11:04 ],0,221
28025,2014-05-20,[ 11:05 ],0,221
28026,2014-05-20,[ 11:06 ],0,221
28027,2014-05-20,[ 11:07 ],0,219
28028,2014-05-20,[ 11:08 ],0,219
28029,2014-05-20,[ 11:09 ],0,218
28030,2014-05-20,[ 11:10 ],0,297
28031,2014-05-20,[ 11:11 ],0,295
28032,2014-05-20,[ 11:12 ],0,287
28033,2014-05-20,[ 11:13 ],0,262
28034,2014-05-20,[ 11:14 ],0,260
28035,2014-05-20,[ 11:15 ],0,261
28036,2014-05-20,[ 11:16 ],0,260
28037,2014-05-20,[ 11:17 ],0,261
28038,2014-05-20,[ 11:18 ],0,261
28039,2014-05-20,[ 11:19 ],0,262
28040,2014-05-20,[ 11:20 ],0,259
28041,2014-05-20,[ 11:21 ],0,260
28042,2014-05-20,[ 11:22 ],0,194
28043,2014-05-20,[ 11:23 ],0,193
28044,2014-05-20,[ 11:24 ],0,193
28045,2014-05-20,[ 11:25 ],0,192
28046,2014-05-20,[ 11:26 ],0,191
28047,2014-05-20,[ 11:27 ],0,192
28048,2014-05-20,[ 11:28 ],0,189
28049,2014-05-20,[ 11:29 ],0,192
28050,2014-05-20,[ 11:30 ],0,193
28051,2014-05-20,[ 11:31 ],0,192
28052,2014-05-20,[ 11:32 ],0,193
28053,2014-05-20,[ 11:33 ],0,193
28054,2014-05-20,[ 11:34 ],0,191
28055,2014-05-20,[ 11:35 ],0,192
28056,2014-05-20,[ 11:36 ],0,193
28057,2014-05-20,[ 11:37 ],0,192
28058,2014-05-20,[ 11:38 ],0,194
28059,2014-05-20,[ 11:39 ],0,194
28060,2014-05-20,[ 11:40 ],0,195
28061,2014-05-20,[ 11:41 ],0,194
28062,2014-05-20,[ 11:42 ],0,170
28063,2014-05-20,[ 11:43 ],0,177
28064,2014-05-20,[ 11:44 ],0,1879
28065,2014-05-20,[ 11:45 ],0,1867
28066,2014-05-20,[ 11:46 ],0,1855
28067,2014-05-20,[ 11:47 ],0,1837
28068,2014-05-20,[ 11:48 ],0,208
28069,2014-05-20,[ 11:49 ],0,201
28070,2014-05-20,[ 11:50 ],0,195
28071,2014-05-20,[ 11:51 ],0,170
28072,2014-05-20,[ 11:52 ],0,169
28073,2014-05-20,[ 11:53 ],0,170
28074,2014-05-20,[ 11:54 ],0,171
28075,2014-05-20,[ 11:55 ],0,170
28076,2014-05-20,[ 11:56 ],0,169
28077,2014-05-20,[ 11:57 ],0,169
28078,2014-05-20,[ 11:58 ],0,302
28079,2014-05-20,[ 11:59 ],0,302
28080,2014-05-20,[ 12:00 ],0,266
28081,2014-05-20,[ 12:01 ],0,266
28082,2014-05-20,[ 12:02 ],0,234
28083,2014-05-20,[ 12:03 ],0,235
28084,2014-05-20,[ 12:04 ],0,232
28085,2014-05-20,[ 12:05 ],0,231
28086,2014-05-20,[ 12:06 ],0,229
28087,2014-05-20,[ 12:07 ],0,231
28088,2014-05-20,[ 12:08 ],0,231
28089,2014-05-20,[ 12:09 ],0,229
28090,2014-05-20,[ 12:10 ],0,239
28091,2014-05-20,[ 12:11 ],0,240
28092,2014-05-20,[ 12:12 ],0,275
28093,2014-05-20,[ 12:13 ],0,278
28094,2014-05-20,[ 12:14 ],0,273
28095,2014-05-20,[ 12:15 ],0,239
28096,2014-05-20,[ 12:16 ],0,238
28097,2014-05-20,[ 12:17 ],0,240
28098,2014-05-20,[ 12:18 ],0,237
28099,2014-05-20,[ 12:19 ],0,2599
28100,2014-05-20,[ 12:20 ],0,2643
28101,2014-05-20,[ 12:21 ],0,2640
28102,2014-05-20,[ 12:22 ],0,264
28103,2014-05-20,[ 12:23 ],0,262
28104,2014-05-20,[ 12:24 ],0,226
28105,2014-05-20,[ 12:25 ],0,225
28106,2014-05-20,[ 12:26 ],0,225
28107,2014-05-20,[ 12:27 ],0,227
28108,2014-05-20,[ 12:28 ],0,227
28109,2014-05-20,[ 12:29 ],0,231
28110,2014-05-20,[ 12:30 ],0,264
28111,2014-05-20,[ 12:31 ],0,264
28112,2014-05-20,[ 12:32 ],0,264
28113,2014-05-20,[ 12:33 ],0,226
28114,2014-05-20,[ 12:34 ],0,226
28115,2014-05-20,[ 12:35 ],0,227
28116,2014-05-20,[ 12:36 ],0,228
28117,2014-05-20,[ 12:37 ],0,228
28118,2014-05-20,[ 12:38 ],0,262
28119,2014-05-20,[ 12:39 ],0,261
28120,2014-05-20,[ 12:40 ],0,264
28121,2014-05-20,[ 12:41 ],0,261
28122,2014-05-20,[ 12:42 ],0,229
28123,2014-05-20,[ 12:43 ],0,229
28124,2014-05-20,[ 12:44 ],0,229
28125,2014-05-20,[ 12:45 ],0,258
28126,2014-05-20,[ 12:46 ],0,266
28127,2014-05-20,[ 12:47 ],0,264
28128,2014-05-20,[ 12:48 ],0,262
28129,2014-05-20,[ 12:49 ],0,227
28130,2014-05-20,[ 12:50 ],0,226
28131,2014-05-20,[ 12:51 ],0,222
28132,2014-05-20,[ 12:52 ],0,217
28133,2014-05-20,[ 12:53 ],0,189
28134,2014-05-20,[ 12:54 ],0,190
28135,2014-05-20,[ 12:55 ],0,190
28136,2014-05-20,[ 12:56 ],0,191
28137,2014-05-20,[ 12:57 ],0,169
28138,2014-05-20,[ 12:58 ],0,166
28139,2014-05-20,[ 12:59 ],0,165
28140,2014-05-20,[ 13:00 ],0,168
28141,2014-05-20,[ 13:01 ],0,168
28142,2014-05-20,[ 13:02 ],0,192
28143,2014-05-20,[ 13:03 ],0,192
28144,2014-05-20,[ 13:04 ],0,194
28145,2014-05-20,[ 13:05 ],0,191
28146,2014-05-20,[ 13:06 ],0,168
28147,2014-05-20,[ 13:07 ],0,167
28148,2014-05-20,[ 13:08 ],0,168
28149,2014-05-20,[ 13:09 ],0,168
28150,2014-05-20,[ 13:10 ],0,168
28151,2014-05-20,[ 13:11 ],0,189
28152,2014-05-20,[ 13:12 ],0,193
28153,2014-05-20,[ 13:13 ],0,193
28154,2014-05-20,[ 13:14 ],0,191
28155,2014-05-20,[ 13:15 ],0,168
28156,2014-05-20,[ 13:16 ],0,168
28157,2014-05-20,[ 13:17 ],0,168
28158,2014-05-20,[ 13:18 ],0,191
28159,2014-05-20,[ 13:19 ],0,193
28160,2014-05-20,[ 13:20 ],0,192
28161,2014-05-20,[ 13:21 ],0,191
28162,2014-05-20,[ 13:22 ],0,190
28163,2014-05-20,[ 13:23 ],0,168
28164,2014-05-20,[ 13:24 ],0,166
28165,2014-05-20,[ 13:25 ],0,167
28166,2014-05-20,[ 13:26 ],0,192
28167,2014-05-20,[ 13:27 ],0,272
28168,2014-05-20,[ 13:28 ],0,272
28169,2014-05-20,[ 13:29 ],0,264
28170,2014-05-20,[ 13:30 ],0,227
28171,2014-05-20,[ 13:31 ],0,224
28172,2014-05-20,[ 13:32 ],0,225
28173,2014-05-20,[ 13:33 ],0,224
28174,2014-05-20,[ 13:34 ],0,222
28175,2014-05-20,[ 13:35 ],0,258
28176,2014-05-20,[ 13:36 ],0,258
28177,2014-05-20,[ 13:37 ],0,258
28178,2014-05-20,[ 13:38 ],0,251
28179,2014-05-20,[ 13:39 ],0,166
28180,2014-05-20,[ 13:40 ],0,167
28181,2014-05-20,[ 13:41 ],0,167
28182,2014-05-20,[ 13:42 ],0,167
28183,2014-05-20,[ 13:43 ],0,167
28184,2014-05-20,[ 13:44 ],0,168
28185,2014-05-20,[ 13:45 ],0,190
28186,2014-05-20,[ 13:46 ],0,190
28187,2014-05-20,[ 13:47 ],0,191
28188,2014-05-20,[ 13:48 ],0,189
28189,2014-05-20,[ 13:49 ],0,168
28190,2014-05-20,[ 13:50 ],0,167
28191,2014-05-20,[ 13:51 ],0,167
28192,2014-05-20,[ 13:52 ],0,170
28193,2014-05-20,[ 13:53 ],0,169
28194,2014-05-20,[ 13:54 ],0,167
28195,2014-05-20,[ 13:55 ],0,165
28196,2014-05-20,[ 13:56 ],0,167
28197,2014-05-20,[ 13:57 ],0,190
28198,2014-05-20,[ 13:58 ],0,190
28199,2014-05-20,[ 13:59 ],0,191
28200,2014-05-20,[ 14:00 ],0,166
28201,2014-05-20,[ 14:01 ],0,168
28202,2014-05-20,[ 14:02 ],0,166
28203,2014-05-20,[ 14:03 ],0,167
28204,2014-05-20,[ 14:04 ],0,168
28205,2014-05-20,[ 14:05 ],0,166
28206,2014-05-20,[ 14:06 ],0,167
28207,2014-05-20,[ 14:07 ],0,166
28208,2014-05-20,[ 14:08 ],0,166
28209,2014-05-20,[ 14:09 ],0,166
28210,2014-05-20,[ 14:10 ],0,191
28211,2014-05-20,[ 14:11 ],0,190
28212,2014-05-20,[ 14:12 ],0,189
28213,2014-05-20,[ 14:13 ],0,165
28214,2014-05-20,[ 14:14 ],0,168
28215,2014-05-20,[ 14:15 ],0,167
28216,2014-05-20,[ 14:16 ],0,167
28217,2014-05-20,[ 14:17 ],0,170
28218,2014-05-20,[ 14:18 ],0,168
28219,2014-05-20,[ 14:19 ],0,168
28220,2014-05-20,[ 14:20 ],0,167
28221,2014-05-20,[ 14:21 ],0,167
28222,2014-05-20,[ 14:22 ],0,168
28223,2014-05-20,[ 14:23 ],0,168
28224,2014-05-20,[ 14:24 ],0,169
28225,2014-05-20,[ 14:25 ],0,167
28226,2014-05-20,[ 14:26 ],0,166
28227,2014-05-20,[ 14:27 ],0,275
28228,2014-05-20,[ 14:28 ],0,265
28229,2014-05-20,[ 14:29 ],0,262
28230,2014-05-20,[ 14:30 ],0,226
28231,2014-05-20,[ 14:31 ],0,224
28232,2014-05-20,[ 14:32 ],0,224
28233,2014-05-20,[ 14:33 ],0,223
28234,2014-05-20,[ 14:34 ],0,223
28235,2014-05-20,[ 14:35 ],0,223
28236,2014-05-20,[ 14:36 ],0,219
28237,2014-05-20,[ 14:37 ],0,258
28238,2014-05-20,[ 14:38 ],0,192
28239,2014-05-20,[ 14:39 ],0,193
28240,2014-05-20,[ 14:40 ],0,168
28241,2014-05-20,[ 14:41 ],0,165
28242,2014-05-20,[ 14:42 ],0,168
28243,2014-05-20,[ 14:43 ],0,169
28244,2014-05-20,[ 14:44 ],0,168
28245,2014-05-20,[ 14:45 ],0,191
28246,2014-05-20,[ 14:46 ],0,192
28247,2014-05-20,[ 14:47 ],0,190
28248,2014-05-20,[ 14:48 ],0,266
28249,2014-05-20,[ 14:49 ],0,260
28250,2014-05-20,[ 14:50 ],0,225
28251,2014-05-20,[ 14:51 ],0,226
28252,2014-05-20,[ 14:52 ],0,231
28253,2014-05-20,[ 14:53 ],0,232
28254,2014-05-20,[ 14:54 ],0,270
28255,2014-05-20,[ 14:55 ],0,266
28256,2014-05-20,[ 14:56 ],0,266
28257,2014-05-20,[ 14:57 ],0,271
28258,2014-05-20,[ 14:58 ],0,229
28259,2014-05-20,[ 14:59 ],0,228
28260,2014-05-20,[ 15:00 ],0,231
28261,2014-05-20,[ 15:01 ],0,234
28262,2014-05-20,[ 15:02 ],0,232
28263,2014-05-20,[ 15:03 ],0,269
28264,2014-05-20,[ 15:04 ],0,267
28265,2014-05-20,[ 15:05 ],0,269
28266,2014-05-20,[ 15:06 ],0,264
28267,2014-05-20,[ 15:07 ],0,266
28268,2014-05-20,[ 15:08 ],0,266
28269,2014-05-20,[ 15:09 ],0,266
28270,2014-05-20,[ 15:10 ],0,264
28271,2014-05-20,[ 15:11 ],0,266
28272,2014-05-20,[ 15:12 ],0,265
28273,2014-05-20,[ 15:13 ],0,266
28274,2014-05-20,[ 15:14 ],0,267
28275,2014-05-20,[ 15:15 ],0,266
28276,2014-05-20,[ 15:16 ],0,266
28277,2014-05-20,[ 15:17 ],0,227
28278,2014-05-20,[ 15:18 ],0,231
28279,2014-05-20,[ 15:19 ],0,231
28280,2014-05-20,[ 15:20 ],0,228
28281,2014-05-20,[ 15:21 ],0,226
28282,2014-05-20,[ 15:22 ],0,264
28283,2014-05-20,[ 15:23 ],0,266
28284,2014-05-20,[ 15:24 ],0,267
28285,2014-05-20,[ 15:25 ],0,265
28286,2014-05-20,[ 15:26 ],0,258
28287,2014-05-20,[ 15:27 ],0,260
28288,2014-05-20,[ 15:28 ],0,258
28289,2014-05-20,[ 15:29 ],0,256
28290,2014-05-20,[ 15:30 ],0,254
28291,2014-05-20,[ 15:31 ],0,257
28292,2014-05-20,[ 15:32 ],0,257
28293,2014-05-20,[ 15:33 ],0,256
28294,2014-05-20,[ 15:34 ],0,256
28295,2014-05-20,[ 15:35 ],0,258
28296,2014-05-20,[ 15:36 ],0,259
28297,2014-05-20,[ 15:37 ],0,259
28298,2014-05-20,[ 15:38 ],0,261
28299,2014-05-20,[ 15:39 ],0,260
28300,2014-05-20,[ 15:40 ],0,260
28301,2014-05-20,[ 15:41 ],0,193
28302,2014-05-20,[ 15:42 ],0,193
28303,2014-05-20,[ 15:43 ],0,192
28304,2014-05-20,[ 15:44 ],0,192
28305,2014-05-20,[ 15:45 ],0,189
28306,2014-05-20,[ 15:46 ],0,190
28307,2014-05-20,[ 15:47 ],0,192
28308,2014-05-20,[ 15:48 ],0,190
28309,2014-05-20,[ 15:49 ],0,193
28310,2014-05-20,[ 15:50 ],0,192
28311,2014-05-20,[ 15:51 ],0,193
28312,2014-05-20,[ 15:52 ],0,193
28313,2014-05-20,[ 15:53 ],0,193
28314,2014-05-20,[ 15:54 ],0,191
28315,2014-05-20,[ 15:55 ],0,190
28316,2014-05-20,[ 15:56 ],0,192
28317,2014-05-20,[ 15:57 ],0,191
28318,2014-05-20,[ 15:58 ],0,191
28319,2014-05-20,[ 15:59 ],0,194
28320,2014-05-20,[ 16:00 ],0,192
28321,2014-05-20,[ 16:01 ],0,194
28322,2014-05-20,[ 16:02 ],0,195
28323,2014-05-20,[ 16:03 ],0,194
28324,2014-05-20,[ 16:04 ],0,194
28325,2014-05-20,[ 16:05 ],0,192
28326,2014-05-20,[ 16:06 ],0,192
28327,2014-05-20,[ 16:07 ],0,192
28328,2014-05-20,[ 16:08 ],0,192
28329,2014-05-20,[ 16:09 ],0,191
28330,2014-05-20,[ 16:10 ],0,190
28331,2014-05-20,[ 16:11 ],0,192
28332,2014-05-20,[ 16:12 ],0,191
28333,2014-05-20,[ 16:13 ],0,168
28334,2014-05-20,[ 16:14 ],0,169
28335,2014-05-20,[ 16:15 ],0,168
28336,2014-05-20,[ 16:16 ],0,169
28337,2014-05-20,[ 16:17 ],0,169
28338,2014-05-20,[ 16:18 ],0,168
28339,2014-05-20,[ 16:19 ],0,234
28340,2014-05-20,[ 16:20 ],0,225
28341,2014-05-20,[ 16:21 ],0,227
28342,2014-05-20,[ 16:22 ],0,226
28343,2014-05-20,[ 16:23 ],0,224
28344,2014-05-20,[ 16:24 ],0,224
28345,2014-05-20,[ 16:25 ],0,222
28346,2014-05-20,[ 16:26 ],0,221
28347,2014-05-20,[ 16:27 ],0,222
28348,2014-05-20,[ 16:28 ],0,222
28349,2014-05-20,[ 16:29 ],0,219
28350,2014-05-20,[ 16:30 ],0,218
28351,2014-05-20,[ 16:31 ],0,168
28352,2014-05-20,[ 16:32 ],0,168
28353,2014-05-20,[ 16:33 ],0,167
28354,2014-05-20,[ 16:34 ],0,166
28355,2014-05-20,[ 16:35 ],0,169
28356,2014-05-20,[ 16:36 ],0,169
28357,2014-05-20,[ 16:37 ],0,169
28358,2014-05-20,[ 16:38 ],0,166
28359,2014-05-20,[ 16:39 ],0,168
28360,2014-05-20,[ 16:40 ],0,167
28361,2014-05-20,[ 16:41 ],0,169
28362,2014-05-20,[ 16:42 ],0,196
28363,2014-05-20,[ 16:43 ],0,2566
28364,2014-05-20,[ 16:44 ],0,2605
28365,2014-05-20,[ 16:45 ],0,4385
28366,2014-05-20,[ 16:46 ],0,4468
28367,2014-05-20,[ 16:47 ],0,1970
28368,2014-05-20,[ 16:48 ],0,1932
28369,2014-05-20,[ 16:49 ],0,1827
28370,2014-05-20,[ 16:50 ],0,1780
28371,2014-05-20,[ 16:51 ],0,1742
28372,2014-05-20,[ 16:52 ],0,192
28373,2014-05-20,[ 16:53 ],0,194
28374,2014-05-20,[ 16:54 ],0,194
28375,2014-05-20,[ 16:55 ],0,193
28376,2014-05-20,[ 16:56 ],0,199
28377,2014-05-20,[ 16:57 ],0,202
28378,2014-05-20,[ 16:58 ],0,203
28379,2014-05-20,[ 16:59 ],0,201
28380,2014-05-20,[ 17:00 ],0,202
28381,2014-05-20,[ 17:01 ],0,205
28382,2014-05-20,[ 17:02 ],0,203
28383,2014-05-20,[ 17:03 ],0,204
28384,2014-05-20,[ 17:04 ],0,288
28385,2014-05-20,[ 17:05 ],0,281
28386,2014-05-20,[ 17:06 ],0,323
28387,2014-05-20,[ 17:07 ],0,2654
28388,2014-05-20,[ 17:08 ],0,2685
28389,2014-05-20,[ 17:09 ],0,2711
28390,2014-05-20,[ 17:10 ],0,324
28391,2014-05-20,[ 17:11 ],0,337
28392,2014-05-20,[ 17:12 ],0,337
28393,2014-05-20,[ 17:13 ],0,332
28394,2014-05-20,[ 17:14 ],0,327
28395,2014-05-20,[ 17:15 ],0,330
28396,2014-05-20,[ 17:16 ],0,319
28397,2014-05-20,[ 17:17 ],0,324
28398,2014-05-20,[ 17:18 ],0,333
28399,2014-05-20,[ 17:19 ],0,328
28400,2014-05-20,[ 17:20 ],0,323
28401,2014-05-20,[ 17:21 ],0,337
28402,2014-05-20,[ 17:22 ],0,332
28403,2014-05-20,[ 17:23 ],0,334
28404,2014-05-20,[ 17:24 ],0,326
28405,2014-05-20,[ 17:25 ],0,339
28406,2014-05-20,[ 17:26 ],0,305
28407,2014-05-20,[ 17:27 ],0,298
28408,2014-05-20,[ 17:28 ],0,302
28409,2014-05-20,[ 17:29 ],0,284
28410,2014-05-20,[ 17:30 ],0,309
28411,2014-05-20,[ 17:31 ],0,298
28412,2014-05-20,[ 17:32 ],0,299
28413,2014-05-20,[ 17:33 ],0,330
28414,2014-05-20,[ 17:34 ],0,318
28415,2014-05-20,[ 17:35 ],0,322
28416,2014-05-20,[ 17:36 ],0,319
28417,2014-05-20,[ 17:37 ],0,318
28418,2014-05-20,[ 17:38 ],0,318
28419,2014-05-20,[ 17:39 ],0,340
28420,2014-05-20,[ 17:40 ],0,341
28421,2014-05-20,[ 17:41 ],0,298
28422,2014-05-20,[ 17:42 ],0,287
28423,2014-05-20,[ 17:43 ],0,297
28424,2014-05-20,[ 17:44 ],0,308
28425,2014-05-20,[ 17:45 ],0,311
28426,2014-05-20,[ 17:46 ],0,1978
28427,2014-05-20,[ 17:47 ],0,1879
28428,2014-05-20,[ 17:48 ],0,284
28429,2014-05-20,[ 17:49 ],0,310
28430,2014-05-20,[ 17:50 ],0,334
28431,2014-05-20,[ 17:51 ],0,287
28432,2014-05-20,[ 17:52 ],0,322
28433,2014-05-20,[ 17:53 ],0,288
28434,2014-05-20,[ 17:54 ],0,316
28435,2014-05-20,[ 17:55 ],0,313
28436,2014-05-20,[ 17:56 ],0,1871
28437,2014-05-20,[ 17:57 ],0,1965
28438,2014-05-20,[ 17:58 ],0,1942
28439,2014-05-20,[ 17:59 ],0,1923
28440,2014-05-20,[ 18:00 ],0,282
28441,2014-05-20,[ 18:01 ],0,275
28442,2014-05-20,[ 18:02 ],0,285
28443,2014-05-20,[ 18:03 ],0,288
28444,2014-05-20,[ 18:04 ],0,302
28445,2014-05-20,[ 18:05 ],0,307
28446,2014-05-20,[ 18:06 ],0,307
28447,2014-05-20,[ 18:07 ],0,318
28448,2014-05-20,[ 18:08 ],0,281
28449,2014-05-20,[ 18:09 ],0,281
28450,2014-05-20,[ 18:10 ],0,311
28451,2014-05-20,[ 18:11 ],0,286
28452,2014-05-20,[ 18:12 ],0,283
28453,2014-05-20,[ 18:13 ],0,331
28454,2014-05-20,[ 18:14 ],0,340
28455,2014-05-20,[ 18:15 ],0,340
28456,2014-05-20,[ 18:16 ],0,321
28457,2014-05-20,[ 18:17 ],0,278
28458,2014-05-20,[ 18:18 ],0,273
28459,2014-05-20,[ 18:19 ],0,275
28460,2014-05-20,[ 18:20 ],0,223
28461,2014-05-20,[ 18:21 ],0,224
28462,2014-05-20,[ 18:22 ],0,228
28463,2014-05-20,[ 18:23 ],0,281
28464,2014-05-20,[ 18:24 ],0,525
28465,2014-05-20,[ 18:25 ],0,525
28466,2014-05-20,[ 18:26 ],0,530
28467,2014-05-20,[ 18:27 ],0,523
28468,2014-05-20,[ 18:28 ],0,540
28469,2014-05-20,[ 18:29 ],0,561
28470,2014-05-20,[ 18:30 ],0,554
28471,2014-05-20,[ 18:31 ],0,523
28472,2014-05-20,[ 18:32 ],0,579
28473,2014-05-20,[ 18:33 ],0,525
28474,2014-05-20,[ 18:34 ],0,521
28475,2014-05-20,[ 18:35 ],0,557
28476,2014-05-20,[ 18:36 ],0,534
28477,2014-05-20,[ 18:37 ],0,309
28478,2014-05-20,[ 18:38 ],0,286
28479,2014-05-20,[ 18:39 ],0,271
28480,2014-05-20,[ 18:40 ],0,281
28481,2014-05-20,[ 18:41 ],0,277
28482,2014-05-20,[ 18:42 ],0,374
28483,2014-05-20,[ 18:43 ],0,409
28484,2014-05-20,[ 18:44 ],0,397
28485,2014-05-20,[ 18:45 ],0,400
28486,2014-05-20,[ 18:46 ],0,404
28487,2014-05-20,[ 18:47 ],0,403
28488,2014-05-20,[ 18:48 ],0,403
28489,2014-05-20,[ 18:49 ],0,533
28490,2014-05-20,[ 18:50 ],0,488
28491,2014-05-20,[ 18:51 ],0,496
28492,2014-05-20,[ 18:52 ],0,505
28493,2014-05-20,[ 18:53 ],0,503
28494,2014-05-20,[ 18:54 ],0,510
28495,2014-05-20,[ 18:55 ],0,510
28496,2014-05-20,[ 18:56 ],0,504
28497,2014-05-20,[ 18:57 ],0,485
28498,2014-05-20,[ 18:58 ],0,488
28499,2014-05-20,[ 18:59 ],0,476
28500,2014-05-20,[ 19:00 ],0,481
28501,2014-05-20,[ 19:01 ],0,581
28502,2014-05-20,[ 19:02 ],0,976
28503,2014-05-20,[ 19:03 ],0,1040
28504,2014-05-20,[ 19:04 ],0,1416
28505,2014-05-20,[ 19:05 ],0,511
28506,2014-05-20,[ 19:06 ],0,514
28507,2014-05-20,[ 19:07 ],0,1387
28508,2014-05-20,[ 19:08 ],0,913
28509,2014-05-20,[ 19:09 ],0,866
28510,2014-05-20,[ 19:10 ],0,866
28511,2014-05-20,[ 19:11 ],0,759
28512,2014-05-20,[ 19:12 ],0,740
28513,2014-05-20,[ 19:13 ],0,996
28514,2014-05-20,[ 19:14 ],0,1213
28515,2014-05-20,[ 19:15 ],0,1213
28516,2014-05-20,[ 19:16 ],0,632
28517,2014-05-20,[ 19:17 ],0,961
28518,2014-05-20,[ 19:18 ],0,1264
28519,2014-05-20,[ 19:19 ],0,1258
28520,2014-05-20,[ 19:20 ],0,966
28521,2014-05-20,[ 19:21 ],0,640
28522,2014-05-20,[ 19:22 ],0,755
28523,2014-05-20,[ 19:23 ],0,957
28524,2014-05-20,[ 19:24 ],0,662
28525,2014-05-20,[ 19:25 ],0,712
28526,2014-05-20,[ 19:26 ],0,674
28527,2014-05-20,[ 19:27 ],0,667
28528,2014-05-20,[ 19:28 ],0,476
28529,2014-05-20,[ 19:29 ],0,392
28530,2014-05-20,[ 19:30 ],0,379
28531,2014-05-20,[ 19:31 ],0,379
28532,2014-05-20,[ 19:32 ],0,385
28533,2014-05-20,[ 19:33 ],0,378
28534,2014-05-20,[ 19:34 ],0,383
28535,2014-05-20,[ 19:35 ],0,385
28536,2014-05-20,[ 19:36 ],0,383
28537,2014-05-20,[ 19:37 ],0,383
28538,2014-05-20,[ 19:38 ],0,383
28539,2014-05-20,[ 19:39 ],0,382
28540,2014-05-20,[ 19:40 ],0,385
28541,2014-05-20,[ 19:41 ],0,388
28542,2014-05-20,[ 19:42 ],0,386
28543,2014-05-20,[ 19:43 ],0,385
28544,2014-05-20,[ 19:44 ],0,399
28545,2014-05-20,[ 19:45 ],0,387
28546,2014-05-20,[ 19:46 ],0,388
28547,2014-05-20,[ 19:47 ],0,420
28548,2014-05-20,[ 19:48 ],0,385
28549,2014-05-20,[ 19:49 ],0,379
28550,2014-05-20,[ 19:50 ],0,400
28551,2014-05-20,[ 19:51 ],0,394
28552,2014-05-20,[ 19:52 ],0,543
28553,2014-05-20,[ 19:53 ],0,488
28554,2014-05-20,[ 19:54 ],0,509
28555,2014-05-20,[ 19:55 ],0,473
28556,2014-05-20,[ 19:56 ],0,471
28557,2014-05-20,[ 19:57 ],0,462
28558,2014-05-20,[ 19:58 ],0,462
28559,2014-05-20,[ 19:59 ],0,464
28560,2014-05-20,[ 20:00 ],0,469
28561,2014-05-20,[ 20:01 ],0,471
28562,2014-05-20,[ 20:02 ],0,480
28563,2014-05-20,[ 20:03 ],0,481
28564,2014-05-20,[ 20:04 ],0,472
28565,2014-05-20,[ 20:05 ],0,463
28566,2014-05-20,[ 20:06 ],0,449
28567,2014-05-20,[ 20:07 ],0,473
28568,2014-05-20,[ 20:08 ],0,483
28569,2014-05-20,[ 20:09 ],0,455
28570,2014-05-20,[ 20:10 ],0,452
28571,2014-05-20,[ 20:11 ],0,449
28572,2014-05-20,[ 20:12 ],0,447
28573,2014-05-20,[ 20:13 ],0,502
28574,2014-05-20,[ 20:14 ],0,451
28575,2014-05-20,[ 20:15 ],0,453
28576,2014-05-20,[ 20:16 ],0,450
28577,2014-05-20,[ 20:17 ],0,453
28578,2014-05-20,[ 20:18 ],0,459
28579,2014-05-20,[ 20:19 ],0,470
28580,2014-05-20,[ 20:20 ],0,474
28581,2014-05-20,[ 20:21 ],0,460
28582,2014-05-20,[ 20:22 ],0,471
28583,2014-05-20,[ 20:23 ],0,459
28584,2014-05-20,[ 20:24 ],0,445
28585,2014-05-20,[ 20:25 ],0,447
28586,2014-05-20,[ 20:26 ],0,452
28587,2014-05-20,[ 20:27 ],0,455
28588,2014-05-20,[ 20:28 ],0,453
28589,2014-05-20,[ 20:29 ],0,449
28590,2014-05-20,[ 20:30 ],0,458
28591,2014-05-20,[ 20:31 ],0,469
28592,2014-05-20,[ 20:32 ],0,448
28593,2014-05-20,[ 20:33 ],0,456
28594,2014-05-20,[ 20:34 ],0,459
28595,2014-05-20,[ 20:35 ],0,471
28596,2014-05-20,[ 20:36 ],0,481
28597,2014-05-20,[ 20:37 ],0,481
28598,2014-05-20,[ 20:38 ],0,462
28599,2014-05-20,[ 20:39 ],0,460
28600,2014-05-20,[ 20:40 ],0,463
28601,2014-05-20,[ 20:41 ],0,468
28602,2014-05-20,[ 20:42 ],0,471
28603,2014-05-20,[ 20:43 ],0,457
28604,2014-05-20,[ 20:44 ],0,463
28605,2014-05-20,[ 20:45 ],0,468
28606,2014-05-20,[ 20:46 ],0,481
28607,2014-05-20,[ 20:47 ],0,473
28608,2014-05-20,[ 20:48 ],0,394
28609,2014-05-20,[ 20:49 ],0,376
28610,2014-05-20,[ 20:50 ],0,380
28611,2014-05-20,[ 20:51 ],0,371
28612,2014-05-20,[ 20:52 ],0,376
28613,2014-05-20,[ 20:53 ],0,372
28614,2014-05-20,[ 20:54 ],0,368
28615,2014-05-20,[ 20:55 ],0,372
28616,2014-05-20,[ 20:56 ],0,372
28617,2014-05-20,[ 20:57 ],0,371
28618,2014-05-20,[ 20:58 ],0,404
28619,2014-05-20,[ 20:59 ],0,405
28620,2014-05-20,[ 21:00 ],0,406
28621,2014-05-20,[ 21:01 ],0,402
28622,2014-05-20,[ 21:02 ],0,407
28623,2014-05-20,[ 21:03 ],0,404
28624,2014-05-20,[ 21:04 ],0,400
28625,2014-05-20,[ 21:05 ],0,398
28626,2014-05-20,[ 21:06 ],0,401
28627,2014-05-20,[ 21:07 ],0,298
28628,2014-05-20,[ 21:08 ],0,225
28629,2014-05-20,[ 21:09 ],0,237
28630,2014-05-20,[ 21:10 ],0,250
28631,2014-05-20,[ 21:11 ],0,232
28632,2014-05-20,[ 21:12 ],0,251
28633,2014-05-20,[ 21:13 ],0,262
28634,2014-05-20,[ 21:14 ],0,315
28635,2014-05-20,[ 21:15 ],0,333
28636,2014-05-20,[ 21:16 ],0,326
28637,2014-05-20,[ 21:17 ],0,326
28638,2014-05-20,[ 21:18 ],0,327
28639,2014-05-20,[ 21:19 ],0,320
28640,2014-05-20,[ 21:20 ],0,256
28641,2014-05-20,[ 21:21 ],0,256
28642,2014-05-20,[ 21:22 ],0,269
28643,2014-05-20,[ 21:23 ],0,269
28644,2014-05-20,[ 21:24 ],0,241
28645,2014-05-20,[ 21:25 ],0,241
28646,2014-05-20,[ 21:26 ],0,238
28647,2014-05-20,[ 21:27 ],0,174
28648,2014-05-20,[ 21:28 ],0,176
28649,2014-05-20,[ 21:29 ],0,175
28650,2014-05-20,[ 21:30 ],0,174
28651,2014-05-20,[ 21:31 ],0,175
28652,2014-05-20,[ 21:32 ],0,177
28653,2014-05-20,[ 21:33 ],0,177
28654,2014-05-20,[ 21:34 ],0,176
28655,2014-05-20,[ 21:35 ],0,178
28656,2014-05-20,[ 21:36 ],0,177
28657,2014-05-20,[ 21:37 ],0,177
28658,2014-05-20,[ 21:38 ],0,174
28659,2014-05-20,[ 21:39 ],0,169
28660,2014-05-20,[ 21:40 ],0,167
28661,2014-05-20,[ 21:41 ],0,169
28662,2014-05-20,[ 21:42 ],0,171
28663,2014-05-20,[ 21:43 ],0,171
28664,2014-05-20,[ 21:44 ],0,170
28665,2014-05-20,[ 21:45 ],0,168
28666,2014-05-20,[ 21:46 ],0,170
28667,2014-05-20,[ 21:47 ],0,167
28668,2014-05-20,[ 21:48 ],0,168
28669,2014-05-20,[ 21:49 ],0,168
28670,2014-05-20,[ 21:50 ],0,167
28671,2014-05-20,[ 21:51 ],0,167
28672,2014-05-20,[ 21:52 ],0,168
28673,2014-05-20,[ 21:53 ],0,169
28674,2014-05-20,[ 21:54 ],0,167
28675,2014-05-20,[ 21:55 ],0,168
28676,2014-05-20,[ 21:56 ],0,169
28677,2014-05-20,[ 21:57 ],0,169
28678,2014-05-20,[ 21:58 ],0,169
28679,2014-05-20,[ 21:59 ],0,168
28680,2014-05-20,[ 22:00 ],0,169
28681,2014-05-20,[ 22:01 ],0,171
28682,2014-05-20,[ 22:02 ],0,171
28683,2014-05-20,[ 22:03 ],0,170
28684,2014-05-20,[ 22:04 ],0,170
28685,2014-05-20,[ 22:05 ],0,171
28686,2014-05-20,[ 22:06 ],0,170
28687,2014-05-20,[ 22:07 ],0,168
28688,2014-05-20,[ 22:08 ],0,168
28689,2014-05-20,[ 22:09 ],0,168
28690,2014-05-20,[ 22:10 ],0,232
28691,2014-05-20,[ 22:11 ],0,226
28692,2014-05-20,[ 22:12 ],0,225
28693,2014-05-20,[ 22:13 ],0,225
28694,2014-05-20,[ 22:14 ],0,224
28695,2014-05-20,[ 22:15 ],0,222
28696,2014-05-20,[ 22:16 ],0,221
28697,2014-05-20,[ 22:17 ],0,223
28698,2014-05-20,[ 22:18 ],0,223
28699,2014-05-20,[ 22:19 ],0,219
28700,2014-05-20,[ 22:20 ],0,218
28701,2014-05-20,[ 22:21 ],0,217
28702,2014-05-20,[ 22:22 ],0,166
28703,2014-05-20,[ 22:23 ],0,167
28704,2014-05-20,[ 22:24 ],0,166
28705,2014-05-20,[ 22:25 ],0,167
28706,2014-05-20,[ 22:26 ],0,166
28707,2014-05-20,[ 22:27 ],0,166
28708,2014-05-20,[ 22:28 ],0,165
28709,2014-05-20,[ 22:29 ],0,165
28710,2014-05-20,[ 22:30 ],0,163
28711,2014-05-20,[ 22:31 ],0,167
28712,2014-05-20,[ 22:32 ],0,166
28713,2014-05-20,[ 22:33 ],0,217
28714,2014-05-20,[ 22:34 ],0,219
28715,2014-05-20,[ 22:35 ],0,222
28716,2014-05-20,[ 22:36 ],0,221
28717,2014-05-20,[ 22:37 ],0,219
28718,2014-05-20,[ 22:38 ],0,224
28719,2014-05-20,[ 22:39 ],0,225
28720,2014-05-20,[ 22:40 ],0,225
28721,2014-05-20,[ 22:41 ],0,225
28722,2014-05-20,[ 22:42 ],0,222
28723,2014-05-20,[ 22:43 ],0,222
28724,2014-05-20,[ 22:44 ],0,224
28725,2014-05-20,[ 22:45 ],0,224
28726,2014-05-20,[ 22:46 ],0,224
28727,2014-05-20,[ 22:47 ],0,222
28728,2014-05-20,[ 22:48 ],0,227
28729,2014-05-20,[ 22:49 ],0,225
28730,2014-05-20,[ 22:50 ],0,223
28731,2014-05-20,[ 22:51 ],0,224
28732,2014-05-20,[ 22:52 ],0,224
28733,2014-05-20,[ 22:53 ],0,223
28734,2014-05-20,[ 22:54 ],0,223
28735,2014-05-20,[ 22:55 ],0,224
28736,2014-05-20,[ 22:56 ],0,225
28737,2014-05-20,[ 22:57 ],0,224
28738,2014-05-20,[ 22:58 ],0,225
28739,2014-05-20,[ 22:59 ],0,225
28740,2014-05-20,[ 23:00 ],0,228
28741,2014-05-20,[ 23:01 ],0,226
28742,2014-05-20,[ 23:02 ],0,227
28743,2014-05-20,[ 23:03 ],0,227
28744,2014-05-20,[ 23:04 ],0,225
28745,2014-05-20,[ 23:05 ],0,223
28746,2014-05-20,[ 23:06 ],0,223
28747,2014-05-20,[ 23:07 ],0,222
28748,2014-05-20,[ 23:08 ],0,221
28749,2014-05-20,[ 23:09 ],0,221
28750,2014-05-20,[ 23:10 ],0,221
28751,2014-05-20,[ 23:11 ],0,221
28752,2014-05-20,[ 23:12 ],0,223
28753,2014-05-20,[ 23:13 ],0,302
28754,2014-05-20,[ 23:14 ],0,287
28755,2014-05-20,[ 23:15 ],0,287
28756,2014-05-20,[ 23:16 ],0,286
28757,2014-05-20,[ 23:17 ],0,284
28758,2014-05-20,[ 23:18 ],0,286
28759,2014-05-20,[ 23:19 ],0,286
28760,2014-05-20,[ 23:20 ],0,284
28761,2014-05-20,[ 23:21 ],0,283
28762,2014-05-20,[ 23:22 ],0,278
28763,2014-05-20,[ 23:23 ],0,270
28764,2014-05-20,[ 23:24 ],0,210
28765,2014-05-20,[ 23:25 ],0,212
28766,2014-05-20,[ 23:26 ],0,211
28767,2014-05-20,[ 23:27 ],0,210
28768,2014-05-20,[ 23:28 ],0,210
28769,2014-05-20,[ 23:29 ],0,212
28770,2014-05-20,[ 23:30 ],0,212
28771,2014-05-20,[ 23:31 ],0,211
28772,2014-05-20,[ 23:32 ],0,211
28773,2014-05-20,[ 23:33 ],0,210
28774,2014-05-20,[ 23:34 ],0,210
28775,2014-05-20,[ 23:35 ],0,210
28776,2014-05-20,[ 23:36 ],0,210
28777,2014-05-20,[ 23:37 ],0,210
28778,2014-05-20,[ 23:38 ],0,210
28779,2014-05-20,[ 23:39 ],0,210
28780,2014-05-20,[ 23:40 ],0,210
28781,2014-05-20,[ 23:41 ],0,208
28782,2014-05-20,[ 23:42 ],0,207
28783,2014-05-20,[ 23:43 ],0,206
28784,2014-05-20,[ 23:44 ],0,208
28785,2014-05-20,[ 23:45 ],0,206
28786,2014-05-20,[ 23:46 ],0,207
28787,2014-05-20,[ 23:47 ],0,210
28788,2014-05-20,[ 23:48 ],0,208
28789,2014-05-20,[ 23:49 ],0,210
28790,2014-05-20,[ 23:50 ],0,208
28791,2014-05-20,[ 23:51 ],0,207
28792,2014-05-20,[ 23:52 ],0,206
28793,2014-05-20,[ 23:53 ],0,207
28794,2014-05-20,[ 23:54 ],0,207
28795,2014-05-20,[ 23:55 ],0,208
28796,2014-05-20,[ 23:56 ],0,208
28797,2014-05-20,[ 23:57 ],0,206
28798,2014-05-20,[ 23:58 ],0,288
28799,2014-05-20,[ 23:59 ],0,277
28800,2014-05-21,[ 00:00 ],0,293
28801,2014-05-21,[ 00:01 ],0,292
28802,2014-05-21,[ 00:02 ],0,282
28803,2014-05-21,[ 00:03 ],0,281
28804,2014-05-21,[ 00:04 ],0,281
28805,2014-05-21,[ 00:05 ],0,281
28806,2014-05-21,[ 00:06 ],0,277
28807,2014-05-21,[ 00:07 ],0,278
28808,2014-05-21,[ 00:08 ],0,277
28809,2014-05-21,[ 00:09 ],0,275
28810,2014-05-21,[ 00:10 ],0,213
28811,2014-05-21,[ 00:11 ],0,213
28812,2014-05-21,[ 00:12 ],0,206
28813,2014-05-21,[ 00:13 ],0,207
28814,2014-05-21,[ 00:14 ],0,207
28815,2014-05-21,[ 00:15 ],0,206
28816,2014-05-21,[ 00:16 ],0,208
28817,2014-05-21,[ 00:17 ],0,208
28818,2014-05-21,[ 00:18 ],0,206
28819,2014-05-21,[ 00:19 ],0,207
28820,2014-05-21,[ 00:20 ],0,207
28821,2014-05-21,[ 00:21 ],0,206
28822,2014-05-21,[ 00:22 ],0,207
28823,2014-05-21,[ 00:23 ],0,221
28824,2014-05-21,[ 00:24 ],0,156
28825,2014-05-21,[ 00:25 ],0,156
28826,2014-05-21,[ 00:26 ],0,157
28827,2014-05-21,[ 00:27 ],0,157
28828,2014-05-21,[ 00:28 ],0,160
28829,2014-05-21,[ 00:29 ],0,156
28830,2014-05-21,[ 00:30 ],0,156
28831,2014-05-21,[ 00:31 ],0,157
28832,2014-05-21,[ 00:32 ],0,156
28833,2014-05-21,[ 00:33 ],0,157
28834,2014-05-21,[ 00:34 ],0,157
28835,2014-05-21,[ 00:35 ],0,157
28836,2014-05-21,[ 00:36 ],0,156
28837,2014-05-21,[ 00:37 ],0,156
28838,2014-05-21,[ 00:38 ],0,156
28839,2014-05-21,[ 00:39 ],0,159
28840,2014-05-21,[ 00:40 ],0,157
28841,2014-05-21,[ 00:41 ],0,157
28842,2014-05-21,[ 00:42 ],0,156
28843,2014-05-21,[ 00:43 ],0,156
28844,2014-05-21,[ 00:44 ],0,157
28845,2014-05-21,[ 00:45 ],0,158
28846,2014-05-21,[ 00:46 ],0,159
28847,2014-05-21,[ 00:47 ],0,157
28848,2014-05-21,[ 00:48 ],0,156
28849,2014-05-21,[ 00:49 ],0,158
28850,2014-05-21,[ 00:50 ],0,158
28851,2014-05-21,[ 00:51 ],0,158
28852,2014-05-21,[ 00:52 ],0,158
28853,2014-05-21,[ 00:53 ],0,159
28854,2014-05-21,[ 00:54 ],0,158
28855,2014-05-21,[ 00:55 ],0,157
28856,2014-05-21,[ 00:56 ],0,236
28857,2014-05-21,[ 00:57 ],0,218
28858,2014-05-21,[ 00:58 ],0,215
28859,2014-05-21,[ 00:59 ],0,216
28860,2014-05-21,[ 01:00 ],0,215
28861,2014-05-21,[ 01:01 ],0,216
28862,2014-05-21,[ 01:02 ],0,213
28863,2014-05-21,[ 01:03 ],0,215
28864,2014-05-21,[ 01:04 ],0,215
28865,2014-05-21,[ 01:05 ],0,212
28866,2014-05-21,[ 01:06 ],0,213
28867,2014-05-21,[ 01:07 ],0,212
28868,2014-05-21,[ 01:08 ],0,156
28869,2014-05-21,[ 01:09 ],0,157
28870,2014-05-21,[ 01:10 ],0,157
28871,2014-05-21,[ 01:11 ],0,157
28872,2014-05-21,[ 01:12 ],0,156
28873,2014-05-21,[ 01:13 ],0,156
28874,2014-05-21,[ 01:14 ],0,156
28875,2014-05-21,[ 01:15 ],0,155
28876,2014-05-21,[ 01:16 ],0,154
28877,2014-05-21,[ 01:17 ],0,154
28878,2014-05-21,[ 01:18 ],0,156
28879,2014-05-21,[ 01:19 ],0,156
28880,2014-05-21,[ 01:20 ],0,156
28881,2014-05-21,[ 01:21 ],0,156
28882,2014-05-21,[ 01:22 ],0,156
28883,2014-05-21,[ 01:23 ],0,156
28884,2014-05-21,[ 01:24 ],0,156
28885,2014-05-21,[ 01:25 ],0,156
28886,2014-05-21,[ 01:26 ],0,211
28887,2014-05-21,[ 01:27 ],0,217
28888,2014-05-21,[ 01:28 ],0,217
28889,2014-05-21,[ 01:29 ],0,213
28890,2014-05-21,[ 01:30 ],0,214
28891,2014-05-21,[ 01:31 ],0,214
28892,2014-05-21,[ 01:32 ],0,218
28893,2014-05-21,[ 01:33 ],0,216
28894,2014-05-21,[ 01:34 ],0,216
28895,2014-05-21,[ 01:35 ],0,216
28896,2014-05-21,[ 01:36 ],0,215
28897,2014-05-21,[ 01:37 ],0,213
28898,2014-05-21,[ 01:38 ],0,214
28899,2014-05-21,[ 01:39 ],0,215
28900,2014-05-21,[ 01:40 ],0,217
28901,2014-05-21,[ 01:41 ],0,214
28902,2014-05-21,[ 01:42 ],0,214
28903,2014-05-21,[ 01:43 ],0,215
28904,2014-05-21,[ 01:44 ],0,216
28905,2014-05-21,[ 01:45 ],0,214
28906,2014-05-21,[ 01:46 ],0,216
28907,2014-05-21,[ 01:47 ],0,216
28908,2014-05-21,[ 01:48 ],0,213
28909,2014-05-21,[ 01:49 ],0,216
28910,2014-05-21,[ 01:50 ],0,213
28911,2014-05-21,[ 01:51 ],0,215
28912,2014-05-21,[ 01:52 ],0,214
28913,2014-05-21,[ 01:53 ],0,214
28914,2014-05-21,[ 01:54 ],0,217
28915,2014-05-21,[ 01:55 ],0,214
28916,2014-05-21,[ 01:56 ],0,216
28917,2014-05-21,[ 01:57 ],0,216
28918,2014-05-21,[ 01:58 ],0,215
28919,2014-05-21,[ 01:59 ],0,213
28920,2014-05-21,[ 02:00 ],0,215
28921,2014-05-21,[ 02:01 ],0,216
28922,2014-05-21,[ 02:02 ],0,215
28923,2014-05-21,[ 02:03 ],0,215
28924,2014-05-21,[ 02:04 ],0,216
28925,2014-05-21,[ 02:05 ],0,216
28926,2014-05-21,[ 02:06 ],0,215
28927,2014-05-21,[ 02:07 ],0,214
28928,2014-05-21,[ 02:08 ],0,214
28929,2014-05-21,[ 02:09 ],0,213
28930,2014-05-21,[ 02:10 ],0,213
28931,2014-05-21,[ 02:11 ],0,215
28932,2014-05-21,[ 02:12 ],0,214
28933,2014-05-21,[ 02:13 ],0,212
28934,2014-05-21,[ 02:14 ],0,211
28935,2014-05-21,[ 02:15 ],0,203
28936,2014-05-21,[ 02:16 ],0,155
28937,2014-05-21,[ 02:17 ],0,157
28938,2014-05-21,[ 02:18 ],0,156
28939,2014-05-21,[ 02:19 ],0,156
28940,2014-05-21,[ 02:20 ],0,156
28941,2014-05-21,[ 02:21 ],0,156
28942,2014-05-21,[ 02:22 ],0,158
28943,2014-05-21,[ 02:23 ],0,159
28944,2014-05-21,[ 02:24 ],0,157
28945,2014-05-21,[ 02:25 ],0,156
28946,2014-05-21,[ 02:26 ],0,155
28947,2014-05-21,[ 02:27 ],0,160
28948,2014-05-21,[ 02:28 ],0,163
28949,2014-05-21,[ 02:29 ],0,163
28950,2014-05-21,[ 02:30 ],0,162
28951,2014-05-21,[ 02:31 ],0,162
28952,2014-05-21,[ 02:32 ],0,163
28953,2014-05-21,[ 02:33 ],0,163
28954,2014-05-21,[ 02:34 ],0,163
28955,2014-05-21,[ 02:35 ],0,163
28956,2014-05-21,[ 02:36 ],0,163
28957,2014-05-21,[ 02:37 ],0,162
28958,2014-05-21,[ 02:38 ],0,162
28959,2014-05-21,[ 02:39 ],0,162
28960,2014-05-21,[ 02:40 ],0,161
28961,2014-05-21,[ 02:41 ],0,160
28962,2014-05-21,[ 02:42 ],0,161
28963,2014-05-21,[ 02:43 ],0,155
28964,2014-05-21,[ 02:44 ],0,156
28965,2014-05-21,[ 02:45 ],0,156
28966,2014-05-21,[ 02:46 ],0,157
28967,2014-05-21,[ 02:47 ],0,157
28968,2014-05-21,[ 02:48 ],0,156
28969,2014-05-21,[ 02:49 ],0,156
28970,2014-05-21,[ 02:50 ],0,156
28971,2014-05-21,[ 02:51 ],0,227
28972,2014-05-21,[ 02:52 ],0,214
28973,2014-05-21,[ 02:53 ],0,212
28974,2014-05-21,[ 02:54 ],0,212
28975,2014-05-21,[ 02:55 ],0,214
28976,2014-05-21,[ 02:56 ],0,212
28977,2014-05-21,[ 02:57 ],0,211
28978,2014-05-21,[ 02:58 ],0,208
28979,2014-05-21,[ 02:59 ],0,212
28980,2014-05-21,[ 03:00 ],0,213
28981,2014-05-21,[ 03:01 ],0,210
28982,2014-05-21,[ 03:02 ],0,208
28983,2014-05-21,[ 03:03 ],0,159
28984,2014-05-21,[ 03:04 ],0,160
28985,2014-05-21,[ 03:05 ],0,158
28986,2014-05-21,[ 03:06 ],0,157
28987,2014-05-21,[ 03:07 ],0,157
28988,2014-05-21,[ 03:08 ],0,158
28989,2014-05-21,[ 03:09 ],0,156
28990,2014-05-21,[ 03:10 ],0,158
28991,2014-05-21,[ 03:11 ],0,157
28992,2014-05-21,[ 03:12 ],0,157
28993,2014-05-21,[ 03:13 ],0,156
28994,2014-05-21,[ 03:14 ],0,158
28995,2014-05-21,[ 03:15 ],0,157
28996,2014-05-21,[ 03:16 ],0,156
28997,2014-05-21,[ 03:17 ],0,156
28998,2014-05-21,[ 03:18 ],0,156
28999,2014-05-21,[ 03:19 ],0,156
29000,2014-05-21,[ 03:20 ],0,156
29001,2014-05-21,[ 03:21 ],0,155
29002,2014-05-21,[ 03:22 ],0,155
29003,2014-05-21,[ 03:23 ],0,155
29004,2014-05-21,[ 03:24 ],0,155
29005,2014-05-21,[ 03:25 ],0,154
29006,2014-05-21,[ 03:26 ],0,156
29007,2014-05-21,[ 03:27 ],0,155
29008,2014-05-21,[ 03:28 ],0,155
29009,2014-05-21,[ 03:29 ],0,156
29010,2014-05-21,[ 03:30 ],0,155
29011,2014-05-21,[ 03:31 ],0,156
29012,2014-05-21,[ 03:32 ],0,154
29013,2014-05-21,[ 03:33 ],0,155
29014,2014-05-21,[ 03:34 ],0,155
29015,2014-05-21,[ 03:35 ],0,155
29016,2014-05-21,[ 03:36 ],0,156
29017,2014-05-21,[ 03:37 ],0,155
29018,2014-05-21,[ 03:38 ],0,156
29019,2014-05-21,[ 03:39 ],0,156
29020,2014-05-21,[ 03:40 ],0,156
29021,2014-05-21,[ 03:41 ],0,154
29022,2014-05-21,[ 03:42 ],0,156
29023,2014-05-21,[ 03:43 ],0,156
29024,2014-05-21,[ 03:44 ],0,155
29025,2014-05-21,[ 03:45 ],0,155
29026,2014-05-21,[ 03:46 ],0,155
29027,2014-05-21,[ 03:47 ],0,154
29028,2014-05-21,[ 03:48 ],0,155
29029,2014-05-21,[ 03:49 ],0,155
29030,2014-05-21,[ 03:50 ],0,941
29031,2014-05-21,[ 03:51 ],0,214
29032,2014-05-21,[ 03:52 ],0,214
29033,2014-05-21,[ 03:53 ],0,214
29034,2014-05-21,[ 03:54 ],0,213
29035,2014-05-21,[ 03:55 ],0,210
29036,2014-05-21,[ 03:56 ],0,210
29037,2014-05-21,[ 03:57 ],0,207
29038,2014-05-21,[ 03:58 ],0,212
29039,2014-05-21,[ 03:59 ],0,208
29040,2014-05-21,[ 04:00 ],0,208
29041,2014-05-21,[ 04:01 ],0,208
29042,2014-05-21,[ 04:02 ],0,156
29043,2014-05-21,[ 04:03 ],0,156
29044,2014-05-21,[ 04:04 ],0,155
29045,2014-05-21,[ 04:05 ],0,156
29046,2014-05-21,[ 04:06 ],0,155
29047,2014-05-21,[ 04:07 ],0,153
29048,2014-05-21,[ 04:08 ],0,155
29049,2014-05-21,[ 04:09 ],0,155
29050,2014-05-21,[ 04:10 ],0,155
29051,2014-05-21,[ 04:11 ],0,156
29052,2014-05-21,[ 04:12 ],0,156
29053,2014-05-21,[ 04:13 ],0,156
29054,2014-05-21,[ 04:14 ],0,156
29055,2014-05-21,[ 04:15 ],0,156
29056,2014-05-21,[ 04:16 ],0,156
29057,2014-05-21,[ 04:17 ],0,156
29058,2014-05-21,[ 04:18 ],0,156
29059,2014-05-21,[ 04:19 ],0,156
29060,2014-05-21,[ 04:20 ],0,156
29061,2014-05-21,[ 04:21 ],0,156
29062,2014-05-21,[ 04:22 ],0,153
29063,2014-05-21,[ 04:23 ],0,155
29064,2014-05-21,[ 04:24 ],0,155
29065,2014-05-21,[ 04:25 ],0,1096
29066,2014-05-21,[ 04:26 ],0,216
29067,2014-05-21,[ 04:27 ],0,210
29068,2014-05-21,[ 04:28 ],0,212
29069,2014-05-21,[ 04:29 ],0,213
29070,2014-05-21,[ 04:30 ],0,215
29071,2014-05-21,[ 04:31 ],0,215
29072,2014-05-21,[ 04:32 ],0,213
29073,2014-05-21,[ 04:33 ],0,214
29074,2014-05-21,[ 04:34 ],0,213
29075,2014-05-21,[ 04:35 ],0,212
29076,2014-05-21,[ 04:36 ],0,211
29077,2014-05-21,[ 04:37 ],0,210
29078,2014-05-21,[ 04:38 ],0,210
29079,2014-05-21,[ 04:39 ],0,213
29080,2014-05-21,[ 04:40 ],0,213
29081,2014-05-21,[ 04:41 ],0,213
29082,2014-05-21,[ 04:42 ],0,212
29083,2014-05-21,[ 04:43 ],0,212
29084,2014-05-21,[ 04:44 ],0,215
29085,2014-05-21,[ 04:45 ],0,211
29086,2014-05-21,[ 04:46 ],0,215
29087,2014-05-21,[ 04:47 ],0,214
29088,2014-05-21,[ 04:48 ],0,214
29089,2014-05-21,[ 04:49 ],0,215
29090,2014-05-21,[ 04:50 ],0,214
29091,2014-05-21,[ 04:51 ],0,212
29092,2014-05-21,[ 04:52 ],0,214
29093,2014-05-21,[ 04:53 ],0,214
29094,2014-05-21,[ 04:54 ],0,215
29095,2014-05-21,[ 04:55 ],0,213
29096,2014-05-21,[ 04:56 ],0,215
29097,2014-05-21,[ 04:57 ],0,214
29098,2014-05-21,[ 04:58 ],0,213
29099,2014-05-21,[ 04:59 ],0,212
29100,2014-05-21,[ 05:00 ],0,216
29101,2014-05-21,[ 05:01 ],0,215
29102,2014-05-21,[ 05:02 ],0,214
29103,2014-05-21,[ 05:03 ],0,215
29104,2014-05-21,[ 05:04 ],0,216
29105,2014-05-21,[ 05:05 ],0,214
29106,2014-05-21,[ 05:06 ],0,211
29107,2014-05-21,[ 05:07 ],0,211
29108,2014-05-21,[ 05:08 ],0,211
29109,2014-05-21,[ 05:09 ],0,213
29110,2014-05-21,[ 05:10 ],0,211
29111,2014-05-21,[ 05:11 ],0,211
29112,2014-05-21,[ 05:12 ],0,207
29113,2014-05-21,[ 05:13 ],0,204
29114,2014-05-21,[ 05:14 ],0,154
29115,2014-05-21,[ 05:15 ],0,156
29116,2014-05-21,[ 05:16 ],0,156
29117,2014-05-21,[ 05:17 ],0,156
29118,2014-05-21,[ 05:18 ],0,155
29119,2014-05-21,[ 05:19 ],0,155
29120,2014-05-21,[ 05:20 ],0,158
29121,2014-05-21,[ 05:21 ],0,156
29122,2014-05-21,[ 05:22 ],0,155
29123,2014-05-21,[ 05:23 ],0,156
29124,2014-05-21,[ 05:24 ],0,153
29125,2014-05-21,[ 05:25 ],0,156
29126,2014-05-21,[ 05:26 ],0,154
29127,2014-05-21,[ 05:27 ],0,154
29128,2014-05-21,[ 05:28 ],0,154
29129,2014-05-21,[ 05:29 ],0,156
29130,2014-05-21,[ 05:30 ],0,156
29131,2014-05-21,[ 05:31 ],0,155
29132,2014-05-21,[ 05:32 ],0,155
29133,2014-05-21,[ 05:33 ],0,153
29134,2014-05-21,[ 05:34 ],0,155
29135,2014-05-21,[ 05:35 ],0,153
29136,2014-05-21,[ 05:36 ],0,155
29137,2014-05-21,[ 05:37 ],0,154
29138,2014-05-21,[ 05:38 ],0,155
29139,2014-05-21,[ 05:39 ],0,156
29140,2014-05-21,[ 05:40 ],0,156
29141,2014-05-21,[ 05:41 ],0,153
29142,2014-05-21,[ 05:42 ],0,154
29143,2014-05-21,[ 05:43 ],0,154
29144,2014-05-21,[ 05:44 ],0,152
29145,2014-05-21,[ 05:45 ],0,153
29146,2014-05-21,[ 05:46 ],0,153
29147,2014-05-21,[ 05:47 ],0,152
29148,2014-05-21,[ 05:48 ],0,156
29149,2014-05-21,[ 05:49 ],0,155
29150,2014-05-21,[ 05:50 ],0,867
29151,2014-05-21,[ 05:51 ],0,210
29152,2014-05-21,[ 05:52 ],0,213
29153,2014-05-21,[ 05:53 ],0,210
29154,2014-05-21,[ 05:54 ],0,211
29155,2014-05-21,[ 05:55 ],0,206
29156,2014-05-21,[ 05:56 ],0,208
29157,2014-05-21,[ 05:57 ],0,210
29158,2014-05-21,[ 05:58 ],0,206
29159,2014-05-21,[ 05:59 ],0,210
29160,2014-05-21,[ 06:00 ],0,210
29161,2014-05-21,[ 06:01 ],0,212
29162,2014-05-21,[ 06:02 ],0,158
29163,2014-05-21,[ 06:03 ],0,161
29164,2014-05-21,[ 06:04 ],0,161
29165,2014-05-21,[ 06:05 ],0,158
29166,2014-05-21,[ 06:06 ],0,156
29167,2014-05-21,[ 06:07 ],0,156
29168,2014-05-21,[ 06:08 ],0,170
29169,2014-05-21,[ 06:09 ],0,171
29170,2014-05-21,[ 06:10 ],0,173
29171,2014-05-21,[ 06:11 ],0,173
29172,2014-05-21,[ 06:12 ],0,171
29173,2014-05-21,[ 06:13 ],0,168
29174,2014-05-21,[ 06:14 ],0,169
29175,2014-05-21,[ 06:15 ],0,169
29176,2014-05-21,[ 06:16 ],0,168
29177,2014-05-21,[ 06:17 ],0,171
29178,2014-05-21,[ 06:18 ],0,158
29179,2014-05-21,[ 06:19 ],0,157
29180,2014-05-21,[ 06:20 ],0,154
29181,2014-05-21,[ 06:21 ],0,158
29182,2014-05-21,[ 06:22 ],0,160
29183,2014-05-21,[ 06:23 ],0,159
29184,2014-05-21,[ 06:24 ],0,158
29185,2014-05-21,[ 06:25 ],0,158
29186,2014-05-21,[ 06:26 ],0,159
29187,2014-05-21,[ 06:27 ],0,157
29188,2014-05-21,[ 06:28 ],0,157
29189,2014-05-21,[ 06:29 ],0,160
29190,2014-05-21,[ 06:30 ],0,156
29191,2014-05-21,[ 06:31 ],0,158
29192,2014-05-21,[ 06:32 ],0,156
29193,2014-05-21,[ 06:33 ],0,156
29194,2014-05-21,[ 06:34 ],0,157
29195,2014-05-21,[ 06:35 ],0,159
29196,2014-05-21,[ 06:36 ],0,159
29197,2014-05-21,[ 06:37 ],0,151
29198,2014-05-21,[ 06:38 ],0,151
29199,2014-05-21,[ 06:39 ],0,154
29200,2014-05-21,[ 06:40 ],0,153
29201,2014-05-21,[ 06:41 ],0,155
29202,2014-05-21,[ 06:42 ],0,153
29203,2014-05-21,[ 06:43 ],0,152
29204,2014-05-21,[ 06:44 ],0,155
29205,2014-05-21,[ 06:45 ],0,915
29206,2014-05-21,[ 06:46 ],0,1466
29207,2014-05-21,[ 06:47 ],0,1380
29208,2014-05-21,[ 06:48 ],0,3914
29209,2014-05-21,[ 06:49 ],0,3116
29210,2014-05-21,[ 06:50 ],0,3951
29211,2014-05-21,[ 06:51 ],0,3887
29212,2014-05-21,[ 06:52 ],0,2767
29213,2014-05-21,[ 06:53 ],0,3918
29214,2014-05-21,[ 06:54 ],0,3880
29215,2014-05-21,[ 06:55 ],0,3889
29216,2014-05-21,[ 06:56 ],0,3899
29217,2014-05-21,[ 06:57 ],0,2740
29218,2014-05-21,[ 06:58 ],0,2742
29219,2014-05-21,[ 06:59 ],0,2563
29220,2014-05-21,[ 07:00 ],0,2641
29221,2014-05-21,[ 07:01 ],0,2484
29222,2014-05-21,[ 07:02 ],0,2603
29223,2014-05-21,[ 07:03 ],0,2607
29224,2014-05-21,[ 07:04 ],0,2149
29225,2014-05-21,[ 07:05 ],0,1011
29226,2014-05-21,[ 07:06 ],0,924
29227,2014-05-21,[ 07:07 ],0,911
29228,2014-05-21,[ 07:08 ],0,912
29229,2014-05-21,[ 07:09 ],0,5046
29230,2014-05-21,[ 07:10 ],0,5046
29231,2014-05-21,[ 07:11 ],0,2381
29232,2014-05-21,[ 07:12 ],0,909
29233,2014-05-21,[ 07:13 ],0,962
29234,2014-05-21,[ 07:14 ],0,971
29235,2014-05-21,[ 07:15 ],0,954
29236,2014-05-21,[ 07:16 ],0,2627
29237,2014-05-21,[ 07:17 ],0,2580
29238,2014-05-21,[ 07:18 ],0,1096
29239,2014-05-21,[ 07:19 ],0,949
29240,2014-05-21,[ 07:20 ],0,1188
29241,2014-05-21,[ 07:21 ],0,952
29242,2014-05-21,[ 07:22 ],0,2464
29243,2014-05-21,[ 07:23 ],0,2528
29244,2014-05-21,[ 07:24 ],0,1127
29245,2014-05-21,[ 07:25 ],0,946
29246,2014-05-21,[ 07:26 ],0,1092
29247,2014-05-21,[ 07:27 ],0,1092
29248,2014-05-21,[ 07:28 ],0,1394
29249,2014-05-21,[ 07:29 ],0,1063
29250,2014-05-21,[ 07:30 ],0,960
29251,2014-05-21,[ 07:31 ],0,1216
29252,2014-05-21,[ 07:32 ],0,1030
29253,2014-05-21,[ 07:33 ],0,1403
29254,2014-05-21,[ 07:34 ],0,1003
29255,2014-05-21,[ 07:35 ],0,1041
29256,2014-05-21,[ 07:36 ],0,1085
29257,2014-05-21,[ 07:37 ],0,1210
29258,2014-05-21,[ 07:38 ],0,961
29259,2014-05-21,[ 07:39 ],0,774
29260,2014-05-21,[ 07:40 ],0,726
29261,2014-05-21,[ 07:41 ],0,2232
29262,2014-05-21,[ 07:42 ],0,2232
29263,2014-05-21,[ 07:43 ],0,2432
29264,2014-05-21,[ 07:44 ],0,2432
29265,2014-05-21,[ 07:45 ],0,1209
29266,2014-05-21,[ 07:46 ],0,876
29267,2014-05-21,[ 07:47 ],0,678
29268,2014-05-21,[ 07:48 ],0,918
29269,2014-05-21,[ 07:49 ],0,1019
29270,2014-05-21,[ 07:50 ],0,1040
29271,2014-05-21,[ 07:51 ],0,1132
29272,2014-05-21,[ 07:52 ],0,1347
29273,2014-05-21,[ 07:53 ],0,1907
29274,2014-05-21,[ 07:54 ],0,1819
29275,2014-05-21,[ 07:55 ],0,840
29276,2014-05-21,[ 07:56 ],0,914
29277,2014-05-21,[ 07:57 ],0,819
29278,2014-05-21,[ 07:58 ],0,837
29279,2014-05-21,[ 07:59 ],0,774
29280,2014-05-21,[ 08:00 ],0,865
29281,2014-05-21,[ 08:01 ],0,916
29282,2014-05-21,[ 08:02 ],0,1210
29283,2014-05-21,[ 08:03 ],0,1128
29284,2014-05-21,[ 08:04 ],0,1911
29285,2014-05-21,[ 08:05 ],0,1556
29286,2014-05-21,[ 08:06 ],0,1288
29287,2014-05-21,[ 08:07 ],0,912
29288,2014-05-21,[ 08:08 ],0,576
29289,2014-05-21,[ 08:09 ],0,499
29290,2014-05-21,[ 08:10 ],0,1269
29291,2014-05-21,[ 08:11 ],0,842
29292,2014-05-21,[ 08:12 ],0,772
29293,2014-05-21,[ 08:13 ],0,771
29294,2014-05-21,[ 08:14 ],0,657
29295,2014-05-21,[ 08:15 ],0,902
29296,2014-05-21,[ 08:16 ],0,904
29297,2014-05-21,[ 08:17 ],0,886
29298,2014-05-21,[ 08:18 ],0,873
29299,2014-05-21,[ 08:19 ],0,555
29300,2014-05-21,[ 08:20 ],0,476
29301,2014-05-21,[ 08:21 ],0,426
29302,2014-05-21,[ 08:22 ],0,506
29303,2014-05-21,[ 08:23 ],0,506
29304,2014-05-21,[ 08:24 ],0,509
29305,2014-05-21,[ 08:25 ],0,2130
29306,2014-05-21,[ 08:26 ],0,2051
29307,2014-05-21,[ 08:27 ],0,437
29308,2014-05-21,[ 08:28 ],0,355
29309,2014-05-21,[ 08:29 ],0,356
29310,2014-05-21,[ 08:30 ],0,355
29311,2014-05-21,[ 08:31 ],0,356
29312,2014-05-21,[ 08:32 ],0,357
29313,2014-05-21,[ 08:33 ],0,361
29314,2014-05-21,[ 08:34 ],0,363
29315,2014-05-21,[ 08:35 ],0,359
29316,2014-05-21,[ 08:36 ],0,363
29317,2014-05-21,[ 08:37 ],0,366
29318,2014-05-21,[ 08:38 ],0,459
29319,2014-05-21,[ 08:39 ],0,356
29320,2014-05-21,[ 08:40 ],0,445
29321,2014-05-21,[ 08:41 ],0,2795
29322,2014-05-21,[ 08:42 ],0,2803
29323,2014-05-21,[ 08:43 ],0,2803
29324,2014-05-21,[ 08:44 ],0,2821
29325,2014-05-21,[ 08:45 ],0,2821
29326,2014-05-21,[ 08:46 ],0,2801
29327,2014-05-21,[ 08:47 ],0,2791
29328,2014-05-21,[ 08:48 ],0,2802
29329,2014-05-21,[ 08:49 ],0,2810
29330,2014-05-21,[ 08:50 ],0,2798
29331,2014-05-21,[ 08:51 ],0,441
29332,2014-05-21,[ 08:52 ],0,451
29333,2014-05-21,[ 08:53 ],0,446
29334,2014-05-21,[ 08:54 ],0,444
29335,2014-05-21,[ 08:55 ],0,441
29336,2014-05-21,[ 08:56 ],0,1953
29337,2014-05-21,[ 08:57 ],0,1953
29338,2014-05-21,[ 08:58 ],0,518
29339,2014-05-21,[ 08:59 ],0,520
29340,2014-05-21,[ 09:00 ],0,519
29341,2014-05-21,[ 09:01 ],0,520
29342,2014-05-21,[ 09:02 ],0,520
29343,2014-05-21,[ 09:03 ],0,525
29344,2014-05-21,[ 09:04 ],0,526
29345,2014-05-21,[ 09:05 ],0,860
29346,2014-05-21,[ 09:06 ],0,968
29347,2014-05-21,[ 09:07 ],0,2751
29348,2014-05-21,[ 09:08 ],0,2612
29349,2014-05-21,[ 09:09 ],0,2679
29350,2014-05-21,[ 09:10 ],0,2684
29351,2014-05-21,[ 09:11 ],0,2795
29352,2014-05-21,[ 09:12 ],0,2694
29353,2014-05-21,[ 09:13 ],0,3020
29354,2014-05-21,[ 09:14 ],0,3121
29355,2014-05-21,[ 09:15 ],0,2891
29356,2014-05-21,[ 09:16 ],0,2891
29357,2014-05-21,[ 09:17 ],0,2842
29358,2014-05-21,[ 09:18 ],0,2851
29359,2014-05-21,[ 09:19 ],0,2799
29360,2014-05-21,[ 09:20 ],0,1471
29361,2014-05-21,[ 09:21 ],0,1232
29362,2014-05-21,[ 09:22 ],0,1357
29363,2014-05-21,[ 09:23 ],0,2618
29364,2014-05-21,[ 09:24 ],0,4480
29365,2014-05-21,[ 09:25 ],0,4561
29366,2014-05-21,[ 09:26 ],0,2397
29367,2014-05-21,[ 09:27 ],0,1098
29368,2014-05-21,[ 09:28 ],0,951
29369,2014-05-21,[ 09:29 ],0,949
29370,2014-05-21,[ 09:30 ],0,1397
29371,2014-05-21,[ 09:31 ],0,2848
29372,2014-05-21,[ 09:32 ],0,2373
29373,2014-05-21,[ 09:33 ],0,1126
29374,2014-05-21,[ 09:34 ],0,970
29375,2014-05-21,[ 09:35 ],0,974
29376,2014-05-21,[ 09:36 ],0,997
29377,2014-05-21,[ 09:37 ],0,2604
29378,2014-05-21,[ 09:38 ],0,1057
29379,2014-05-21,[ 09:39 ],0,1107
29380,2014-05-21,[ 09:40 ],0,1107
29381,2014-05-21,[ 09:41 ],0,1122
29382,2014-05-21,[ 09:42 ],0,1090
29383,2014-05-21,[ 09:43 ],0,1090
29384,2014-05-21,[ 09:44 ],0,3150
29385,2014-05-21,[ 09:45 ],0,3189
29386,2014-05-21,[ 09:46 ],0,3183
29387,2014-05-21,[ 09:47 ],0,3159
29388,2014-05-21,[ 09:48 ],0,3218
29389,2014-05-21,[ 09:49 ],0,3179
29390,2014-05-21,[ 09:50 ],0,3116
29391,2014-05-21,[ 09:51 ],0,3217
29392,2014-05-21,[ 09:52 ],0,3217
29393,2014-05-21,[ 09:53 ],0,3192
29394,2014-05-21,[ 09:54 ],0,3210
29395,2014-05-21,[ 09:55 ],0,3210
29396,2014-05-21,[ 09:56 ],0,3232
29397,2014-05-21,[ 09:57 ],0,2874
29398,2014-05-21,[ 09:58 ],0,3062
29399,2014-05-21,[ 09:59 ],0,3074
29400,2014-05-21,[ 10:00 ],0,2910
29401,2014-05-21,[ 10:01 ],0,677
29402,2014-05-21,[ 10:02 ],0,634
29403,2014-05-21,[ 10:03 ],0,778
29404,2014-05-21,[ 10:04 ],0,944
29405,2014-05-21,[ 10:05 ],0,1426
29406,2014-05-21,[ 10:06 ],0,1434
29407,2014-05-21,[ 10:07 ],0,1415
29408,2014-05-21,[ 10:08 ],0,715
29409,2014-05-21,[ 10:09 ],0,901
29410,2014-05-21,[ 10:10 ],0,864
29411,2014-05-21,[ 10:11 ],0,719
29412,2014-05-21,[ 10:12 ],0,644
29413,2014-05-21,[ 10:13 ],0,799
29414,2014-05-21,[ 10:14 ],0,627
29415,2014-05-21,[ 10:15 ],0,601
29416,2014-05-21,[ 10:16 ],0,670
29417,2014-05-21,[ 10:17 ],0,893
29418,2014-05-21,[ 10:18 ],0,908
29419,2014-05-21,[ 10:19 ],0,1336
29420,2014-05-21,[ 10:20 ],0,1480
29421,2014-05-21,[ 10:21 ],0,1500
29422,2014-05-21,[ 10:22 ],0,1500
29423,2014-05-21,[ 10:23 ],0,1216
29424,2014-05-21,[ 10:24 ],0,551
29425,2014-05-21,[ 10:25 ],0,771
29426,2014-05-21,[ 10:26 ],0,878
29427,2014-05-21,[ 10:27 ],0,738
29428,2014-05-21,[ 10:28 ],0,723
29429,2014-05-21,[ 10:29 ],0,726
29430,2014-05-21,[ 10:30 ],0,827
29431,2014-05-21,[ 10:31 ],0,902
29432,2014-05-21,[ 10:32 ],0,876
29433,2014-05-21,[ 10:33 ],0,849
29434,2014-05-21,[ 10:34 ],0,811
29435,2014-05-21,[ 10:35 ],0,493
29436,2014-05-21,[ 10:36 ],0,487
29437,2014-05-21,[ 10:37 ],0,401
29438,2014-05-21,[ 10:38 ],0,406
29439,2014-05-21,[ 10:39 ],0,399
29440,2014-05-21,[ 10:40 ],0,402
29441,2014-05-21,[ 10:41 ],0,401
29442,2014-05-21,[ 10:42 ],0,406
29443,2014-05-21,[ 10:43 ],0,402
29444,2014-05-21,[ 10:44 ],0,400
29445,2014-05-21,[ 10:45 ],0,400
29446,2014-05-21,[ 10:46 ],0,401
29447,2014-05-21,[ 10:47 ],0,404
29448,2014-05-21,[ 10:48 ],0,334
29449,2014-05-21,[ 10:49 ],0,335
29450,2014-05-21,[ 10:50 ],0,331
29451,2014-05-21,[ 10:51 ],0,334
29452,2014-05-21,[ 10:52 ],0,334
29453,2014-05-21,[ 10:53 ],0,332
29454,2014-05-21,[ 10:54 ],0,330
29455,2014-05-21,[ 10:55 ],0,345
29456,2014-05-21,[ 10:56 ],0,343
29457,2014-05-21,[ 10:57 ],0,340
29458,2014-05-21,[ 10:58 ],0,344
29459,2014-05-21,[ 10:59 ],0,350
29460,2014-05-21,[ 11:00 ],0,350
29461,2014-05-21,[ 11:01 ],0,334
29462,2014-05-21,[ 11:02 ],0,336
29463,2014-05-21,[ 11:03 ],0,352
29464,2014-05-21,[ 11:04 ],0,350
29465,2014-05-21,[ 11:05 ],0,335
29466,2014-05-21,[ 11:06 ],0,334
29467,2014-05-21,[ 11:07 ],0,334
29468,2014-05-21,[ 11:08 ],0,342
29469,2014-05-21,[ 11:09 ],0,331
29470,2014-05-21,[ 11:10 ],0,344
29471,2014-05-21,[ 11:11 ],0,332
29472,2014-05-21,[ 11:12 ],0,337
29473,2014-05-21,[ 11:13 ],0,339
29474,2014-05-21,[ 11:14 ],0,335
29475,2014-05-21,[ 11:15 ],0,336
29476,2014-05-21,[ 11:16 ],0,336
29477,2014-05-21,[ 11:17 ],0,336
29478,2014-05-21,[ 11:18 ],0,339
29479,2014-05-21,[ 11:19 ],0,339
29480,2014-05-21,[ 11:20 ],0,340
29481,2014-05-21,[ 11:21 ],0,336
29482,2014-05-21,[ 11:22 ],0,333
29483,2014-05-21,[ 11:23 ],0,334
29484,2014-05-21,[ 11:24 ],0,335
29485,2014-05-21,[ 11:25 ],0,332
29486,2014-05-21,[ 11:26 ],0,333
29487,2014-05-21,[ 11:27 ],0,336
29488,2014-05-21,[ 11:28 ],0,341
29489,2014-05-21,[ 11:29 ],0,342
29490,2014-05-21,[ 11:30 ],0,345
29491,2014-05-21,[ 11:31 ],0,336
29492,2014-05-21,[ 11:32 ],0,335
29493,2014-05-21,[ 11:33 ],0,333
29494,2014-05-21,[ 11:34 ],0,411
29495,2014-05-21,[ 11:35 ],0,414
29496,2014-05-21,[ 11:36 ],0,411
29497,2014-05-21,[ 11:37 ],0,405
29498,2014-05-21,[ 11:38 ],0,406
29499,2014-05-21,[ 11:39 ],0,411
29500,2014-05-21,[ 11:40 ],0,400
29501,2014-05-21,[ 11:41 ],0,400
29502,2014-05-21,[ 11:42 ],0,403
29503,2014-05-21,[ 11:43 ],0,399
29504,2014-05-21,[ 11:44 ],0,410
29505,2014-05-21,[ 11:45 ],0,400
29506,2014-05-21,[ 11:46 ],0,418
29507,2014-05-21,[ 11:47 ],0,337
29508,2014-05-21,[ 11:48 ],0,336
29509,2014-05-21,[ 11:49 ],0,339
29510,2014-05-21,[ 11:50 ],0,345
29511,2014-05-21,[ 11:51 ],0,350
29512,2014-05-21,[ 11:52 ],0,340
29513,2014-05-21,[ 11:53 ],0,339
29514,2014-05-21,[ 11:54 ],0,340
29515,2014-05-21,[ 11:55 ],0,333
29516,2014-05-21,[ 11:56 ],0,333
29517,2014-05-21,[ 11:57 ],0,330
29518,2014-05-21,[ 11:58 ],0,333
29519,2014-05-21,[ 11:59 ],0,334
29520,2014-05-21,[ 12:00 ],0,337
29521,2014-05-21,[ 12:01 ],0,339
29522,2014-05-21,[ 12:02 ],0,340
29523,2014-05-21,[ 12:03 ],0,339
29524,2014-05-21,[ 12:04 ],0,353
29525,2014-05-21,[ 12:05 ],0,352
29526,2014-05-21,[ 12:06 ],0,336
29527,2014-05-21,[ 12:07 ],0,344
29528,2014-05-21,[ 12:08 ],0,335
29529,2014-05-21,[ 12:09 ],0,351
29530,2014-05-21,[ 12:10 ],0,337
29531,2014-05-21,[ 12:11 ],0,339
29532,2014-05-21,[ 12:12 ],0,333
29533,2014-05-21,[ 12:13 ],0,195
29534,2014-05-21,[ 12:14 ],0,201
29535,2014-05-21,[ 12:15 ],0,186
29536,2014-05-21,[ 12:16 ],0,260
29537,2014-05-21,[ 12:17 ],0,260
29538,2014-05-21,[ 12:18 ],0,258
29539,2014-05-21,[ 12:19 ],0,266
29540,2014-05-21,[ 12:20 ],0,256
29541,2014-05-21,[ 12:21 ],0,259
29542,2014-05-21,[ 12:22 ],0,277
29543,2014-05-21,[ 12:23 ],0,261
29544,2014-05-21,[ 12:24 ],0,259
29545,2014-05-21,[ 12:25 ],0,259
29546,2014-05-21,[ 12:26 ],0,257
29547,2014-05-21,[ 12:27 ],0,253
29548,2014-05-21,[ 12:28 ],0,258
29549,2014-05-21,[ 12:29 ],0,274
29550,2014-05-21,[ 12:30 ],0,274
29551,2014-05-21,[ 12:31 ],0,258
29552,2014-05-21,[ 12:32 ],0,257
29553,2014-05-21,[ 12:33 ],0,256
29554,2014-05-21,[ 12:34 ],0,256
29555,2014-05-21,[ 12:35 ],0,258
29556,2014-05-21,[ 12:36 ],0,257
29557,2014-05-21,[ 12:37 ],0,270
29558,2014-05-21,[ 12:38 ],0,274
29559,2014-05-21,[ 12:39 ],0,274
29560,2014-05-21,[ 12:40 ],0,258
29561,2014-05-21,[ 12:41 ],0,258
29562,2014-05-21,[ 12:42 ],0,2664
29563,2014-05-21,[ 12:43 ],0,2655
29564,2014-05-21,[ 12:44 ],0,259
29565,2014-05-21,[ 12:45 ],0,258
29566,2014-05-21,[ 12:46 ],0,258
29567,2014-05-21,[ 12:47 ],0,274
29568,2014-05-21,[ 12:48 ],0,257
29569,2014-05-21,[ 12:49 ],0,257
29570,2014-05-21,[ 12:50 ],0,257
29571,2014-05-21,[ 12:51 ],0,256
29572,2014-05-21,[ 12:52 ],0,252
29573,2014-05-21,[ 12:53 ],0,217
29574,2014-05-21,[ 12:54 ],0,215
29575,2014-05-21,[ 12:55 ],0,219
29576,2014-05-21,[ 12:56 ],0,258
29577,2014-05-21,[ 12:57 ],0,258
29578,2014-05-21,[ 12:58 ],0,256
29579,2014-05-21,[ 12:59 ],0,257
29580,2014-05-21,[ 13:00 ],0,258
29581,2014-05-21,[ 13:01 ],0,399
29582,2014-05-21,[ 13:02 ],0,424
29583,2014-05-21,[ 13:03 ],0,425
29584,2014-05-21,[ 13:04 ],0,424
29585,2014-05-21,[ 13:05 ],0,414
29586,2014-05-21,[ 13:06 ],0,412
29587,2014-05-21,[ 13:07 ],0,412
29588,2014-05-21,[ 13:08 ],0,407
29589,2014-05-21,[ 13:09 ],0,404
29590,2014-05-21,[ 13:10 ],0,411
29591,2014-05-21,[ 13:11 ],0,414
29592,2014-05-21,[ 13:12 ],0,409
29593,2014-05-21,[ 13:13 ],0,404
29594,2014-05-21,[ 13:14 ],0,415
29595,2014-05-21,[ 13:15 ],0,406
29596,2014-05-21,[ 13:16 ],0,407
29597,2014-05-21,[ 13:17 ],0,404
29598,2014-05-21,[ 13:18 ],0,334
29599,2014-05-21,[ 13:19 ],0,333
29600,2014-05-21,[ 13:20 ],0,332
29601,2014-05-21,[ 13:21 ],0,332
29602,2014-05-21,[ 13:22 ],0,332
29603,2014-05-21,[ 13:23 ],0,334
29604,2014-05-21,[ 13:24 ],0,334
29605,2014-05-21,[ 13:25 ],0,336
29606,2014-05-21,[ 13:26 ],0,341
29607,2014-05-21,[ 13:27 ],0,350
29608,2014-05-21,[ 13:28 ],0,336
29609,2014-05-21,[ 13:29 ],0,328
29610,2014-05-21,[ 13:30 ],0,333
29611,2014-05-21,[ 13:31 ],0,340
29612,2014-05-21,[ 13:32 ],0,339
29613,2014-05-21,[ 13:33 ],0,335
29614,2014-05-21,[ 13:34 ],0,336
29615,2014-05-21,[ 13:35 ],0,332
29616,2014-05-21,[ 13:36 ],0,342
29617,2014-05-21,[ 13:37 ],0,341
29618,2014-05-21,[ 13:38 ],0,328
29619,2014-05-21,[ 13:39 ],0,333
29620,2014-05-21,[ 13:40 ],0,335
29621,2014-05-21,[ 13:41 ],0,335
29622,2014-05-21,[ 13:42 ],0,340
29623,2014-05-21,[ 13:43 ],0,331
29624,2014-05-21,[ 13:44 ],0,332
29625,2014-05-21,[ 13:45 ],0,335
29626,2014-05-21,[ 13:46 ],0,331
29627,2014-05-21,[ 13:47 ],0,336
29628,2014-05-21,[ 13:48 ],0,330
29629,2014-05-21,[ 13:49 ],0,340
29630,2014-05-21,[ 13:50 ],0,330
29631,2014-05-21,[ 13:51 ],0,409
29632,2014-05-21,[ 13:52 ],0,409
29633,2014-05-21,[ 13:53 ],0,401
29634,2014-05-21,[ 13:54 ],0,403
29635,2014-05-21,[ 13:55 ],0,403
29636,2014-05-21,[ 13:56 ],0,397
29637,2014-05-21,[ 13:57 ],0,404
29638,2014-05-21,[ 13:58 ],0,405
29639,2014-05-21,[ 13:59 ],0,407
29640,2014-05-21,[ 14:00 ],0,406
29641,2014-05-21,[ 14:01 ],0,411
29642,2014-05-21,[ 14:02 ],0,406
29643,2014-05-21,[ 14:03 ],0,410
29644,2014-05-21,[ 14:04 ],0,341
29645,2014-05-21,[ 14:05 ],0,341
29646,2014-05-21,[ 14:06 ],0,350
29647,2014-05-21,[ 14:07 ],0,334
29648,2014-05-21,[ 14:08 ],0,328
29649,2014-05-21,[ 14:09 ],0,327
29650,2014-05-21,[ 14:10 ],0,334
29651,2014-05-21,[ 14:11 ],0,334
29652,2014-05-21,[ 14:12 ],0,327
29653,2014-05-21,[ 14:13 ],0,351
29654,2014-05-21,[ 14:14 ],0,351
29655,2014-05-21,[ 14:15 ],0,300
29656,2014-05-21,[ 14:16 ],0,298
29657,2014-05-21,[ 14:17 ],0,294
29658,2014-05-21,[ 14:18 ],0,304
29659,2014-05-21,[ 14:19 ],0,300
29660,2014-05-21,[ 14:20 ],0,335
29661,2014-05-21,[ 14:21 ],0,335
29662,2014-05-21,[ 14:22 ],0,334
29663,2014-05-21,[ 14:23 ],0,323
29664,2014-05-21,[ 14:24 ],0,293
29665,2014-05-21,[ 14:25 ],0,226
29666,2014-05-21,[ 14:26 ],0,294
29667,2014-05-21,[ 14:27 ],0,291
29668,2014-05-21,[ 14:28 ],0,294
29669,2014-05-21,[ 14:29 ],0,326
29670,2014-05-21,[ 14:30 ],0,328
29671,2014-05-21,[ 14:31 ],0,327
29672,2014-05-21,[ 14:32 ],0,333
29673,2014-05-21,[ 14:33 ],0,333
29674,2014-05-21,[ 14:34 ],0,340
29675,2014-05-21,[ 14:35 ],0,339
29676,2014-05-21,[ 14:36 ],0,328
29677,2014-05-21,[ 14:37 ],0,336
29678,2014-05-21,[ 14:38 ],0,324
29679,2014-05-21,[ 14:39 ],0,321
29680,2014-05-21,[ 14:40 ],0,331
29681,2014-05-21,[ 14:41 ],0,326
29682,2014-05-21,[ 14:42 ],0,328
29683,2014-05-21,[ 14:43 ],0,324
29684,2014-05-21,[ 14:44 ],0,337
29685,2014-05-21,[ 14:45 ],0,337
29686,2014-05-21,[ 14:46 ],0,326
29687,2014-05-21,[ 14:47 ],0,337
29688,2014-05-21,[ 14:48 ],0,330
29689,2014-05-21,[ 14:49 ],0,323
29690,2014-05-21,[ 14:50 ],0,350
29691,2014-05-21,[ 14:51 ],0,391
29692,2014-05-21,[ 14:52 ],0,399
29693,2014-05-21,[ 14:53 ],0,405
29694,2014-05-21,[ 14:54 ],0,405
29695,2014-05-21,[ 14:55 ],0,397
29696,2014-05-21,[ 14:56 ],0,401
29697,2014-05-21,[ 14:57 ],0,400
29698,2014-05-21,[ 14:58 ],0,407
29699,2014-05-21,[ 14:59 ],0,406
29700,2014-05-21,[ 15:00 ],0,402
29701,2014-05-21,[ 15:01 ],0,399
29702,2014-05-21,[ 15:02 ],0,342
29703,2014-05-21,[ 15:03 ],0,337
29704,2014-05-21,[ 15:04 ],0,344
29705,2014-05-21,[ 15:05 ],0,337
29706,2014-05-21,[ 15:06 ],0,341
29707,2014-05-21,[ 15:07 ],0,337
29708,2014-05-21,[ 15:08 ],0,337
29709,2014-05-21,[ 15:09 ],0,340
29710,2014-05-21,[ 15:10 ],0,342
29711,2014-05-21,[ 15:11 ],0,336
29712,2014-05-21,[ 15:12 ],0,332
29713,2014-05-21,[ 15:13 ],0,336
29714,2014-05-21,[ 15:14 ],0,334
29715,2014-05-21,[ 15:15 ],0,344
29716,2014-05-21,[ 15:16 ],0,340
29717,2014-05-21,[ 15:17 ],0,340
29718,2014-05-21,[ 15:18 ],0,326
29719,2014-05-21,[ 15:19 ],0,328
29720,2014-05-21,[ 15:20 ],0,327
29721,2014-05-21,[ 15:21 ],0,327
29722,2014-05-21,[ 15:22 ],0,328
29723,2014-05-21,[ 15:23 ],0,335
29724,2014-05-21,[ 15:24 ],0,334
29725,2014-05-21,[ 15:25 ],0,328
29726,2014-05-21,[ 15:26 ],0,326
29727,2014-05-21,[ 15:27 ],0,260
29728,2014-05-21,[ 15:28 ],0,259
29729,2014-05-21,[ 15:29 ],0,259
29730,2014-05-21,[ 15:30 ],0,259
29731,2014-05-21,[ 15:31 ],0,259
29732,2014-05-21,[ 15:32 ],0,228
29733,2014-05-21,[ 15:33 ],0,232
29734,2014-05-21,[ 15:34 ],0,229
29735,2014-05-21,[ 15:35 ],0,229
29736,2014-05-21,[ 15:36 ],0,227
29737,2014-05-21,[ 15:37 ],0,228
29738,2014-05-21,[ 15:38 ],0,306
29739,2014-05-21,[ 15:39 ],0,412
29740,2014-05-21,[ 15:40 ],0,369
29741,2014-05-21,[ 15:41 ],0,359
29742,2014-05-21,[ 15:42 ],0,374
29743,2014-05-21,[ 15:43 ],0,374
29744,2014-05-21,[ 15:44 ],0,375
29745,2014-05-21,[ 15:45 ],0,404
29746,2014-05-21,[ 15:46 ],0,405
29747,2014-05-21,[ 15:47 ],0,406
29748,2014-05-21,[ 15:48 ],0,406
29749,2014-05-21,[ 15:49 ],0,366
29750,2014-05-21,[ 15:50 ],0,364
29751,2014-05-21,[ 15:51 ],0,364
29752,2014-05-21,[ 15:52 ],0,377
29753,2014-05-21,[ 15:53 ],0,379
29754,2014-05-21,[ 15:54 ],0,377
29755,2014-05-21,[ 15:55 ],0,359
29756,2014-05-21,[ 15:56 ],0,368
29757,2014-05-21,[ 15:57 ],0,368
29758,2014-05-21,[ 15:58 ],0,368
29759,2014-05-21,[ 15:59 ],0,365
29760,2014-05-21,[ 16:00 ],0,366
29761,2014-05-21,[ 16:01 ],0,372
29762,2014-05-21,[ 16:02 ],0,366
29763,2014-05-21,[ 16:03 ],0,370
29764,2014-05-21,[ 16:04 ],0,376
29765,2014-05-21,[ 16:05 ],0,407
29766,2014-05-21,[ 16:06 ],0,406
29767,2014-05-21,[ 16:07 ],0,407
29768,2014-05-21,[ 16:08 ],0,407
29769,2014-05-21,[ 16:09 ],0,368
29770,2014-05-21,[ 16:10 ],0,368
29771,2014-05-21,[ 16:11 ],0,363
29772,2014-05-21,[ 16:12 ],0,376
29773,2014-05-21,[ 16:13 ],0,371
29774,2014-05-21,[ 16:14 ],0,371
29775,2014-05-21,[ 16:15 ],0,357
29776,2014-05-21,[ 16:16 ],0,363
29777,2014-05-21,[ 16:17 ],0,367
29778,2014-05-21,[ 16:18 ],0,366
29779,2014-05-21,[ 16:19 ],0,371
29780,2014-05-21,[ 16:20 ],0,387
29781,2014-05-21,[ 16:21 ],0,376
29782,2014-05-21,[ 16:22 ],0,366
29783,2014-05-21,[ 16:23 ],0,367
29784,2014-05-21,[ 16:24 ],0,297
29785,2014-05-21,[ 16:25 ],0,289
29786,2014-05-21,[ 16:26 ],0,300
29787,2014-05-21,[ 16:27 ],0,307
29788,2014-05-21,[ 16:28 ],0,294
29789,2014-05-21,[ 16:29 ],0,293
29790,2014-05-21,[ 16:30 ],0,293
29791,2014-05-21,[ 16:31 ],0,310
29792,2014-05-21,[ 16:32 ],0,316
29793,2014-05-21,[ 16:33 ],0,297
29794,2014-05-21,[ 16:34 ],0,300
29795,2014-05-21,[ 16:35 ],0,2666
29796,2014-05-21,[ 16:36 ],0,2741
29797,2014-05-21,[ 16:37 ],0,2760
29798,2014-05-21,[ 16:38 ],0,316
29799,2014-05-21,[ 16:39 ],0,323
29800,2014-05-21,[ 16:40 ],0,364
29801,2014-05-21,[ 16:41 ],0,365
29802,2014-05-21,[ 16:42 ],0,351
29803,2014-05-21,[ 16:43 ],0,368
29804,2014-05-21,[ 16:44 ],0,410
29805,2014-05-21,[ 16:45 ],0,410
29806,2014-05-21,[ 16:46 ],0,533
29807,2014-05-21,[ 16:47 ],0,533
29808,2014-05-21,[ 16:48 ],0,402
29809,2014-05-21,[ 16:49 ],0,416
29810,2014-05-21,[ 16:50 ],0,551
29811,2014-05-21,[ 16:51 ],0,437
29812,2014-05-21,[ 16:52 ],0,464
29813,2014-05-21,[ 16:53 ],0,438
29814,2014-05-21,[ 16:54 ],0,545
29815,2014-05-21,[ 16:55 ],0,540
29816,2014-05-21,[ 16:56 ],0,423
29817,2014-05-21,[ 16:57 ],0,404
29818,2014-05-21,[ 16:58 ],0,400
29819,2014-05-21,[ 16:59 ],0,404
29820,2014-05-21,[ 17:00 ],0,404
29821,2014-05-21,[ 17:01 ],0,401
29822,2014-05-21,[ 17:02 ],0,398
29823,2014-05-21,[ 17:03 ],0,397
29824,2014-05-21,[ 17:04 ],0,400
29825,2014-05-21,[ 17:05 ],0,455
29826,2014-05-21,[ 17:06 ],0,382
29827,2014-05-21,[ 17:07 ],0,369
29828,2014-05-21,[ 17:08 ],0,350
29829,2014-05-21,[ 17:09 ],0,370
29830,2014-05-21,[ 17:10 ],0,357
29831,2014-05-21,[ 17:11 ],0,414
29832,2014-05-21,[ 17:12 ],0,424
29833,2014-05-21,[ 17:13 ],0,446
29834,2014-05-21,[ 17:14 ],0,415
29835,2014-05-21,[ 17:15 ],0,397
29836,2014-05-21,[ 17:16 ],0,339
29837,2014-05-21,[ 17:17 ],0,297
29838,2014-05-21,[ 17:18 ],0,324
29839,2014-05-21,[ 17:19 ],0,313
29840,2014-05-21,[ 17:20 ],0,300
29841,2014-05-21,[ 17:21 ],0,307
29842,2014-05-21,[ 17:22 ],0,2707
29843,2014-05-21,[ 17:23 ],0,2700
29844,2014-05-21,[ 17:24 ],0,301
29845,2014-05-21,[ 17:25 ],0,265
29846,2014-05-21,[ 17:26 ],0,249
29847,2014-05-21,[ 17:27 ],0,271
29848,2014-05-21,[ 17:28 ],0,258
29849,2014-05-21,[ 17:29 ],0,242
29850,2014-05-21,[ 17:30 ],0,248
29851,2014-05-21,[ 17:31 ],0,257
29852,2014-05-21,[ 17:32 ],0,264
29853,2014-05-21,[ 17:33 ],0,248
29854,2014-05-21,[ 17:34 ],0,267
29855,2014-05-21,[ 17:35 ],0,252
29856,2014-05-21,[ 17:36 ],0,242
29857,2014-05-21,[ 17:37 ],0,236
29858,2014-05-21,[ 17:38 ],0,240
29859,2014-05-21,[ 17:39 ],0,1924
29860,2014-05-21,[ 17:40 ],0,237
29861,2014-05-21,[ 17:41 ],0,241
29862,2014-05-21,[ 17:42 ],0,241
29863,2014-05-21,[ 17:43 ],0,330
29864,2014-05-21,[ 17:44 ],0,319
29865,2014-05-21,[ 17:45 ],0,277
29866,2014-05-21,[ 17:46 ],0,274
29867,2014-05-21,[ 17:47 ],0,280
29868,2014-05-21,[ 17:48 ],0,299
29869,2014-05-21,[ 17:49 ],0,282
29870,2014-05-21,[ 17:50 ],0,288
29871,2014-05-21,[ 17:51 ],0,292
29872,2014-05-21,[ 17:52 ],0,292
29873,2014-05-21,[ 17:53 ],0,284
29874,2014-05-21,[ 17:54 ],0,280
29875,2014-05-21,[ 17:55 ],0,275
29876,2014-05-21,[ 17:56 ],0,286
29877,2014-05-21,[ 17:57 ],0,266
29878,2014-05-21,[ 17:58 ],0,281
29879,2014-05-21,[ 17:59 ],0,286
29880,2014-05-21,[ 18:00 ],0,1950
29881,2014-05-21,[ 18:01 ],0,280
29882,2014-05-21,[ 18:02 ],0,271
29883,2014-05-21,[ 18:03 ],0,282
29884,2014-05-21,[ 18:04 ],0,281
29885,2014-05-21,[ 18:05 ],0,286
29886,2014-05-21,[ 18:06 ],0,281
29887,2014-05-21,[ 18:07 ],0,289
29888,2014-05-21,[ 18:08 ],0,277
29889,2014-05-21,[ 18:09 ],0,264
29890,2014-05-21,[ 18:10 ],0,217
29891,2014-05-21,[ 18:11 ],0,242
29892,2014-05-21,[ 18:12 ],0,238
29893,2014-05-21,[ 18:13 ],0,240
29894,2014-05-21,[ 18:14 ],0,236
29895,2014-05-21,[ 18:15 ],0,238
29896,2014-05-21,[ 18:16 ],0,236
29897,2014-05-21,[ 18:17 ],0,238
29898,2014-05-21,[ 18:18 ],0,313
29899,2014-05-21,[ 18:19 ],0,337
29900,2014-05-21,[ 18:20 ],0,292
29901,2014-05-21,[ 18:21 ],0,297
29902,2014-05-21,[ 18:22 ],0,302
29903,2014-05-21,[ 18:23 ],0,372
29904,2014-05-21,[ 18:24 ],0,357
29905,2014-05-21,[ 18:25 ],0,350
29906,2014-05-21,[ 18:26 ],0,456
29907,2014-05-21,[ 18:27 ],0,471
29908,2014-05-21,[ 18:28 ],0,463
29909,2014-05-21,[ 18:29 ],0,491
29910,2014-05-21,[ 18:30 ],0,491
29911,2014-05-21,[ 18:31 ],0,479
29912,2014-05-21,[ 18:32 ],0,486
29913,2014-05-21,[ 18:33 ],0,462
29914,2014-05-21,[ 18:34 ],0,488
29915,2014-05-21,[ 18:35 ],0,484
29916,2014-05-21,[ 18:36 ],0,471
29917,2014-05-21,[ 18:37 ],0,404
29918,2014-05-21,[ 18:38 ],0,397
29919,2014-05-21,[ 18:39 ],0,397
29920,2014-05-21,[ 18:40 ],0,398
29921,2014-05-21,[ 18:41 ],0,398
29922,2014-05-21,[ 18:42 ],0,505
29923,2014-05-21,[ 18:43 ],0,538
29924,2014-05-21,[ 18:44 ],0,531
29925,2014-05-21,[ 18:45 ],0,510
29926,2014-05-21,[ 18:46 ],0,509
29927,2014-05-21,[ 18:47 ],0,519
29928,2014-05-21,[ 18:48 ],0,513
29929,2014-05-21,[ 18:49 ],0,507
29930,2014-05-21,[ 18:50 ],0,511
29931,2014-05-21,[ 18:51 ],0,523
29932,2014-05-21,[ 18:52 ],0,520
29933,2014-05-21,[ 18:53 ],0,514
29934,2014-05-21,[ 18:54 ],0,515
29935,2014-05-21,[ 18:55 ],0,523
29936,2014-05-21,[ 18:56 ],0,518
29937,2014-05-21,[ 18:57 ],0,476
29938,2014-05-21,[ 18:58 ],0,505
29939,2014-05-21,[ 18:59 ],0,546
29940,2014-05-21,[ 19:00 ],0,550
29941,2014-05-21,[ 19:01 ],0,532
29942,2014-05-21,[ 19:02 ],0,546
29943,2014-05-21,[ 19:03 ],0,546
29944,2014-05-21,[ 19:04 ],0,556
29945,2014-05-21,[ 19:05 ],0,535
29946,2014-05-21,[ 19:06 ],0,482
29947,2014-05-21,[ 19:07 ],0,531
29948,2014-05-21,[ 19:08 ],0,639
29949,2014-05-21,[ 19:09 ],0,612
29950,2014-05-21,[ 19:10 ],0,618
29951,2014-05-21,[ 19:11 ],0,607
29952,2014-05-21,[ 19:12 ],0,624
29953,2014-05-21,[ 19:13 ],0,624
29954,2014-05-21,[ 19:14 ],0,612
29955,2014-05-21,[ 19:15 ],0,616
29956,2014-05-21,[ 19:16 ],0,614
29957,2014-05-21,[ 19:17 ],0,619
29958,2014-05-21,[ 19:18 ],0,618
29959,2014-05-21,[ 19:19 ],0,621
29960,2014-05-21,[ 19:20 ],0,601
29961,2014-05-21,[ 19:21 ],0,550
29962,2014-05-21,[ 19:22 ],0,561
29963,2014-05-21,[ 19:23 ],0,544
29964,2014-05-21,[ 19:24 ],0,567
29965,2014-05-21,[ 19:25 ],0,566
29966,2014-05-21,[ 19:26 ],0,545
29967,2014-05-21,[ 19:27 ],0,542
29968,2014-05-21,[ 19:28 ],0,544
29969,2014-05-21,[ 19:29 ],0,544
29970,2014-05-21,[ 19:30 ],0,541
29971,2014-05-21,[ 19:31 ],0,535
29972,2014-05-21,[ 19:32 ],0,540
29973,2014-05-21,[ 19:33 ],0,533
29974,2014-05-21,[ 19:34 ],0,535
29975,2014-05-21,[ 19:35 ],0,538
29976,2014-05-21,[ 19:36 ],0,540
29977,2014-05-21,[ 19:37 ],0,538
29978,2014-05-21,[ 19:38 ],0,537
29979,2014-05-21,[ 19:39 ],0,537
29980,2014-05-21,[ 19:40 ],0,540
29981,2014-05-21,[ 19:41 ],0,535
29982,2014-05-21,[ 19:42 ],0,535
29983,2014-05-21,[ 19:43 ],0,535
29984,2014-05-21,[ 19:44 ],0,539
29985,2014-05-21,[ 19:45 ],0,542
29986,2014-05-21,[ 19:46 ],0,537
29987,2014-05-21,[ 19:47 ],0,541
29988,2014-05-21,[ 19:48 ],0,544
29989,2014-05-21,[ 19:49 ],0,539
29990,2014-05-21,[ 19:50 ],0,549
29991,2014-05-21,[ 19:51 ],0,549
29992,2014-05-21,[ 19:52 ],0,537
29993,2014-05-21,[ 19:53 ],0,541
29994,2014-05-21,[ 19:54 ],0,539
29995,2014-05-21,[ 19:55 ],0,528
29996,2014-05-21,[ 19:56 ],0,537
29997,2014-05-21,[ 19:57 ],0,519
29998,2014-05-21,[ 19:58 ],0,519
29999,2014-05-21,[ 19:59 ],0,526
30000,2014-05-21,[ 20:00 ],0,525
30001,2014-05-21,[ 20:01 ],0,535
30002,2014-05-21,[ 20:02 ],0,542
30003,2014-05-21,[ 20:03 ],0,545
30004,2014-05-21,[ 20:04 ],0,545
30005,2014-05-21,[ 20:05 ],0,620
30006,2014-05-21,[ 20:06 ],0,629
30007,2014-05-21,[ 20:07 ],0,609
30008,2014-05-21,[ 20:08 ],0,616
30009,2014-05-21,[ 20:09 ],0,613
30010,2014-05-21,[ 20:10 ],0,618
30011,2014-05-21,[ 20:11 ],0,613
30012,2014-05-21,[ 20:12 ],0,620
30013,2014-05-21,[ 20:13 ],0,615
30014,2014-05-21,[ 20:14 ],0,614
30015,2014-05-21,[ 20:15 ],0,600
30016,2014-05-21,[ 20:16 ],0,580
30017,2014-05-21,[ 20:17 ],0,443
30018,2014-05-21,[ 20:18 ],0,449
30019,2014-05-21,[ 20:19 ],0,334
30020,2014-05-21,[ 20:20 ],0,333
30021,2014-05-21,[ 20:21 ],0,332
30022,2014-05-21,[ 20:22 ],0,302
30023,2014-05-21,[ 20:23 ],0,302
30024,2014-05-21,[ 20:24 ],0,319
30025,2014-05-21,[ 20:25 ],0,294
30026,2014-05-21,[ 20:26 ],0,302
30027,2014-05-21,[ 20:27 ],0,301
30028,2014-05-21,[ 20:28 ],0,301
30029,2014-05-21,[ 20:29 ],0,302
30030,2014-05-21,[ 20:30 ],0,304
30031,2014-05-21,[ 20:31 ],0,300
30032,2014-05-21,[ 20:32 ],0,307
30033,2014-05-21,[ 20:33 ],0,299
30034,2014-05-21,[ 20:34 ],0,299
30035,2014-05-21,[ 20:35 ],0,301
30036,2014-05-21,[ 20:36 ],0,372
30037,2014-05-21,[ 20:37 ],0,365
30038,2014-05-21,[ 20:38 ],0,375
30039,2014-05-21,[ 20:39 ],0,383
30040,2014-05-21,[ 20:40 ],0,386
30041,2014-05-21,[ 20:41 ],0,371
30042,2014-05-21,[ 20:42 ],0,371
30043,2014-05-21,[ 20:43 ],0,370
30044,2014-05-21,[ 20:44 ],0,367
30045,2014-05-21,[ 20:45 ],0,374
30046,2014-05-21,[ 20:46 ],0,368
30047,2014-05-21,[ 20:47 ],0,378
30048,2014-05-21,[ 20:48 ],0,378
30049,2014-05-21,[ 20:49 ],0,368
30050,2014-05-21,[ 20:50 ],0,370
30051,2014-05-21,[ 20:51 ],0,370
30052,2014-05-21,[ 20:52 ],0,379
30053,2014-05-21,[ 20:53 ],0,369
30054,2014-05-21,[ 20:54 ],0,381
30055,2014-05-21,[ 20:55 ],0,372
30056,2014-05-21,[ 20:56 ],0,368
30057,2014-05-21,[ 20:57 ],0,374
30058,2014-05-21,[ 20:58 ],0,376
30059,2014-05-21,[ 20:59 ],0,380
30060,2014-05-21,[ 21:00 ],0,380
30061,2014-05-21,[ 21:01 ],0,374
30062,2014-05-21,[ 21:02 ],0,386
30063,2014-05-21,[ 21:03 ],0,383
30064,2014-05-21,[ 21:04 ],0,381
30065,2014-05-21,[ 21:05 ],0,379
30066,2014-05-21,[ 21:06 ],0,378
30067,2014-05-21,[ 21:07 ],0,392
30068,2014-05-21,[ 21:08 ],0,382
30069,2014-05-21,[ 21:09 ],0,376
30070,2014-05-21,[ 21:10 ],0,372
30071,2014-05-21,[ 21:11 ],0,378
30072,2014-05-21,[ 21:12 ],0,379
30073,2014-05-21,[ 21:13 ],0,379
30074,2014-05-21,[ 21:14 ],0,387
30075,2014-05-21,[ 21:15 ],0,382
30076,2014-05-21,[ 21:16 ],0,385
30077,2014-05-21,[ 21:17 ],0,369
30078,2014-05-21,[ 21:18 ],0,382
30079,2014-05-21,[ 21:19 ],0,386
30080,2014-05-21,[ 21:20 ],0,382
30081,2014-05-21,[ 21:21 ],0,397
30082,2014-05-21,[ 21:22 ],0,388
30083,2014-05-21,[ 21:23 ],0,302
30084,2014-05-21,[ 21:24 ],0,313
30085,2014-05-21,[ 21:25 ],0,313
30086,2014-05-21,[ 21:26 ],0,309
30087,2014-05-21,[ 21:27 ],0,318
30088,2014-05-21,[ 21:28 ],0,318
30089,2014-05-21,[ 21:29 ],0,302
30090,2014-05-21,[ 21:30 ],0,315
30091,2014-05-21,[ 21:31 ],0,301
30092,2014-05-21,[ 21:32 ],0,311
30093,2014-05-21,[ 21:33 ],0,309
30094,2014-05-21,[ 21:34 ],0,308
30095,2014-05-21,[ 21:35 ],0,310
30096,2014-05-21,[ 21:36 ],0,308
30097,2014-05-21,[ 21:37 ],0,313
30098,2014-05-21,[ 21:38 ],0,298
30099,2014-05-21,[ 21:39 ],0,309
30100,2014-05-21,[ 21:40 ],0,306
30101,2014-05-21,[ 21:41 ],0,309
30102,2014-05-21,[ 21:42 ],0,312
30103,2014-05-21,[ 21:43 ],0,306
30104,2014-05-21,[ 21:44 ],0,305
30105,2014-05-21,[ 21:45 ],0,304
30106,2014-05-21,[ 21:46 ],0,298
30107,2014-05-21,[ 21:47 ],0,299
30108,2014-05-21,[ 21:48 ],0,307
30109,2014-05-21,[ 21:49 ],0,297
30110,2014-05-21,[ 21:50 ],0,306
30111,2014-05-21,[ 21:51 ],0,306
30112,2014-05-21,[ 21:52 ],0,301
30113,2014-05-21,[ 21:53 ],0,306
30114,2014-05-21,[ 21:54 ],0,302
30115,2014-05-21,[ 21:55 ],0,310
30116,2014-05-21,[ 21:56 ],0,308
30117,2014-05-21,[ 21:57 ],0,300
30118,2014-05-21,[ 21:58 ],0,377
30119,2014-05-21,[ 21:59 ],0,380
30120,2014-05-21,[ 22:00 ],0,370
30121,2014-05-21,[ 22:01 ],0,365
30122,2014-05-21,[ 22:02 ],0,357
30123,2014-05-21,[ 22:03 ],0,359
30124,2014-05-21,[ 22:04 ],0,366
30125,2014-05-21,[ 22:05 ],0,361
30126,2014-05-21,[ 22:06 ],0,429
30127,2014-05-21,[ 22:07 ],0,495
30128,2014-05-21,[ 22:08 ],0,427
30129,2014-05-21,[ 22:09 ],0,427
30130,2014-05-21,[ 22:10 ],0,302
30131,2014-05-21,[ 22:11 ],0,245
30132,2014-05-21,[ 22:12 ],0,333
30133,2014-05-21,[ 22:13 ],0,353
30134,2014-05-21,[ 22:14 ],0,413
30135,2014-05-21,[ 22:15 ],0,413
30136,2014-05-21,[ 22:16 ],0,331
30137,2014-05-21,[ 22:17 ],0,228
30138,2014-05-21,[ 22:18 ],0,229
30139,2014-05-21,[ 22:19 ],0,228
30140,2014-05-21,[ 22:20 ],0,227
30141,2014-05-21,[ 22:21 ],0,226
30142,2014-05-21,[ 22:22 ],0,241
30143,2014-05-21,[ 22:23 ],0,254
30144,2014-05-21,[ 22:24 ],0,250
30145,2014-05-21,[ 22:25 ],0,253
30146,2014-05-21,[ 22:26 ],0,249
30147,2014-05-21,[ 22:27 ],0,252
30148,2014-05-21,[ 22:28 ],0,234
30149,2014-05-21,[ 22:29 ],0,228
30150,2014-05-21,[ 22:30 ],0,242
30151,2014-05-21,[ 22:31 ],0,177
30152,2014-05-21,[ 22:32 ],0,174
30153,2014-05-21,[ 22:33 ],0,174
30154,2014-05-21,[ 22:34 ],0,173
30155,2014-05-21,[ 22:35 ],0,174
30156,2014-05-21,[ 22:36 ],0,174
30157,2014-05-21,[ 22:37 ],0,174
30158,2014-05-21,[ 22:38 ],0,175
30159,2014-05-21,[ 22:39 ],0,174
30160,2014-05-21,[ 22:40 ],0,174
30161,2014-05-21,[ 22:41 ],0,173
30162,2014-05-21,[ 22:42 ],0,176
30163,2014-05-21,[ 22:43 ],0,176
30164,2014-05-21,[ 22:44 ],0,176
30165,2014-05-21,[ 22:45 ],0,173
30166,2014-05-21,[ 22:46 ],0,174
30167,2014-05-21,[ 22:47 ],0,173
30168,2014-05-21,[ 22:48 ],0,174
30169,2014-05-21,[ 22:49 ],0,173
30170,2014-05-21,[ 22:50 ],0,167
30171,2014-05-21,[ 22:51 ],0,167
30172,2014-05-21,[ 22:52 ],0,166
30173,2014-05-21,[ 22:53 ],0,166
30174,2014-05-21,[ 22:54 ],0,166
30175,2014-05-21,[ 22:55 ],0,166
30176,2014-05-21,[ 22:56 ],0,167
30177,2014-05-21,[ 22:57 ],0,166
30178,2014-05-21,[ 22:58 ],0,242
30179,2014-05-21,[ 22:59 ],0,232
30180,2014-05-21,[ 23:00 ],0,225
30181,2014-05-21,[ 23:01 ],0,226
30182,2014-05-21,[ 23:02 ],0,227
30183,2014-05-21,[ 23:03 ],0,223
30184,2014-05-21,[ 23:04 ],0,221
30185,2014-05-21,[ 23:05 ],0,221
30186,2014-05-21,[ 23:06 ],0,217
30187,2014-05-21,[ 23:07 ],0,218
30188,2014-05-21,[ 23:08 ],0,226
30189,2014-05-21,[ 23:09 ],0,225
30190,2014-05-21,[ 23:10 ],0,229
30191,2014-05-21,[ 23:11 ],0,229
30192,2014-05-21,[ 23:12 ],0,229
30193,2014-05-21,[ 23:13 ],0,231
30194,2014-05-21,[ 23:14 ],0,227
30195,2014-05-21,[ 23:15 ],0,227
30196,2014-05-21,[ 23:16 ],0,226
30197,2014-05-21,[ 23:17 ],0,224
30198,2014-05-21,[ 23:18 ],0,224
30199,2014-05-21,[ 23:19 ],0,224
30200,2014-05-21,[ 23:20 ],0,224
30201,2014-05-21,[ 23:21 ],0,225
30202,2014-05-21,[ 23:22 ],0,226
30203,2014-05-21,[ 23:23 ],0,224
30204,2014-05-21,[ 23:24 ],0,224
30205,2014-05-21,[ 23:25 ],0,225
30206,2014-05-21,[ 23:26 ],0,228
30207,2014-05-21,[ 23:27 ],0,231
30208,2014-05-21,[ 23:28 ],0,231
30209,2014-05-21,[ 23:29 ],0,225
30210,2014-05-21,[ 23:30 ],0,228
30211,2014-05-21,[ 23:31 ],0,227
30212,2014-05-21,[ 23:32 ],0,226
30213,2014-05-21,[ 23:33 ],0,224
30214,2014-05-21,[ 23:34 ],0,228
30215,2014-05-21,[ 23:35 ],0,225
30216,2014-05-21,[ 23:36 ],0,226
30217,2014-05-21,[ 23:37 ],0,223
30218,2014-05-21,[ 23:38 ],0,225
30219,2014-05-21,[ 23:39 ],0,227
30220,2014-05-21,[ 23:40 ],0,224
30221,2014-05-21,[ 23:41 ],0,224
30222,2014-05-21,[ 23:42 ],0,222
30223,2014-05-21,[ 23:43 ],0,224
30224,2014-05-21,[ 23:44 ],0,226
30225,2014-05-21,[ 23:45 ],0,226
30226,2014-05-21,[ 23:46 ],0,222
30227,2014-05-21,[ 23:47 ],0,218
30228,2014-05-21,[ 23:48 ],0,221
30229,2014-05-21,[ 23:49 ],0,218
30230,2014-05-21,[ 23:50 ],0,218
30231,2014-05-21,[ 23:51 ],0,215
30232,2014-05-21,[ 23:52 ],0,165
30233,2014-05-21,[ 23:53 ],0,163
30234,2014-05-21,[ 23:54 ],0,370
30235,2014-05-21,[ 23:55 ],0,370
30236,2014-05-21,[ 23:56 ],0,371
30237,2014-05-21,[ 23:57 ],0,370
30238,2014-05-21,[ 23:58 ],0,368
30239,2014-05-21,[ 23:59 ],0,370
30240,2014-05-22,[ 00:00 ],0,370
30241,2014-05-22,[ 00:01 ],0,369
30242,2014-05-22,[ 00:02 ],0,371
30243,2014-05-22,[ 00:03 ],0,371
30244,2014-05-22,[ 00:04 ],0,369
30245,2014-05-22,[ 00:05 ],0,370
30246,2014-05-22,[ 00:06 ],0,369
30247,2014-05-22,[ 00:07 ],0,368
30248,2014-05-22,[ 00:08 ],0,162
30249,2014-05-22,[ 00:09 ],0,161
30250,2014-05-22,[ 00:10 ],0,161
30251,2014-05-22,[ 00:11 ],0,161
30252,2014-05-22,[ 00:12 ],0,160
30253,2014-05-22,[ 00:13 ],0,160
30254,2014-05-22,[ 00:14 ],0,160
30255,2014-05-22,[ 00:15 ],0,159
30256,2014-05-22,[ 00:16 ],0,161
30257,2014-05-22,[ 00:17 ],0,161
30258,2014-05-22,[ 00:18 ],0,160
30259,2014-05-22,[ 00:19 ],0,264
30260,2014-05-22,[ 00:20 ],0,249
30261,2014-05-22,[ 00:21 ],0,235
30262,2014-05-22,[ 00:22 ],0,243
30263,2014-05-22,[ 00:23 ],0,245
30264,2014-05-22,[ 00:24 ],0,241
30265,2014-05-22,[ 00:25 ],0,239
30266,2014-05-22,[ 00:26 ],0,240
30267,2014-05-22,[ 00:27 ],0,235
30268,2014-05-22,[ 00:28 ],0,231
30269,2014-05-22,[ 00:29 ],0,227
30270,2014-05-22,[ 00:30 ],0,224
30271,2014-05-22,[ 00:31 ],0,222
30272,2014-05-22,[ 00:32 ],0,218
30273,2014-05-22,[ 00:33 ],0,221
30274,2014-05-22,[ 00:34 ],0,216
30275,2014-05-22,[ 00:35 ],0,215
30276,2014-05-22,[ 00:36 ],0,218
30277,2014-05-22,[ 00:37 ],0,216
30278,2014-05-22,[ 00:38 ],0,215
30279,2014-05-22,[ 00:39 ],0,215
30280,2014-05-22,[ 00:40 ],0,212
30281,2014-05-22,[ 00:41 ],0,212
30282,2014-05-22,[ 00:42 ],0,214
30283,2014-05-22,[ 00:43 ],0,214
30284,2014-05-22,[ 00:44 ],0,215
30285,2014-05-22,[ 00:45 ],0,212
30286,2014-05-22,[ 00:46 ],0,211
30287,2014-05-22,[ 00:47 ],0,210
30288,2014-05-22,[ 00:48 ],0,210
30289,2014-05-22,[ 00:49 ],0,211
30290,2014-05-22,[ 00:50 ],0,211
30291,2014-05-22,[ 00:51 ],0,202
30292,2014-05-22,[ 00:52 ],0,163
30293,2014-05-22,[ 00:53 ],0,163
30294,2014-05-22,[ 00:54 ],0,160
30295,2014-05-22,[ 00:55 ],0,161
30296,2014-05-22,[ 00:56 ],0,161
30297,2014-05-22,[ 00:57 ],0,160
30298,2014-05-22,[ 00:58 ],0,159
30299,2014-05-22,[ 00:59 ],0,160
30300,2014-05-22,[ 01:00 ],0,161
30301,2014-05-22,[ 01:01 ],0,162
30302,2014-05-22,[ 01:02 ],0,161
30303,2014-05-22,[ 01:03 ],0,161
30304,2014-05-22,[ 01:04 ],0,161
30305,2014-05-22,[ 01:05 ],0,160
30306,2014-05-22,[ 01:06 ],0,162
30307,2014-05-22,[ 01:07 ],0,160
30308,2014-05-22,[ 01:08 ],0,158
30309,2014-05-22,[ 01:09 ],0,160
30310,2014-05-22,[ 01:10 ],0,159
30311,2014-05-22,[ 01:11 ],0,160
30312,2014-05-22,[ 01:12 ],0,159
30313,2014-05-22,[ 01:13 ],0,159
30314,2014-05-22,[ 01:14 ],0,159
30315,2014-05-22,[ 01:15 ],0,160
30316,2014-05-22,[ 01:16 ],0,159
30317,2014-05-22,[ 01:17 ],0,161
30318,2014-05-22,[ 01:18 ],0,167
30319,2014-05-22,[ 01:19 ],0,168
30320,2014-05-22,[ 01:20 ],0,168
30321,2014-05-22,[ 01:21 ],0,168
30322,2014-05-22,[ 01:22 ],0,166
30323,2014-05-22,[ 01:23 ],0,165
30324,2014-05-22,[ 01:24 ],0,166
30325,2014-05-22,[ 01:25 ],0,168
30326,2014-05-22,[ 01:26 ],0,167
30327,2014-05-22,[ 01:27 ],0,168
30328,2014-05-22,[ 01:28 ],0,168
30329,2014-05-22,[ 01:29 ],0,168
30330,2014-05-22,[ 01:30 ],0,190
30331,2014-05-22,[ 01:31 ],0,160
30332,2014-05-22,[ 01:32 ],0,163
30333,2014-05-22,[ 01:33 ],0,161
30334,2014-05-22,[ 01:34 ],0,161
30335,2014-05-22,[ 01:35 ],0,161
30336,2014-05-22,[ 01:36 ],0,161
30337,2014-05-22,[ 01:37 ],0,161
30338,2014-05-22,[ 01:38 ],0,161
30339,2014-05-22,[ 01:39 ],0,159
30340,2014-05-22,[ 01:40 ],0,160
30341,2014-05-22,[ 01:41 ],0,223
30342,2014-05-22,[ 01:42 ],0,223
30343,2014-05-22,[ 01:43 ],0,216
30344,2014-05-22,[ 01:44 ],0,217
30345,2014-05-22,[ 01:45 ],0,217
30346,2014-05-22,[ 01:46 ],0,217
30347,2014-05-22,[ 01:47 ],0,214
30348,2014-05-22,[ 01:48 ],0,216
30349,2014-05-22,[ 01:49 ],0,214
30350,2014-05-22,[ 01:50 ],0,214
30351,2014-05-22,[ 01:51 ],0,214
30352,2014-05-22,[ 01:52 ],0,218
30353,2014-05-22,[ 01:53 ],0,223
30354,2014-05-22,[ 01:54 ],0,222
30355,2014-05-22,[ 01:55 ],0,224
30356,2014-05-22,[ 01:56 ],0,224
30357,2014-05-22,[ 01:57 ],0,225
30358,2014-05-22,[ 01:58 ],0,224
30359,2014-05-22,[ 01:59 ],0,218
30360,2014-05-22,[ 02:00 ],0,221
30361,2014-05-22,[ 02:01 ],0,223
30362,2014-05-22,[ 02:02 ],0,223
30363,2014-05-22,[ 02:03 ],0,222
30364,2014-05-22,[ 02:04 ],0,222
30365,2014-05-22,[ 02:05 ],0,218
30366,2014-05-22,[ 02:06 ],0,215
30367,2014-05-22,[ 02:07 ],0,218
30368,2014-05-22,[ 02:08 ],0,217
30369,2014-05-22,[ 02:09 ],0,216
30370,2014-05-22,[ 02:10 ],0,215
30371,2014-05-22,[ 02:11 ],0,218
30372,2014-05-22,[ 02:12 ],0,214
30373,2014-05-22,[ 02:13 ],0,218
30374,2014-05-22,[ 02:14 ],0,216
30375,2014-05-22,[ 02:15 ],0,216
30376,2014-05-22,[ 02:16 ],0,216
30377,2014-05-22,[ 02:17 ],0,216
30378,2014-05-22,[ 02:18 ],0,216
30379,2014-05-22,[ 02:19 ],0,215
30380,2014-05-22,[ 02:20 ],0,214
30381,2014-05-22,[ 02:21 ],0,217
30382,2014-05-22,[ 02:22 ],0,216
30383,2014-05-22,[ 02:23 ],0,215
30384,2014-05-22,[ 02:24 ],0,213
30385,2014-05-22,[ 02:25 ],0,216
30386,2014-05-22,[ 02:26 ],0,217
30387,2014-05-22,[ 02:27 ],0,215
30388,2014-05-22,[ 02:28 ],0,213
30389,2014-05-22,[ 02:29 ],0,211
30390,2014-05-22,[ 02:30 ],0,210
30391,2014-05-22,[ 02:31 ],0,208
30392,2014-05-22,[ 02:32 ],0,207
30393,2014-05-22,[ 02:33 ],0,208
30394,2014-05-22,[ 02:34 ],0,206
30395,2014-05-22,[ 02:35 ],0,206
30396,2014-05-22,[ 02:36 ],0,203
30397,2014-05-22,[ 02:37 ],0,158
30398,2014-05-22,[ 02:38 ],0,158
30399,2014-05-22,[ 02:39 ],0,158
30400,2014-05-22,[ 02:40 ],0,158
30401,2014-05-22,[ 02:41 ],0,157
30402,2014-05-22,[ 02:42 ],0,157
30403,2014-05-22,[ 02:43 ],0,157
30404,2014-05-22,[ 02:44 ],0,156
30405,2014-05-22,[ 02:45 ],0,158
30406,2014-05-22,[ 02:46 ],0,156
30407,2014-05-22,[ 02:47 ],0,157
30408,2014-05-22,[ 02:48 ],0,157
30409,2014-05-22,[ 02:49 ],0,158
30410,2014-05-22,[ 02:50 ],0,157
30411,2014-05-22,[ 02:51 ],0,157
30412,2014-05-22,[ 02:52 ],0,156
30413,2014-05-22,[ 02:53 ],0,156
30414,2014-05-22,[ 02:54 ],0,157
30415,2014-05-22,[ 02:55 ],0,156
30416,2014-05-22,[ 02:56 ],0,158
30417,2014-05-22,[ 02:57 ],0,158
30418,2014-05-22,[ 02:58 ],0,158
30419,2014-05-22,[ 02:59 ],0,158
30420,2014-05-22,[ 03:00 ],0,159
30421,2014-05-22,[ 03:01 ],0,160
30422,2014-05-22,[ 03:02 ],0,160
30423,2014-05-22,[ 03:03 ],0,158
30424,2014-05-22,[ 03:04 ],0,159
30425,2014-05-22,[ 03:05 ],0,160
30426,2014-05-22,[ 03:06 ],0,157
30427,2014-05-22,[ 03:07 ],0,157
30428,2014-05-22,[ 03:08 ],0,157
30429,2014-05-22,[ 03:09 ],0,158
30430,2014-05-22,[ 03:10 ],0,157
30431,2014-05-22,[ 03:11 ],0,261
30432,2014-05-22,[ 03:12 ],0,261
30433,2014-05-22,[ 03:13 ],0,214
30434,2014-05-22,[ 03:14 ],0,215
30435,2014-05-22,[ 03:15 ],0,215
30436,2014-05-22,[ 03:16 ],0,212
30437,2014-05-22,[ 03:17 ],0,212
30438,2014-05-22,[ 03:18 ],0,212
30439,2014-05-22,[ 03:19 ],0,210
30440,2014-05-22,[ 03:20 ],0,210
30441,2014-05-22,[ 03:21 ],0,210
30442,2014-05-22,[ 03:22 ],0,208
30443,2014-05-22,[ 03:23 ],0,156
30444,2014-05-22,[ 03:24 ],0,156
30445,2014-05-22,[ 03:25 ],0,158
30446,2014-05-22,[ 03:26 ],0,157
30447,2014-05-22,[ 03:27 ],0,157
30448,2014-05-22,[ 03:28 ],0,156
30449,2014-05-22,[ 03:29 ],0,159
30450,2014-05-22,[ 03:30 ],0,158
30451,2014-05-22,[ 03:31 ],0,159
30452,2014-05-22,[ 03:32 ],0,159
30453,2014-05-22,[ 03:33 ],0,158
30454,2014-05-22,[ 03:34 ],0,158
30455,2014-05-22,[ 03:35 ],0,158
30456,2014-05-22,[ 03:36 ],0,158
30457,2014-05-22,[ 03:37 ],0,159
30458,2014-05-22,[ 03:38 ],0,156
30459,2014-05-22,[ 03:39 ],0,157
30460,2014-05-22,[ 03:40 ],0,158
30461,2014-05-22,[ 03:41 ],0,156
30462,2014-05-22,[ 03:42 ],0,157
30463,2014-05-22,[ 03:43 ],0,158
30464,2014-05-22,[ 03:44 ],0,158
30465,2014-05-22,[ 03:45 ],0,157
30466,2014-05-22,[ 03:46 ],0,157
30467,2014-05-22,[ 03:47 ],0,157
30468,2014-05-22,[ 03:48 ],0,156
30469,2014-05-22,[ 03:49 ],0,158
30470,2014-05-22,[ 03:50 ],0,158
30471,2014-05-22,[ 03:51 ],0,158
30472,2014-05-22,[ 03:52 ],0,157
30473,2014-05-22,[ 03:53 ],0,159
30474,2014-05-22,[ 03:54 ],0,158
30475,2014-05-22,[ 03:55 ],0,158
30476,2014-05-22,[ 03:56 ],0,157
30477,2014-05-22,[ 03:57 ],0,156
30478,2014-05-22,[ 03:58 ],0,157
30479,2014-05-22,[ 03:59 ],0,159
30480,2014-05-22,[ 04:00 ],0,160
30481,2014-05-22,[ 04:01 ],0,157
30482,2014-05-22,[ 04:02 ],0,157
30483,2014-05-22,[ 04:03 ],0,160
30484,2014-05-22,[ 04:04 ],0,159
30485,2014-05-22,[ 04:05 ],0,159
30486,2014-05-22,[ 04:06 ],0,158
30487,2014-05-22,[ 04:07 ],0,159
30488,2014-05-22,[ 04:08 ],0,159
30489,2014-05-22,[ 04:09 ],0,158
30490,2014-05-22,[ 04:10 ],0,157
30491,2014-05-22,[ 04:11 ],0,158
30492,2014-05-22,[ 04:12 ],0,158
30493,2014-05-22,[ 04:13 ],0,224
30494,2014-05-22,[ 04:14 ],0,217
30495,2014-05-22,[ 04:15 ],0,215
30496,2014-05-22,[ 04:16 ],0,215
30497,2014-05-22,[ 04:17 ],0,214
30498,2014-05-22,[ 04:18 ],0,213
30499,2014-05-22,[ 04:19 ],0,213
30500,2014-05-22,[ 04:20 ],0,213
30501,2014-05-22,[ 04:21 ],0,211
30502,2014-05-22,[ 04:22 ],0,211
30503,2014-05-22,[ 04:23 ],0,212
30504,2014-05-22,[ 04:24 ],0,212
30505,2014-05-22,[ 04:25 ],0,158
30506,2014-05-22,[ 04:26 ],0,158
30507,2014-05-22,[ 04:27 ],0,160
30508,2014-05-22,[ 04:28 ],0,156
30509,2014-05-22,[ 04:29 ],0,160
30510,2014-05-22,[ 04:30 ],0,161
30511,2014-05-22,[ 04:31 ],0,161
30512,2014-05-22,[ 04:32 ],0,158
30513,2014-05-22,[ 04:33 ],0,158
30514,2014-05-22,[ 04:34 ],0,158
30515,2014-05-22,[ 04:35 ],0,158
30516,2014-05-22,[ 04:36 ],0,158
30517,2014-05-22,[ 04:37 ],0,158
30518,2014-05-22,[ 04:38 ],0,158
30519,2014-05-22,[ 04:39 ],0,159
30520,2014-05-22,[ 04:40 ],0,159
30521,2014-05-22,[ 04:41 ],0,158
30522,2014-05-22,[ 04:42 ],0,157
30523,2014-05-22,[ 04:43 ],0,158
30524,2014-05-22,[ 04:44 ],0,158
30525,2014-05-22,[ 04:45 ],0,157
30526,2014-05-22,[ 04:46 ],0,157
30527,2014-05-22,[ 04:47 ],0,158
30528,2014-05-22,[ 04:48 ],0,159
30529,2014-05-22,[ 04:49 ],0,293
30530,2014-05-22,[ 04:50 ],0,295
30531,2014-05-22,[ 04:51 ],0,289
30532,2014-05-22,[ 04:52 ],0,282
30533,2014-05-22,[ 04:53 ],0,375
30534,2014-05-22,[ 04:54 ],0,350
30535,2014-05-22,[ 04:55 ],0,326
30536,2014-05-22,[ 04:56 ],0,352
30537,2014-05-22,[ 04:57 ],0,409
30538,2014-05-22,[ 04:58 ],0,382
30539,2014-05-22,[ 04:59 ],0,375
30540,2014-05-22,[ 05:00 ],0,393
30541,2014-05-22,[ 05:01 ],0,402
30542,2014-05-22,[ 05:02 ],0,387
30543,2014-05-22,[ 05:03 ],0,358
30544,2014-05-22,[ 05:04 ],0,353
30545,2014-05-22,[ 05:05 ],0,343
30546,2014-05-22,[ 05:06 ],0,389
30547,2014-05-22,[ 05:07 ],0,361
30548,2014-05-22,[ 05:08 ],0,214
30549,2014-05-22,[ 05:09 ],0,215
30550,2014-05-22,[ 05:10 ],0,216
30551,2014-05-22,[ 05:11 ],0,215
30552,2014-05-22,[ 05:12 ],0,217
30553,2014-05-22,[ 05:13 ],0,216
30554,2014-05-22,[ 05:14 ],0,217
30555,2014-05-22,[ 05:15 ],0,215
30556,2014-05-22,[ 05:16 ],0,217
30557,2014-05-22,[ 05:17 ],0,215
30558,2014-05-22,[ 05:18 ],0,215
30559,2014-05-22,[ 05:19 ],0,217
30560,2014-05-22,[ 05:20 ],0,228
30561,2014-05-22,[ 05:21 ],0,227
30562,2014-05-22,[ 05:22 ],0,216
30563,2014-05-22,[ 05:23 ],0,218
30564,2014-05-22,[ 05:24 ],0,216
30565,2014-05-22,[ 05:25 ],0,217
30566,2014-05-22,[ 05:26 ],0,217
30567,2014-05-22,[ 05:27 ],0,215
30568,2014-05-22,[ 05:28 ],0,218
30569,2014-05-22,[ 05:29 ],0,218
30570,2014-05-22,[ 05:30 ],0,216
30571,2014-05-22,[ 05:31 ],0,217
30572,2014-05-22,[ 05:32 ],0,217
30573,2014-05-22,[ 05:33 ],0,216
30574,2014-05-22,[ 05:34 ],0,215
30575,2014-05-22,[ 05:35 ],0,218
30576,2014-05-22,[ 05:36 ],0,218
30577,2014-05-22,[ 05:37 ],0,216
30578,2014-05-22,[ 05:38 ],0,215
30579,2014-05-22,[ 05:39 ],0,217
30580,2014-05-22,[ 05:40 ],0,216
30581,2014-05-22,[ 05:41 ],0,158
30582,2014-05-22,[ 05:42 ],0,159
30583,2014-05-22,[ 05:43 ],0,157
30584,2014-05-22,[ 05:44 ],0,160
30585,2014-05-22,[ 05:45 ],0,157
30586,2014-05-22,[ 05:46 ],0,159
30587,2014-05-22,[ 05:47 ],0,159
30588,2014-05-22,[ 05:48 ],0,159
30589,2014-05-22,[ 05:49 ],0,158
30590,2014-05-22,[ 05:50 ],0,160
30591,2014-05-22,[ 05:51 ],0,161
30592,2014-05-22,[ 05:52 ],0,159
30593,2014-05-22,[ 05:53 ],0,160
30594,2014-05-22,[ 05:54 ],0,160
30595,2014-05-22,[ 05:55 ],0,160
30596,2014-05-22,[ 05:56 ],0,161
30597,2014-05-22,[ 05:57 ],0,159
30598,2014-05-22,[ 05:58 ],0,156
30599,2014-05-22,[ 05:59 ],0,160
30600,2014-05-22,[ 06:00 ],0,162
30601,2014-05-22,[ 06:01 ],0,161
30602,2014-05-22,[ 06:02 ],0,161
30603,2014-05-22,[ 06:03 ],0,161
30604,2014-05-22,[ 06:04 ],0,160
30605,2014-05-22,[ 06:05 ],0,160
30606,2014-05-22,[ 06:06 ],0,159
30607,2014-05-22,[ 06:07 ],0,158
30608,2014-05-22,[ 06:08 ],0,160
30609,2014-05-22,[ 06:09 ],0,158
30610,2014-05-22,[ 06:10 ],0,160
30611,2014-05-22,[ 06:11 ],0,158
30612,2014-05-22,[ 06:12 ],0,159
30613,2014-05-22,[ 06:13 ],0,156
30614,2014-05-22,[ 06:14 ],0,156
30615,2014-05-22,[ 06:15 ],0,157
30616,2014-05-22,[ 06:16 ],0,157
30617,2014-05-22,[ 06:17 ],0,226
30618,2014-05-22,[ 06:18 ],0,214
30619,2014-05-22,[ 06:19 ],0,216
30620,2014-05-22,[ 06:20 ],0,217
30621,2014-05-22,[ 06:21 ],0,214
30622,2014-05-22,[ 06:22 ],0,214
30623,2014-05-22,[ 06:23 ],0,212
30624,2014-05-22,[ 06:24 ],0,212
30625,2014-05-22,[ 06:25 ],0,212
30626,2014-05-22,[ 06:26 ],0,212
30627,2014-05-22,[ 06:27 ],0,211
30628,2014-05-22,[ 06:28 ],0,211
30629,2014-05-22,[ 06:29 ],0,158
30630,2014-05-22,[ 06:30 ],0,157
30631,2014-05-22,[ 06:31 ],0,158
30632,2014-05-22,[ 06:32 ],0,158
30633,2014-05-22,[ 06:33 ],0,158
30634,2014-05-22,[ 06:34 ],0,158
30635,2014-05-22,[ 06:35 ],0,156
30636,2014-05-22,[ 06:36 ],0,156
30637,2014-05-22,[ 06:37 ],0,158
30638,2014-05-22,[ 06:38 ],0,158
30639,2014-05-22,[ 06:39 ],0,159
30640,2014-05-22,[ 06:40 ],0,156
30641,2014-05-22,[ 06:41 ],0,158
30642,2014-05-22,[ 06:42 ],0,158
30643,2014-05-22,[ 06:43 ],0,158
30644,2014-05-22,[ 06:44 ],0,156
30645,2014-05-22,[ 06:45 ],0,157
30646,2014-05-22,[ 06:46 ],0,156
30647,2014-05-22,[ 06:47 ],0,156
30648,2014-05-22,[ 06:48 ],0,158
30649,2014-05-22,[ 06:49 ],0,156
30650,2014-05-22,[ 06:50 ],0,159
30651,2014-05-22,[ 06:51 ],0,157
30652,2014-05-22,[ 06:52 ],0,157
30653,2014-05-22,[ 06:53 ],0,2607
30654,2014-05-22,[ 06:54 ],0,4424
30655,2014-05-22,[ 06:55 ],0,4399
30656,2014-05-22,[ 06:56 ],0,1863
30657,2014-05-22,[ 06:57 ],0,1860
30658,2014-05-22,[ 06:58 ],0,159
30659,2014-05-22,[ 06:59 ],0,162
30660,2014-05-22,[ 07:00 ],0,1950
30661,2014-05-22,[ 07:01 ],0,1960
30662,2014-05-22,[ 07:02 ],0,1971
30663,2014-05-22,[ 07:03 ],0,216
30664,2014-05-22,[ 07:04 ],0,228
30665,2014-05-22,[ 07:05 ],0,215
30666,2014-05-22,[ 07:06 ],0,216
30667,2014-05-22,[ 07:07 ],0,211
30668,2014-05-22,[ 07:08 ],0,203
30669,2014-05-22,[ 07:09 ],0,193
30670,2014-05-22,[ 07:10 ],0,232
30671,2014-05-22,[ 07:11 ],0,213
30672,2014-05-22,[ 07:12 ],0,239
30673,2014-05-22,[ 07:13 ],0,251
30674,2014-05-22,[ 07:14 ],0,243
30675,2014-05-22,[ 07:15 ],0,192
30676,2014-05-22,[ 07:16 ],0,192
30677,2014-05-22,[ 07:17 ],0,214
30678,2014-05-22,[ 07:18 ],0,293
30679,2014-05-22,[ 07:19 ],0,267
30680,2014-05-22,[ 07:20 ],0,1905
30681,2014-05-22,[ 07:21 ],0,1894
30682,2014-05-22,[ 07:22 ],0,256
30683,2014-05-22,[ 07:23 ],0,250
30684,2014-05-22,[ 07:24 ],0,288
30685,2014-05-22,[ 07:25 ],0,257
30686,2014-05-22,[ 07:26 ],0,253
30687,2014-05-22,[ 07:27 ],0,249
30688,2014-05-22,[ 07:28 ],0,210
30689,2014-05-22,[ 07:29 ],0,156
30690,2014-05-22,[ 07:30 ],0,158
30691,2014-05-22,[ 07:31 ],0,158
30692,2014-05-22,[ 07:32 ],0,158
30693,2014-05-22,[ 07:33 ],0,156
30694,2014-05-22,[ 07:34 ],0,157
30695,2014-05-22,[ 07:35 ],0,159
30696,2014-05-22,[ 07:36 ],0,159
30697,2014-05-22,[ 07:37 ],0,182
30698,2014-05-22,[ 07:38 ],0,267
30699,2014-05-22,[ 07:39 ],0,254
30700,2014-05-22,[ 07:40 ],0,254
30701,2014-05-22,[ 07:41 ],0,250
30702,2014-05-22,[ 07:42 ],0,215
30703,2014-05-22,[ 07:43 ],0,219
30704,2014-05-22,[ 07:44 ],0,221
30705,2014-05-22,[ 07:45 ],0,219
30706,2014-05-22,[ 07:46 ],0,215
30707,2014-05-22,[ 07:47 ],0,215
30708,2014-05-22,[ 07:48 ],0,218
30709,2014-05-22,[ 07:49 ],0,257
30710,2014-05-22,[ 07:50 ],0,257
30711,2014-05-22,[ 07:51 ],0,269
30712,2014-05-22,[ 07:52 ],0,256
30713,2014-05-22,[ 07:53 ],0,257
30714,2014-05-22,[ 07:54 ],0,258
30715,2014-05-22,[ 07:55 ],0,257
30716,2014-05-22,[ 07:56 ],0,256
30717,2014-05-22,[ 07:57 ],0,256
30718,2014-05-22,[ 07:58 ],0,254
30719,2014-05-22,[ 07:59 ],0,258
30720,2014-05-22,[ 08:00 ],0,258
30721,2014-05-22,[ 08:01 ],0,258
30722,2014-05-22,[ 08:02 ],0,259
30723,2014-05-22,[ 08:03 ],0,256
30724,2014-05-22,[ 08:04 ],0,257
30725,2014-05-22,[ 08:05 ],0,257
30726,2014-05-22,[ 08:06 ],0,258
30727,2014-05-22,[ 08:07 ],0,257
30728,2014-05-22,[ 08:08 ],0,254
30729,2014-05-22,[ 08:09 ],0,258
30730,2014-05-22,[ 08:10 ],0,257
30731,2014-05-22,[ 08:11 ],0,257
30732,2014-05-22,[ 08:12 ],0,254
30733,2014-05-22,[ 08:13 ],0,258
30734,2014-05-22,[ 08:14 ],0,253
30735,2014-05-22,[ 08:15 ],0,254
30736,2014-05-22,[ 08:16 ],0,254
30737,2014-05-22,[ 08:17 ],0,256
30738,2014-05-22,[ 08:18 ],0,257
30739,2014-05-22,[ 08:19 ],0,257
30740,2014-05-22,[ 08:20 ],0,254
30741,2014-05-22,[ 08:21 ],0,253
30742,2014-05-22,[ 08:22 ],0,250
30743,2014-05-22,[ 08:23 ],0,246
30744,2014-05-22,[ 08:24 ],0,248
30745,2014-05-22,[ 08:25 ],0,248
30746,2014-05-22,[ 08:26 ],0,246
30747,2014-05-22,[ 08:27 ],0,245
30748,2014-05-22,[ 08:28 ],0,241
30749,2014-05-22,[ 08:29 ],0,245
30750,2014-05-22,[ 08:30 ],0,183
30751,2014-05-22,[ 08:31 ],0,182
30752,2014-05-22,[ 08:32 ],0,184
30753,2014-05-22,[ 08:33 ],0,183
30754,2014-05-22,[ 08:34 ],0,185
30755,2014-05-22,[ 08:35 ],0,185
30756,2014-05-22,[ 08:36 ],0,185
30757,2014-05-22,[ 08:37 ],0,185
30758,2014-05-22,[ 08:38 ],0,184
30759,2014-05-22,[ 08:39 ],0,182
30760,2014-05-22,[ 08:40 ],0,183
30761,2014-05-22,[ 08:41 ],0,183
30762,2014-05-22,[ 08:42 ],0,182
30763,2014-05-22,[ 08:43 ],0,184
30764,2014-05-22,[ 08:44 ],0,184
30765,2014-05-22,[ 08:45 ],0,184
30766,2014-05-22,[ 08:46 ],0,184
30767,2014-05-22,[ 08:47 ],0,183
30768,2014-05-22,[ 08:48 ],0,184
30769,2014-05-22,[ 08:49 ],0,185
30770,2014-05-22,[ 08:50 ],0,185
30771,2014-05-22,[ 08:51 ],0,184
30772,2014-05-22,[ 08:52 ],0,183
30773,2014-05-22,[ 08:53 ],0,183
30774,2014-05-22,[ 08:54 ],0,157
30775,2014-05-22,[ 08:55 ],0,157
30776,2014-05-22,[ 08:56 ],0,157
30777,2014-05-22,[ 08:57 ],0,157
30778,2014-05-22,[ 08:58 ],0,156
30779,2014-05-22,[ 08:59 ],0,156
30780,2014-05-22,[ 09:00 ],0,159
30781,2014-05-22,[ 09:01 ],0,158
30782,2014-05-22,[ 09:02 ],0,159
30783,2014-05-22,[ 09:03 ],0,156
30784,2014-05-22,[ 09:04 ],0,183
30785,2014-05-22,[ 09:05 ],0,185
30786,2014-05-22,[ 09:06 ],0,266
30787,2014-05-22,[ 09:07 ],0,258
30788,2014-05-22,[ 09:08 ],0,213
30789,2014-05-22,[ 09:09 ],0,215
30790,2014-05-22,[ 09:10 ],0,210
30791,2014-05-22,[ 09:11 ],0,211
30792,2014-05-22,[ 09:12 ],0,212
30793,2014-05-22,[ 09:13 ],0,210
30794,2014-05-22,[ 09:14 ],0,208
30795,2014-05-22,[ 09:15 ],0,208
30796,2014-05-22,[ 09:16 ],0,207
30797,2014-05-22,[ 09:17 ],0,205
30798,2014-05-22,[ 09:18 ],0,156
30799,2014-05-22,[ 09:19 ],0,157
30800,2014-05-22,[ 09:20 ],0,181
30801,2014-05-22,[ 09:21 ],0,182
30802,2014-05-22,[ 09:22 ],0,183
30803,2014-05-22,[ 09:23 ],0,183
30804,2014-05-22,[ 09:24 ],0,156
30805,2014-05-22,[ 09:25 ],0,156
30806,2014-05-22,[ 09:26 ],0,156
30807,2014-05-22,[ 09:27 ],0,158
30808,2014-05-22,[ 09:28 ],0,157
30809,2014-05-22,[ 09:29 ],0,156
30810,2014-05-22,[ 09:30 ],0,158
30811,2014-05-22,[ 09:31 ],0,159
30812,2014-05-22,[ 09:32 ],0,157
30813,2014-05-22,[ 09:33 ],0,158
30814,2014-05-22,[ 09:34 ],0,159
30815,2014-05-22,[ 09:35 ],0,181
30816,2014-05-22,[ 09:36 ],0,184
30817,2014-05-22,[ 09:37 ],0,183
30818,2014-05-22,[ 09:38 ],0,181
30819,2014-05-22,[ 09:39 ],0,158
30820,2014-05-22,[ 09:40 ],0,157
30821,2014-05-22,[ 09:41 ],0,157
30822,2014-05-22,[ 09:42 ],0,159
30823,2014-05-22,[ 09:43 ],0,160
30824,2014-05-22,[ 09:44 ],0,160
30825,2014-05-22,[ 09:45 ],0,158
30826,2014-05-22,[ 09:46 ],0,159
30827,2014-05-22,[ 09:47 ],0,160
30828,2014-05-22,[ 09:48 ],0,158
30829,2014-05-22,[ 09:49 ],0,182
30830,2014-05-22,[ 09:50 ],0,185
30831,2014-05-22,[ 09:51 ],0,185
30832,2014-05-22,[ 09:52 ],0,184
30833,2014-05-22,[ 09:53 ],0,182
30834,2014-05-22,[ 09:54 ],0,158
30835,2014-05-22,[ 09:55 ],0,156
30836,2014-05-22,[ 09:56 ],0,158
30837,2014-05-22,[ 09:57 ],0,158
30838,2014-05-22,[ 09:58 ],0,156
30839,2014-05-22,[ 09:59 ],0,156
30840,2014-05-22,[ 10:00 ],0,158
30841,2014-05-22,[ 10:01 ],0,184
30842,2014-05-22,[ 10:02 ],0,183
30843,2014-05-22,[ 10:03 ],0,184
30844,2014-05-22,[ 10:04 ],0,184
30845,2014-05-22,[ 10:05 ],0,184
30846,2014-05-22,[ 10:06 ],0,182
30847,2014-05-22,[ 10:07 ],0,184
30848,2014-05-22,[ 10:08 ],0,262
30849,2014-05-22,[ 10:09 ],0,257
30850,2014-05-22,[ 10:10 ],0,253
30851,2014-05-22,[ 10:11 ],0,253
30852,2014-05-22,[ 10:12 ],0,253
30853,2014-05-22,[ 10:13 ],0,251
30854,2014-05-22,[ 10:14 ],0,249
30855,2014-05-22,[ 10:15 ],0,249
30856,2014-05-22,[ 10:16 ],0,248
30857,2014-05-22,[ 10:17 ],0,247
30858,2014-05-22,[ 10:18 ],0,249
30859,2014-05-22,[ 10:19 ],0,246
30860,2014-05-22,[ 10:20 ],0,182
30861,2014-05-22,[ 10:21 ],0,182
30862,2014-05-22,[ 10:22 ],0,183
30863,2014-05-22,[ 10:23 ],0,182
30864,2014-05-22,[ 10:24 ],0,184
30865,2014-05-22,[ 10:25 ],0,184
30866,2014-05-22,[ 10:26 ],0,181
30867,2014-05-22,[ 10:27 ],0,183
30868,2014-05-22,[ 10:28 ],0,182
30869,2014-05-22,[ 10:29 ],0,183
30870,2014-05-22,[ 10:30 ],0,183
30871,2014-05-22,[ 10:31 ],0,183
30872,2014-05-22,[ 10:32 ],0,181
30873,2014-05-22,[ 10:33 ],0,182
30874,2014-05-22,[ 10:34 ],0,156
30875,2014-05-22,[ 10:35 ],0,156
30876,2014-05-22,[ 10:36 ],0,157
30877,2014-05-22,[ 10:37 ],0,156
30878,2014-05-22,[ 10:38 ],0,156
30879,2014-05-22,[ 10:39 ],0,157
30880,2014-05-22,[ 10:40 ],0,156
30881,2014-05-22,[ 10:41 ],0,157
30882,2014-05-22,[ 10:42 ],0,156
30883,2014-05-22,[ 10:43 ],0,158
30884,2014-05-22,[ 10:44 ],0,258
30885,2014-05-22,[ 10:45 ],0,253
30886,2014-05-22,[ 10:46 ],0,249
30887,2014-05-22,[ 10:47 ],0,243
30888,2014-05-22,[ 10:48 ],0,215
30889,2014-05-22,[ 10:49 ],0,216
30890,2014-05-22,[ 10:50 ],0,215
30891,2014-05-22,[ 10:51 ],0,216
30892,2014-05-22,[ 10:52 ],0,215
30893,2014-05-22,[ 10:53 ],0,216
30894,2014-05-22,[ 10:54 ],0,214
30895,2014-05-22,[ 10:55 ],0,212
30896,2014-05-22,[ 10:56 ],0,215
30897,2014-05-22,[ 10:57 ],0,214
30898,2014-05-22,[ 10:58 ],0,251
30899,2014-05-22,[ 10:59 ],0,253
30900,2014-05-22,[ 11:00 ],0,254
30901,2014-05-22,[ 11:01 ],0,251
30902,2014-05-22,[ 11:02 ],0,216
30903,2014-05-22,[ 11:03 ],0,214
30904,2014-05-22,[ 11:04 ],0,214
30905,2014-05-22,[ 11:05 ],0,214
30906,2014-05-22,[ 11:06 ],0,211
30907,2014-05-22,[ 11:07 ],0,213
30908,2014-05-22,[ 11:08 ],0,253
30909,2014-05-22,[ 11:09 ],0,254
30910,2014-05-22,[ 11:10 ],0,254
30911,2014-05-22,[ 11:11 ],0,254
30912,2014-05-22,[ 11:12 ],0,256
30913,2014-05-22,[ 11:13 ],0,256
30914,2014-05-22,[ 11:14 ],0,252
30915,2014-05-22,[ 11:15 ],0,252
30916,2014-05-22,[ 11:16 ],0,252
30917,2014-05-22,[ 11:17 ],0,253
30918,2014-05-22,[ 11:18 ],0,256
30919,2014-05-22,[ 11:19 ],0,256
30920,2014-05-22,[ 11:20 ],0,254
30921,2014-05-22,[ 11:21 ],0,253
30922,2014-05-22,[ 11:22 ],0,250
30923,2014-05-22,[ 11:23 ],0,254
30924,2014-05-22,[ 11:24 ],0,254
30925,2014-05-22,[ 11:25 ],0,251
30926,2014-05-22,[ 11:26 ],0,252
30927,2014-05-22,[ 11:27 ],0,253
30928,2014-05-22,[ 11:28 ],0,254
30929,2014-05-22,[ 11:29 ],0,256
30930,2014-05-22,[ 11:30 ],0,256
30931,2014-05-22,[ 11:31 ],0,185
30932,2014-05-22,[ 11:32 ],0,184
30933,2014-05-22,[ 11:33 ],0,184
30934,2014-05-22,[ 11:34 ],0,184
30935,2014-05-22,[ 11:35 ],0,184
30936,2014-05-22,[ 11:36 ],0,184
30937,2014-05-22,[ 11:37 ],0,184
30938,2014-05-22,[ 11:38 ],0,181
30939,2014-05-22,[ 11:39 ],0,185
30940,2014-05-22,[ 11:40 ],0,184
30941,2014-05-22,[ 11:41 ],0,182
30942,2014-05-22,[ 11:42 ],0,184
30943,2014-05-22,[ 11:43 ],0,185
30944,2014-05-22,[ 11:44 ],0,185
30945,2014-05-22,[ 11:45 ],0,181
30946,2014-05-22,[ 11:46 ],0,182
30947,2014-05-22,[ 11:47 ],0,184
30948,2014-05-22,[ 11:48 ],0,185
30949,2014-05-22,[ 11:49 ],0,182
30950,2014-05-22,[ 11:50 ],0,184
30951,2014-05-22,[ 11:51 ],0,183
30952,2014-05-22,[ 11:52 ],0,183
30953,2014-05-22,[ 11:53 ],0,185
30954,2014-05-22,[ 11:54 ],0,184
30955,2014-05-22,[ 11:55 ],0,184
30956,2014-05-22,[ 11:56 ],0,184
30957,2014-05-22,[ 11:57 ],0,185
30958,2014-05-22,[ 11:58 ],0,183
30959,2014-05-22,[ 11:59 ],0,185
30960,2014-05-22,[ 12:00 ],0,185
30961,2014-05-22,[ 12:01 ],0,185
30962,2014-05-22,[ 12:02 ],0,185
30963,2014-05-22,[ 12:03 ],0,184
30964,2014-05-22,[ 12:04 ],0,182
30965,2014-05-22,[ 12:05 ],0,183
30966,2014-05-22,[ 12:06 ],0,182
30967,2014-05-22,[ 12:07 ],0,272
30968,2014-05-22,[ 12:08 ],0,267
30969,2014-05-22,[ 12:09 ],0,252
30970,2014-05-22,[ 12:10 ],0,264
30971,2014-05-22,[ 12:11 ],0,249
30972,2014-05-22,[ 12:12 ],0,250
30973,2014-05-22,[ 12:13 ],0,248
30974,2014-05-22,[ 12:14 ],0,246
30975,2014-05-22,[ 12:15 ],0,247
30976,2014-05-22,[ 12:16 ],0,247
30977,2014-05-22,[ 12:17 ],0,245
30978,2014-05-22,[ 12:18 ],0,245
30979,2014-05-22,[ 12:19 ],0,184
30980,2014-05-22,[ 12:20 ],0,182
30981,2014-05-22,[ 12:21 ],0,182
30982,2014-05-22,[ 12:22 ],0,181
30983,2014-05-22,[ 12:23 ],0,181
30984,2014-05-22,[ 12:24 ],0,183
30985,2014-05-22,[ 12:25 ],0,183
30986,2014-05-22,[ 12:26 ],0,181
30987,2014-05-22,[ 12:27 ],0,184
30988,2014-05-22,[ 12:28 ],0,184
30989,2014-05-22,[ 12:29 ],0,184
30990,2014-05-22,[ 12:30 ],0,185
30991,2014-05-22,[ 12:31 ],0,185
30992,2014-05-22,[ 12:32 ],0,183
30993,2014-05-22,[ 12:33 ],0,185
30994,2014-05-22,[ 12:34 ],0,183
30995,2014-05-22,[ 12:35 ],0,190
30996,2014-05-22,[ 12:36 ],0,192
30997,2014-05-22,[ 12:37 ],0,191
30998,2014-05-22,[ 12:38 ],0,193
30999,2014-05-22,[ 12:39 ],0,190
31000,2014-05-22,[ 12:40 ],0,190
31001,2014-05-22,[ 12:41 ],0,189
31002,2014-05-22,[ 12:42 ],0,188
31003,2014-05-22,[ 12:43 ],0,188
31004,2014-05-22,[ 12:44 ],0,184
31005,2014-05-22,[ 12:45 ],0,182
31006,2014-05-22,[ 12:46 ],0,181
31007,2014-05-22,[ 12:47 ],0,182
31008,2014-05-22,[ 12:48 ],0,183
31009,2014-05-22,[ 12:49 ],0,182
31010,2014-05-22,[ 12:50 ],0,182
31011,2014-05-22,[ 12:51 ],0,182
31012,2014-05-22,[ 12:52 ],0,181
31013,2014-05-22,[ 12:53 ],0,183
31014,2014-05-22,[ 12:54 ],0,182
31015,2014-05-22,[ 12:55 ],0,2568
31016,2014-05-22,[ 12:56 ],0,2574
31017,2014-05-22,[ 12:57 ],0,2601
31018,2014-05-22,[ 12:58 ],0,1901
31019,2014-05-22,[ 12:59 ],0,1901
31020,2014-05-22,[ 13:00 ],0,1893
31021,2014-05-22,[ 13:01 ],0,1892
31022,2014-05-22,[ 13:02 ],0,185
31023,2014-05-22,[ 13:03 ],0,184
31024,2014-05-22,[ 13:04 ],0,185
31025,2014-05-22,[ 13:05 ],0,184
31026,2014-05-22,[ 13:06 ],0,185
31027,2014-05-22,[ 13:07 ],0,183
31028,2014-05-22,[ 13:08 ],0,185
31029,2014-05-22,[ 13:09 ],0,262
31030,2014-05-22,[ 13:10 ],0,251
31031,2014-05-22,[ 13:11 ],0,250
31032,2014-05-22,[ 13:12 ],0,251
31033,2014-05-22,[ 13:13 ],0,249
31034,2014-05-22,[ 13:14 ],0,250
31035,2014-05-22,[ 13:15 ],0,254
31036,2014-05-22,[ 13:16 ],0,258
31037,2014-05-22,[ 13:17 ],0,257
31038,2014-05-22,[ 13:18 ],0,258
31039,2014-05-22,[ 13:19 ],0,256
31040,2014-05-22,[ 13:20 ],0,258
31041,2014-05-22,[ 13:21 ],0,256
31042,2014-05-22,[ 13:22 ],0,251
31043,2014-05-22,[ 13:23 ],0,217
31044,2014-05-22,[ 13:24 ],0,215
31045,2014-05-22,[ 13:25 ],0,213
31046,2014-05-22,[ 13:26 ],0,216
31047,2014-05-22,[ 13:27 ],0,215
31048,2014-05-22,[ 13:28 ],0,216
31049,2014-05-22,[ 13:29 ],0,217
31050,2014-05-22,[ 13:30 ],0,219
31051,2014-05-22,[ 13:31 ],0,217
31052,2014-05-22,[ 13:32 ],0,216
31053,2014-05-22,[ 13:33 ],0,218
31054,2014-05-22,[ 13:34 ],0,216
31055,2014-05-22,[ 13:35 ],0,218
31056,2014-05-22,[ 13:36 ],0,215
31057,2014-05-22,[ 13:37 ],0,216
31058,2014-05-22,[ 13:38 ],0,218
31059,2014-05-22,[ 13:39 ],0,218
31060,2014-05-22,[ 13:40 ],0,217
31061,2014-05-22,[ 13:41 ],0,254
31062,2014-05-22,[ 13:42 ],0,308
31063,2014-05-22,[ 13:43 ],0,315
31064,2014-05-22,[ 13:44 ],0,259
31065,2014-05-22,[ 13:45 ],0,284
31066,2014-05-22,[ 13:46 ],0,284
31067,2014-05-22,[ 13:47 ],0,291
31068,2014-05-22,[ 13:48 ],0,248
31069,2014-05-22,[ 13:49 ],0,291
31070,2014-05-22,[ 13:50 ],0,247
31071,2014-05-22,[ 13:51 ],0,270
31072,2014-05-22,[ 13:52 ],0,267
31073,2014-05-22,[ 13:53 ],0,271
31074,2014-05-22,[ 13:54 ],0,271
31075,2014-05-22,[ 13:55 ],0,253
31076,2014-05-22,[ 13:56 ],0,257
31077,2014-05-22,[ 13:57 ],0,275
31078,2014-05-22,[ 13:58 ],0,271
31079,2014-05-22,[ 13:59 ],0,327
31080,2014-05-22,[ 14:00 ],0,287
31081,2014-05-22,[ 14:01 ],0,300
31082,2014-05-22,[ 14:02 ],0,234
31083,2014-05-22,[ 14:03 ],0,200
31084,2014-05-22,[ 14:04 ],0,208
31085,2014-05-22,[ 14:05 ],0,201
31086,2014-05-22,[ 14:06 ],0,203
31087,2014-05-22,[ 14:07 ],0,245
31088,2014-05-22,[ 14:08 ],0,210
31089,2014-05-22,[ 14:09 ],0,224
31090,2014-05-22,[ 14:10 ],0,192
31091,2014-05-22,[ 14:11 ],0,216
31092,2014-05-22,[ 14:12 ],0,222
31093,2014-05-22,[ 14:13 ],0,208
31094,2014-05-22,[ 14:14 ],0,199
31095,2014-05-22,[ 14:15 ],0,216
31096,2014-05-22,[ 14:16 ],0,227
31097,2014-05-22,[ 14:17 ],0,237
31098,2014-05-22,[ 14:18 ],0,221
31099,2014-05-22,[ 14:19 ],0,221
31100,2014-05-22,[ 14:20 ],0,248
31101,2014-05-22,[ 14:21 ],0,214
31102,2014-05-22,[ 14:22 ],0,257
31103,2014-05-22,[ 14:23 ],0,199
31104,2014-05-22,[ 14:24 ],0,304
31105,2014-05-22,[ 14:25 ],0,232
31106,2014-05-22,[ 14:26 ],0,245
31107,2014-05-22,[ 14:27 ],0,226
31108,2014-05-22,[ 14:28 ],0,222
31109,2014-05-22,[ 14:29 ],0,228
31110,2014-05-22,[ 14:30 ],0,417
31111,2014-05-22,[ 14:31 ],0,401
31112,2014-05-22,[ 14:32 ],0,398
31113,2014-05-22,[ 14:33 ],0,392
31114,2014-05-22,[ 14:34 ],0,394
31115,2014-05-22,[ 14:35 ],0,398
31116,2014-05-22,[ 14:36 ],0,406
31117,2014-05-22,[ 14:37 ],0,406
31118,2014-05-22,[ 14:38 ],0,414
31119,2014-05-22,[ 14:39 ],0,405
31120,2014-05-22,[ 14:40 ],0,401
31121,2014-05-22,[ 14:41 ],0,405
31122,2014-05-22,[ 14:42 ],0,401
31123,2014-05-22,[ 14:43 ],0,181
31124,2014-05-22,[ 14:44 ],0,181
31125,2014-05-22,[ 14:45 ],0,192
31126,2014-05-22,[ 14:46 ],0,182
31127,2014-05-22,[ 14:47 ],0,180
31128,2014-05-22,[ 14:48 ],0,180
31129,2014-05-22,[ 14:49 ],0,180
31130,2014-05-22,[ 14:50 ],0,181
31131,2014-05-22,[ 14:51 ],0,180
31132,2014-05-22,[ 14:52 ],0,183
31133,2014-05-22,[ 14:53 ],0,184
31134,2014-05-22,[ 14:54 ],0,181
31135,2014-05-22,[ 14:55 ],0,305
31136,2014-05-22,[ 14:56 ],0,280
31137,2014-05-22,[ 14:57 ],0,262
31138,2014-05-22,[ 14:58 ],0,274
31139,2014-05-22,[ 14:59 ],0,273
31140,2014-05-22,[ 15:00 ],0,276
31141,2014-05-22,[ 15:01 ],0,273
31142,2014-05-22,[ 15:02 ],0,274
31143,2014-05-22,[ 15:03 ],0,271
31144,2014-05-22,[ 15:04 ],0,265
31145,2014-05-22,[ 15:05 ],0,267
31146,2014-05-22,[ 15:06 ],0,260
31147,2014-05-22,[ 15:07 ],0,261
31148,2014-05-22,[ 15:08 ],0,258
31149,2014-05-22,[ 15:09 ],0,257
31150,2014-05-22,[ 15:10 ],0,257
31151,2014-05-22,[ 15:11 ],0,252
31152,2014-05-22,[ 15:12 ],0,256
31153,2014-05-22,[ 15:13 ],0,256
31154,2014-05-22,[ 15:14 ],0,253
31155,2014-05-22,[ 15:15 ],0,250
31156,2014-05-22,[ 15:16 ],0,250
31157,2014-05-22,[ 15:17 ],0,504
31158,2014-05-22,[ 15:18 ],0,508
31159,2014-05-22,[ 15:19 ],0,508
31160,2014-05-22,[ 15:20 ],0,518
31161,2014-05-22,[ 15:21 ],0,517
31162,2014-05-22,[ 15:22 ],0,515
31163,2014-05-22,[ 15:23 ],0,518
31164,2014-05-22,[ 15:24 ],0,510
31165,2014-05-22,[ 15:25 ],0,511
31166,2014-05-22,[ 15:26 ],0,516
31167,2014-05-22,[ 15:27 ],0,513
31168,2014-05-22,[ 15:28 ],0,441
31169,2014-05-22,[ 15:29 ],0,430
31170,2014-05-22,[ 15:30 ],0,447
31171,2014-05-22,[ 15:31 ],0,445
31172,2014-05-22,[ 15:32 ],0,438
31173,2014-05-22,[ 15:33 ],0,437
31174,2014-05-22,[ 15:34 ],0,438
31175,2014-05-22,[ 15:35 ],0,439
31176,2014-05-22,[ 15:36 ],0,438
31177,2014-05-22,[ 15:37 ],0,436
31178,2014-05-22,[ 15:38 ],0,440
31179,2014-05-22,[ 15:39 ],0,435
31180,2014-05-22,[ 15:40 ],0,436
31181,2014-05-22,[ 15:41 ],0,430
31182,2014-05-22,[ 15:42 ],0,438
31183,2014-05-22,[ 15:43 ],0,439
31184,2014-05-22,[ 15:44 ],0,438
31185,2014-05-22,[ 15:45 ],0,437
31186,2014-05-22,[ 15:46 ],0,434
31187,2014-05-22,[ 15:47 ],0,429
31188,2014-05-22,[ 15:48 ],0,420
31189,2014-05-22,[ 15:49 ],0,432
31190,2014-05-22,[ 15:50 ],0,432
31191,2014-05-22,[ 15:51 ],0,422
31192,2014-05-22,[ 15:52 ],0,424
31193,2014-05-22,[ 15:53 ],0,420
31194,2014-05-22,[ 15:54 ],0,429
31195,2014-05-22,[ 15:55 ],0,424
31196,2014-05-22,[ 15:56 ],0,426
31197,2014-05-22,[ 15:57 ],0,438
31198,2014-05-22,[ 15:58 ],0,438
31199,2014-05-22,[ 15:59 ],0,440
31200,2014-05-22,[ 16:00 ],0,421
31201,2014-05-22,[ 16:01 ],0,425
31202,2014-05-22,[ 16:02 ],0,437
31203,2014-05-22,[ 16:03 ],0,438
31204,2014-05-22,[ 16:04 ],0,429
31205,2014-05-22,[ 16:05 ],0,429
31206,2014-05-22,[ 16:06 ],0,434
31207,2014-05-22,[ 16:07 ],0,509
31208,2014-05-22,[ 16:08 ],0,496
31209,2014-05-22,[ 16:09 ],0,505
31210,2014-05-22,[ 16:10 ],0,510
31211,2014-05-22,[ 16:11 ],0,523
31212,2014-05-22,[ 16:12 ],0,523
31213,2014-05-22,[ 16:13 ],0,520
31214,2014-05-22,[ 16:14 ],0,519
31215,2014-05-22,[ 16:15 ],0,518
31216,2014-05-22,[ 16:16 ],0,511
31217,2014-05-22,[ 16:17 ],0,517
31218,2014-05-22,[ 16:18 ],0,515
31219,2014-05-22,[ 16:19 ],0,516
31220,2014-05-22,[ 16:20 ],0,515
31221,2014-05-22,[ 16:21 ],0,517
31222,2014-05-22,[ 16:22 ],0,509
31223,2014-05-22,[ 16:23 ],0,508
31224,2014-05-22,[ 16:24 ],0,513
31225,2014-05-22,[ 16:25 ],0,505
31226,2014-05-22,[ 16:26 ],0,499
31227,2014-05-22,[ 16:27 ],0,504
31228,2014-05-22,[ 16:28 ],0,491
31229,2014-05-22,[ 16:29 ],0,508
31230,2014-05-22,[ 16:30 ],0,508
31231,2014-05-22,[ 16:31 ],0,492
31232,2014-05-22,[ 16:32 ],0,4738
31233,2014-05-22,[ 16:33 ],0,4738
31234,2014-05-22,[ 16:34 ],0,4752
31235,2014-05-22,[ 16:35 ],0,2133
31236,2014-05-22,[ 16:36 ],0,2091
31237,2014-05-22,[ 16:37 ],0,2060
31238,2014-05-22,[ 16:38 ],0,2079
31239,2014-05-22,[ 16:39 ],0,2058
31240,2014-05-22,[ 16:40 ],0,2072
31241,2014-05-22,[ 16:41 ],0,2059
31242,2014-05-22,[ 16:42 ],0,2112
31243,2014-05-22,[ 16:43 ],0,2112
31244,2014-05-22,[ 16:44 ],0,2077
31245,2014-05-22,[ 16:45 ],0,2041
31246,2014-05-22,[ 16:46 ],0,2085
31247,2014-05-22,[ 16:47 ],0,518
31248,2014-05-22,[ 16:48 ],0,518
31249,2014-05-22,[ 16:49 ],0,523
31250,2014-05-22,[ 16:50 ],0,520
31251,2014-05-22,[ 16:51 ],0,517
31252,2014-05-22,[ 16:52 ],0,517
31253,2014-05-22,[ 16:53 ],0,516
31254,2014-05-22,[ 16:54 ],0,517
31255,2014-05-22,[ 16:55 ],0,530
31256,2014-05-22,[ 16:56 ],0,517
31257,2014-05-22,[ 16:57 ],0,511
31258,2014-05-22,[ 16:58 ],0,518
31259,2014-05-22,[ 16:59 ],0,510
31260,2014-05-22,[ 17:00 ],0,499
31261,2014-05-22,[ 17:01 ],0,432
31262,2014-05-22,[ 17:02 ],0,415
31263,2014-05-22,[ 17:03 ],0,420
31264,2014-05-22,[ 17:04 ],0,420
31265,2014-05-22,[ 17:05 ],0,409
31266,2014-05-22,[ 17:06 ],0,414
31267,2014-05-22,[ 17:07 ],0,413
31268,2014-05-22,[ 17:08 ],0,412
31269,2014-05-22,[ 17:09 ],0,413
31270,2014-05-22,[ 17:10 ],0,434
31271,2014-05-22,[ 17:11 ],0,434
31272,2014-05-22,[ 17:12 ],0,485
31273,2014-05-22,[ 17:13 ],0,484
31274,2014-05-22,[ 17:14 ],0,481
31275,2014-05-22,[ 17:15 ],0,328
31276,2014-05-22,[ 17:16 ],0,274
31277,2014-05-22,[ 17:17 ],0,260
31278,2014-05-22,[ 17:18 ],0,247
31279,2014-05-22,[ 17:19 ],0,270
31280,2014-05-22,[ 17:20 ],0,274
31281,2014-05-22,[ 17:21 ],0,256
31282,2014-05-22,[ 17:22 ],0,237
31283,2014-05-22,[ 17:23 ],0,237
31284,2014-05-22,[ 17:24 ],0,236
31285,2014-05-22,[ 17:25 ],0,208
31286,2014-05-22,[ 17:26 ],0,177
31287,2014-05-22,[ 17:27 ],0,175
31288,2014-05-22,[ 17:28 ],0,175
31289,2014-05-22,[ 17:29 ],0,176
31290,2014-05-22,[ 17:30 ],0,176
31291,2014-05-22,[ 17:31 ],0,173
31292,2014-05-22,[ 17:32 ],0,176
31293,2014-05-22,[ 17:33 ],0,177
31294,2014-05-22,[ 17:34 ],0,243
31295,2014-05-22,[ 17:35 ],0,237
31296,2014-05-22,[ 17:36 ],0,237
31297,2014-05-22,[ 17:37 ],0,237
31298,2014-05-22,[ 17:38 ],0,237
31299,2014-05-22,[ 17:39 ],0,235
31300,2014-05-22,[ 17:40 ],0,236
31301,2014-05-22,[ 17:41 ],0,235
31302,2014-05-22,[ 17:42 ],0,246
31303,2014-05-22,[ 17:43 ],0,1977
31304,2014-05-22,[ 17:44 ],0,1970
31305,2014-05-22,[ 17:45 ],0,265
31306,2014-05-22,[ 17:46 ],0,206
31307,2014-05-22,[ 17:47 ],0,206
31308,2014-05-22,[ 17:48 ],0,206
31309,2014-05-22,[ 17:49 ],0,207
31310,2014-05-22,[ 17:50 ],0,205
31311,2014-05-22,[ 17:51 ],0,204
31312,2014-05-22,[ 17:52 ],0,205
31313,2014-05-22,[ 17:53 ],0,204
31314,2014-05-22,[ 17:54 ],0,206
31315,2014-05-22,[ 17:55 ],0,203
31316,2014-05-22,[ 17:56 ],0,205
31317,2014-05-22,[ 17:57 ],0,204
31318,2014-05-22,[ 17:58 ],0,184
31319,2014-05-22,[ 17:59 ],0,185
31320,2014-05-22,[ 18:00 ],0,187
31321,2014-05-22,[ 18:01 ],0,187
31322,2014-05-22,[ 18:02 ],0,187
31323,2014-05-22,[ 18:03 ],0,187
31324,2014-05-22,[ 18:04 ],0,202
31325,2014-05-22,[ 18:05 ],0,204
31326,2014-05-22,[ 18:06 ],0,202
31327,2014-05-22,[ 18:07 ],0,236
31328,2014-05-22,[ 18:08 ],0,237
31329,2014-05-22,[ 18:09 ],0,240
31330,2014-05-22,[ 18:10 ],0,238
31331,2014-05-22,[ 18:11 ],0,240
31332,2014-05-22,[ 18:12 ],0,238
31333,2014-05-22,[ 18:13 ],0,238
31334,2014-05-22,[ 18:14 ],0,238
31335,2014-05-22,[ 18:15 ],0,239
31336,2014-05-22,[ 18:16 ],0,239
31337,2014-05-22,[ 18:17 ],0,239
31338,2014-05-22,[ 18:18 ],0,240
31339,2014-05-22,[ 18:19 ],0,240
31340,2014-05-22,[ 18:20 ],0,238
31341,2014-05-22,[ 18:21 ],0,238
31342,2014-05-22,[ 18:22 ],0,238
31343,2014-05-22,[ 18:23 ],0,313
31344,2014-05-22,[ 18:24 ],0,301
31345,2014-05-22,[ 18:25 ],0,284
31346,2014-05-22,[ 18:26 ],0,284
31347,2014-05-22,[ 18:27 ],0,293
31348,2014-05-22,[ 18:28 ],0,301
31349,2014-05-22,[ 18:29 ],0,297
31350,2014-05-22,[ 18:30 ],0,317
31351,2014-05-22,[ 18:31 ],0,333
31352,2014-05-22,[ 18:32 ],0,322
31353,2014-05-22,[ 18:33 ],0,539
31354,2014-05-22,[ 18:34 ],0,548
31355,2014-05-22,[ 18:35 ],0,539
31356,2014-05-22,[ 18:36 ],0,550
31357,2014-05-22,[ 18:37 ],0,541
31358,2014-05-22,[ 18:38 ],0,532
31359,2014-05-22,[ 18:39 ],0,550
31360,2014-05-22,[ 18:40 ],0,549
31361,2014-05-22,[ 18:41 ],0,544
31362,2014-05-22,[ 18:42 ],0,529
31363,2014-05-22,[ 18:43 ],0,529
31364,2014-05-22,[ 18:44 ],0,519
31365,2014-05-22,[ 18:45 ],0,481
31366,2014-05-22,[ 18:46 ],0,471
31367,2014-05-22,[ 18:47 ],0,443
31368,2014-05-22,[ 18:48 ],0,438
31369,2014-05-22,[ 18:49 ],0,430
31370,2014-05-22,[ 18:50 ],0,433
31371,2014-05-22,[ 18:51 ],0,440
31372,2014-05-22,[ 18:52 ],0,432
31373,2014-05-22,[ 18:53 ],0,414
31374,2014-05-22,[ 18:54 ],0,517
31375,2014-05-22,[ 18:55 ],0,490
31376,2014-05-22,[ 18:56 ],0,482
31377,2014-05-22,[ 18:57 ],0,483
31378,2014-05-22,[ 18:58 ],0,486
31379,2014-05-22,[ 18:59 ],0,555
31380,2014-05-22,[ 19:00 ],0,562
31381,2014-05-22,[ 19:01 ],0,538
31382,2014-05-22,[ 19:02 ],0,485
31383,2014-05-22,[ 19:03 ],0,493
31384,2014-05-22,[ 19:04 ],0,474
31385,2014-05-22,[ 19:05 ],0,447
31386,2014-05-22,[ 19:06 ],0,441
31387,2014-05-22,[ 19:07 ],0,470
31388,2014-05-22,[ 19:08 ],0,478
31389,2014-05-22,[ 19:09 ],0,462
31390,2014-05-22,[ 19:10 ],0,474
31391,2014-05-22,[ 19:11 ],0,450
31392,2014-05-22,[ 19:12 ],0,455
31393,2014-05-22,[ 19:13 ],0,457
31394,2014-05-22,[ 19:14 ],0,453
31395,2014-05-22,[ 19:15 ],0,467
31396,2014-05-22,[ 19:16 ],0,467
31397,2014-05-22,[ 19:17 ],0,453
31398,2014-05-22,[ 19:18 ],0,471
31399,2014-05-22,[ 19:19 ],0,465
31400,2014-05-22,[ 19:20 ],0,472
31401,2014-05-22,[ 19:21 ],0,463
31402,2014-05-22,[ 19:22 ],0,458
31403,2014-05-22,[ 19:23 ],0,463
31404,2014-05-22,[ 19:24 ],0,463
31405,2014-05-22,[ 19:25 ],0,490
31406,2014-05-22,[ 19:26 ],0,517
31407,2014-05-22,[ 19:27 ],0,528
31408,2014-05-22,[ 19:28 ],0,513
31409,2014-05-22,[ 19:29 ],0,497
31410,2014-05-22,[ 19:30 ],0,470
31411,2014-05-22,[ 19:31 ],0,473
31412,2014-05-22,[ 19:32 ],0,456
31413,2014-05-22,[ 19:33 ],0,444
31414,2014-05-22,[ 19:34 ],0,448
31415,2014-05-22,[ 19:35 ],0,448
31416,2014-05-22,[ 19:36 ],0,449
31417,2014-05-22,[ 19:37 ],0,448
31418,2014-05-22,[ 19:38 ],0,452
31419,2014-05-22,[ 19:39 ],0,447
31420,2014-05-22,[ 19:40 ],0,476
31421,2014-05-22,[ 19:41 ],0,458
31422,2014-05-22,[ 19:42 ],0,459
31423,2014-05-22,[ 19:43 ],0,457
31424,2014-05-22,[ 19:44 ],0,531
31425,2014-05-22,[ 19:45 ],0,497
31426,2014-05-22,[ 19:46 ],0,487
31427,2014-05-22,[ 19:47 ],0,468
31428,2014-05-22,[ 19:48 ],0,460
31429,2014-05-22,[ 19:49 ],0,467
31430,2014-05-22,[ 19:50 ],0,458
31431,2014-05-22,[ 19:51 ],0,441
31432,2014-05-22,[ 19:52 ],0,372
31433,2014-05-22,[ 19:53 ],0,370
31434,2014-05-22,[ 19:54 ],0,368
31435,2014-05-22,[ 19:55 ],0,374
31436,2014-05-22,[ 19:56 ],0,387
31437,2014-05-22,[ 19:57 ],0,375
31438,2014-05-22,[ 19:58 ],0,376
31439,2014-05-22,[ 19:59 ],0,377
31440,2014-05-22,[ 20:00 ],0,375
31441,2014-05-22,[ 20:01 ],0,377
31442,2014-05-22,[ 20:02 ],0,372
31443,2014-05-22,[ 20:03 ],0,374
31444,2014-05-22,[ 20:04 ],0,414
31445,2014-05-22,[ 20:05 ],0,377
31446,2014-05-22,[ 20:06 ],0,381
31447,2014-05-22,[ 20:07 ],0,388
31448,2014-05-22,[ 20:08 ],0,372
31449,2014-05-22,[ 20:09 ],0,374
31450,2014-05-22,[ 20:10 ],0,378
31451,2014-05-22,[ 20:11 ],0,377
31452,2014-05-22,[ 20:12 ],0,378
31453,2014-05-22,[ 20:13 ],0,378
31454,2014-05-22,[ 20:14 ],0,363
31455,2014-05-22,[ 20:15 ],0,374
31456,2014-05-22,[ 20:16 ],0,374
31457,2014-05-22,[ 20:17 ],0,376
31458,2014-05-22,[ 20:18 ],0,386
31459,2014-05-22,[ 20:19 ],0,380
31460,2014-05-22,[ 20:20 ],0,378
31461,2014-05-22,[ 20:21 ],0,379
31462,2014-05-22,[ 20:22 ],0,380
31463,2014-05-22,[ 20:23 ],0,379
31464,2014-05-22,[ 20:24 ],0,378
31465,2014-05-22,[ 20:25 ],0,378
31466,2014-05-22,[ 20:26 ],0,377
31467,2014-05-22,[ 20:27 ],0,376
31468,2014-05-22,[ 20:28 ],0,375
31469,2014-05-22,[ 20:29 ],0,449
31470,2014-05-22,[ 20:30 ],0,536
31471,2014-05-22,[ 20:31 ],0,492
31472,2014-05-22,[ 20:32 ],0,492
31473,2014-05-22,[ 20:33 ],0,504
31474,2014-05-22,[ 20:34 ],0,506
31475,2014-05-22,[ 20:35 ],0,503
31476,2014-05-22,[ 20:36 ],0,491
31477,2014-05-22,[ 20:37 ],0,497
31478,2014-05-22,[ 20:38 ],0,485
31479,2014-05-22,[ 20:39 ],0,499
31480,2014-05-22,[ 20:40 ],0,490
31481,2014-05-22,[ 20:41 ],0,473
31482,2014-05-22,[ 20:42 ],0,423
31483,2014-05-22,[ 20:43 ],0,418
31484,2014-05-22,[ 20:44 ],0,424
31485,2014-05-22,[ 20:45 ],0,424
31486,2014-05-22,[ 20:46 ],0,422
31487,2014-05-22,[ 20:47 ],0,425
31488,2014-05-22,[ 20:48 ],0,422
31489,2014-05-22,[ 20:49 ],0,423
31490,2014-05-22,[ 20:50 ],0,424
31491,2014-05-22,[ 20:51 ],0,418
31492,2014-05-22,[ 20:52 ],0,410
31493,2014-05-22,[ 20:53 ],0,417
31494,2014-05-22,[ 20:54 ],0,413
31495,2014-05-22,[ 20:55 ],0,418
31496,2014-05-22,[ 20:56 ],0,242
31497,2014-05-22,[ 20:57 ],0,183
31498,2014-05-22,[ 20:58 ],0,183
31499,2014-05-22,[ 20:59 ],0,171
31500,2014-05-22,[ 21:00 ],0,163
31501,2014-05-22,[ 21:01 ],0,163
31502,2014-05-22,[ 21:02 ],0,163
31503,2014-05-22,[ 21:03 ],0,171
31504,2014-05-22,[ 21:04 ],0,171
31505,2014-05-22,[ 21:05 ],0,171
31506,2014-05-22,[ 21:06 ],0,171
31507,2014-05-22,[ 21:07 ],0,169
31508,2014-05-22,[ 21:08 ],0,169
31509,2014-05-22,[ 21:09 ],0,169
31510,2014-05-22,[ 21:10 ],0,171
31511,2014-05-22,[ 21:11 ],0,171
31512,2014-05-22,[ 21:12 ],0,171
31513,2014-05-22,[ 21:13 ],0,171
31514,2014-05-22,[ 21:14 ],0,171
31515,2014-05-22,[ 21:15 ],0,170
31516,2014-05-22,[ 21:16 ],0,170
31517,2014-05-22,[ 21:17 ],0,170
31518,2014-05-22,[ 21:18 ],0,171
31519,2014-05-22,[ 21:19 ],0,171
31520,2014-05-22,[ 21:20 ],0,171
31521,2014-05-22,[ 21:21 ],0,170
31522,2014-05-22,[ 21:22 ],0,170
31523,2014-05-22,[ 21:23 ],0,171
31524,2014-05-22,[ 21:24 ],0,169
31525,2014-05-22,[ 21:25 ],0,171
31526,2014-05-22,[ 21:26 ],0,169
31527,2014-05-22,[ 21:27 ],0,171
31528,2014-05-22,[ 21:28 ],0,172
31529,2014-05-22,[ 21:29 ],0,172
31530,2014-05-22,[ 21:30 ],0,174
31531,2014-05-22,[ 21:31 ],0,239
31532,2014-05-22,[ 21:32 ],0,231
31533,2014-05-22,[ 21:33 ],0,229
31534,2014-05-22,[ 21:34 ],0,229
31535,2014-05-22,[ 21:35 ],0,228
31536,2014-05-22,[ 21:36 ],0,229
31537,2014-05-22,[ 21:37 ],0,227
31538,2014-05-22,[ 21:38 ],0,229
31539,2014-05-22,[ 21:39 ],0,227
31540,2014-05-22,[ 21:40 ],0,225
31541,2014-05-22,[ 21:41 ],0,227
31542,2014-05-22,[ 21:42 ],0,222
31543,2014-05-22,[ 21:43 ],0,171
31544,2014-05-22,[ 21:44 ],0,174
31545,2014-05-22,[ 21:45 ],0,171
31546,2014-05-22,[ 21:46 ],0,171
31547,2014-05-22,[ 21:47 ],0,171
31548,2014-05-22,[ 21:48 ],0,171
31549,2014-05-22,[ 21:49 ],0,169
31550,2014-05-22,[ 21:50 ],0,171
31551,2014-05-22,[ 21:51 ],0,171
31552,2014-05-22,[ 21:52 ],0,171
31553,2014-05-22,[ 21:53 ],0,169
31554,2014-05-22,[ 21:54 ],0,170
31555,2014-05-22,[ 21:55 ],0,895
31556,2014-05-22,[ 21:56 ],0,231
31557,2014-05-22,[ 21:57 ],0,231
31558,2014-05-22,[ 21:58 ],0,226
31559,2014-05-22,[ 21:59 ],0,229
31560,2014-05-22,[ 22:00 ],0,236
31561,2014-05-22,[ 22:01 ],0,236
31562,2014-05-22,[ 22:02 ],0,237
31563,2014-05-22,[ 22:03 ],0,235
31564,2014-05-22,[ 22:04 ],0,229
31565,2014-05-22,[ 22:05 ],0,226
31566,2014-05-22,[ 22:06 ],0,225
31567,2014-05-22,[ 22:07 ],0,225
31568,2014-05-22,[ 22:08 ],0,227
31569,2014-05-22,[ 22:09 ],0,226
31570,2014-05-22,[ 22:10 ],0,225
31571,2014-05-22,[ 22:11 ],0,225
31572,2014-05-22,[ 22:12 ],0,225
31573,2014-05-22,[ 22:13 ],0,225
31574,2014-05-22,[ 22:14 ],0,223
31575,2014-05-22,[ 22:15 ],0,224
31576,2014-05-22,[ 22:16 ],0,224
31577,2014-05-22,[ 22:17 ],0,223
31578,2014-05-22,[ 22:18 ],0,224
31579,2014-05-22,[ 22:19 ],0,225
31580,2014-05-22,[ 22:20 ],0,226
31581,2014-05-22,[ 22:21 ],0,226
31582,2014-05-22,[ 22:22 ],0,225
31583,2014-05-22,[ 22:23 ],0,226
31584,2014-05-22,[ 22:24 ],0,224
31585,2014-05-22,[ 22:25 ],0,219
31586,2014-05-22,[ 22:26 ],0,225
31587,2014-05-22,[ 22:27 ],0,225
31588,2014-05-22,[ 22:28 ],0,222
31589,2014-05-22,[ 22:29 ],0,225
31590,2014-05-22,[ 22:30 ],0,222
31591,2014-05-22,[ 22:31 ],0,221
31592,2014-05-22,[ 22:32 ],0,221
31593,2014-05-22,[ 22:33 ],0,219
31594,2014-05-22,[ 22:34 ],0,219
31595,2014-05-22,[ 22:35 ],0,219
31596,2014-05-22,[ 22:36 ],0,221
31597,2014-05-22,[ 22:37 ],0,218
31598,2014-05-22,[ 22:38 ],0,215
31599,2014-05-22,[ 22:39 ],0,214
31600,2014-05-22,[ 22:40 ],0,212
31601,2014-05-22,[ 22:41 ],0,213
31602,2014-05-22,[ 22:42 ],0,212
31603,2014-05-22,[ 22:43 ],0,210
31604,2014-05-22,[ 22:44 ],0,162
31605,2014-05-22,[ 22:45 ],0,163
31606,2014-05-22,[ 22:46 ],0,162
31607,2014-05-22,[ 22:47 ],0,163
31608,2014-05-22,[ 22:48 ],0,162
31609,2014-05-22,[ 22:49 ],0,162
31610,2014-05-22,[ 22:50 ],0,161
31611,2014-05-22,[ 22:51 ],0,163
31612,2014-05-22,[ 22:52 ],0,161
31613,2014-05-22,[ 22:53 ],0,160
31614,2014-05-22,[ 22:54 ],0,162
31615,2014-05-22,[ 22:55 ],0,159
31616,2014-05-22,[ 22:56 ],0,159
31617,2014-05-22,[ 22:57 ],0,159
31618,2014-05-22,[ 22:58 ],0,159
31619,2014-05-22,[ 22:59 ],0,159
31620,2014-05-22,[ 23:00 ],0,162
31621,2014-05-22,[ 23:01 ],0,161
31622,2014-05-22,[ 23:02 ],0,161
31623,2014-05-22,[ 23:03 ],0,163
31624,2014-05-22,[ 23:04 ],0,162
31625,2014-05-22,[ 23:05 ],0,160
31626,2014-05-22,[ 23:06 ],0,160
31627,2014-05-22,[ 23:07 ],0,160
31628,2014-05-22,[ 23:08 ],0,158
31629,2014-05-22,[ 23:09 ],0,161
31630,2014-05-22,[ 23:10 ],0,160
31631,2014-05-22,[ 23:11 ],0,159
31632,2014-05-22,[ 23:12 ],0,158
31633,2014-05-22,[ 23:13 ],0,159
31634,2014-05-22,[ 23:14 ],0,159
31635,2014-05-22,[ 23:15 ],0,159
31636,2014-05-22,[ 23:16 ],0,159
31637,2014-05-22,[ 23:17 ],0,157
31638,2014-05-22,[ 23:18 ],0,158
31639,2014-05-22,[ 23:19 ],0,160
31640,2014-05-22,[ 23:20 ],0,353
31641,2014-05-22,[ 23:21 ],0,353
31642,2014-05-22,[ 23:22 ],0,215
31643,2014-05-22,[ 23:23 ],0,212
31644,2014-05-22,[ 23:24 ],0,214
31645,2014-05-22,[ 23:25 ],0,211
31646,2014-05-22,[ 23:26 ],0,214
31647,2014-05-22,[ 23:27 ],0,211
31648,2014-05-22,[ 23:28 ],0,213
31649,2014-05-22,[ 23:29 ],0,210
31650,2014-05-22,[ 23:30 ],0,208
31651,2014-05-22,[ 23:31 ],0,205
31652,2014-05-22,[ 23:32 ],0,159
31653,2014-05-22,[ 23:33 ],0,159
31654,2014-05-22,[ 23:34 ],0,159
31655,2014-05-22,[ 23:35 ],0,158
31656,2014-05-22,[ 23:36 ],0,158
31657,2014-05-22,[ 23:37 ],0,158
31658,2014-05-22,[ 23:38 ],0,159
31659,2014-05-22,[ 23:39 ],0,158
31660,2014-05-22,[ 23:40 ],0,159
31661,2014-05-22,[ 23:41 ],0,159
31662,2014-05-22,[ 23:42 ],0,160
31663,2014-05-22,[ 23:43 ],0,160
31664,2014-05-22,[ 23:44 ],0,159
31665,2014-05-22,[ 23:45 ],0,159
31666,2014-05-22,[ 23:46 ],0,157
31667,2014-05-22,[ 23:47 ],0,158
31668,2014-05-22,[ 23:48 ],0,157
31669,2014-05-22,[ 23:49 ],0,159
31670,2014-05-22,[ 23:50 ],0,160
31671,2014-05-22,[ 23:51 ],0,158
31672,2014-05-22,[ 23:52 ],0,157
31673,2014-05-22,[ 23:53 ],0,157
31674,2014-05-22,[ 23:54 ],0,158
31675,2014-05-22,[ 23:55 ],0,157
31676,2014-05-22,[ 23:56 ],0,156
31677,2014-05-22,[ 23:57 ],0,156
31678,2014-05-22,[ 23:58 ],0,157
31679,2014-05-22,[ 23:59 ],0,157
31680,2014-05-23,[ 00:00 ],0,162
31681,2014-05-23,[ 00:01 ],0,160
31682,2014-05-23,[ 00:02 ],0,159
31683,2014-05-23,[ 00:03 ],0,162
31684,2014-05-23,[ 00:04 ],0,163
31685,2014-05-23,[ 00:05 ],0,159
31686,2014-05-23,[ 00:06 ],0,156
31687,2014-05-23,[ 00:07 ],0,159
31688,2014-05-23,[ 00:08 ],0,158
31689,2014-05-23,[ 00:09 ],0,158
31690,2014-05-23,[ 00:10 ],0,159
31691,2014-05-23,[ 00:11 ],0,160
31692,2014-05-23,[ 00:12 ],0,158
31693,2014-05-23,[ 00:13 ],0,157
31694,2014-05-23,[ 00:14 ],0,161
31695,2014-05-23,[ 00:15 ],0,159
31696,2014-05-23,[ 00:16 ],0,158
31697,2014-05-23,[ 00:17 ],0,161
31698,2014-05-23,[ 00:18 ],0,161
31699,2014-05-23,[ 00:19 ],0,159
31700,2014-05-23,[ 00:20 ],0,158
31701,2014-05-23,[ 00:21 ],0,159
31702,2014-05-23,[ 00:22 ],0,221
31703,2014-05-23,[ 00:23 ],0,221
31704,2014-05-23,[ 00:24 ],0,216
31705,2014-05-23,[ 00:25 ],0,216
31706,2014-05-23,[ 00:26 ],0,215
31707,2014-05-23,[ 00:27 ],0,215
31708,2014-05-23,[ 00:28 ],0,213
31709,2014-05-23,[ 00:29 ],0,213
31710,2014-05-23,[ 00:30 ],0,215
31711,2014-05-23,[ 00:31 ],0,215
31712,2014-05-23,[ 00:32 ],0,212
31713,2014-05-23,[ 00:33 ],0,210
31714,2014-05-23,[ 00:34 ],0,157
31715,2014-05-23,[ 00:35 ],0,159
31716,2014-05-23,[ 00:36 ],0,158
31717,2014-05-23,[ 00:37 ],0,158
31718,2014-05-23,[ 00:38 ],0,160
31719,2014-05-23,[ 00:39 ],0,158
31720,2014-05-23,[ 00:40 ],0,159
31721,2014-05-23,[ 00:41 ],0,159
31722,2014-05-23,[ 00:42 ],0,159
31723,2014-05-23,[ 00:43 ],0,159
31724,2014-05-23,[ 00:44 ],0,160
31725,2014-05-23,[ 00:45 ],0,159
31726,2014-05-23,[ 00:46 ],0,158
31727,2014-05-23,[ 00:47 ],0,161
31728,2014-05-23,[ 00:48 ],0,160
31729,2014-05-23,[ 00:49 ],0,157
31730,2014-05-23,[ 00:50 ],0,158
31731,2014-05-23,[ 00:51 ],0,158
31732,2014-05-23,[ 00:52 ],0,158
31733,2014-05-23,[ 00:53 ],0,158
31734,2014-05-23,[ 00:54 ],0,158
31735,2014-05-23,[ 00:55 ],0,157
31736,2014-05-23,[ 00:56 ],0,159
31737,2014-05-23,[ 00:57 ],0,159
31738,2014-05-23,[ 00:58 ],0,159
31739,2014-05-23,[ 00:59 ],0,159
31740,2014-05-23,[ 01:00 ],0,161
31741,2014-05-23,[ 01:01 ],0,161
31742,2014-05-23,[ 01:02 ],0,158
31743,2014-05-23,[ 01:03 ],0,160
31744,2014-05-23,[ 01:04 ],0,160
31745,2014-05-23,[ 01:05 ],0,160
31746,2014-05-23,[ 01:06 ],0,158
31747,2014-05-23,[ 01:07 ],0,157
31748,2014-05-23,[ 01:08 ],0,159
31749,2014-05-23,[ 01:09 ],0,225
31750,2014-05-23,[ 01:10 ],0,218
31751,2014-05-23,[ 01:11 ],0,215
31752,2014-05-23,[ 01:12 ],0,216
31753,2014-05-23,[ 01:13 ],0,221
31754,2014-05-23,[ 01:14 ],0,219
31755,2014-05-23,[ 01:15 ],0,218
31756,2014-05-23,[ 01:16 ],0,217
31757,2014-05-23,[ 01:17 ],0,216
31758,2014-05-23,[ 01:18 ],0,217
31759,2014-05-23,[ 01:19 ],0,217
31760,2014-05-23,[ 01:20 ],0,217
31761,2014-05-23,[ 01:21 ],0,219
31762,2014-05-23,[ 01:22 ],0,217
31763,2014-05-23,[ 01:23 ],0,217
31764,2014-05-23,[ 01:24 ],0,216
31765,2014-05-23,[ 01:25 ],0,215
31766,2014-05-23,[ 01:26 ],0,217
31767,2014-05-23,[ 01:27 ],0,217
31768,2014-05-23,[ 01:28 ],0,217
31769,2014-05-23,[ 01:29 ],0,217
31770,2014-05-23,[ 01:30 ],0,214
31771,2014-05-23,[ 01:31 ],0,216
31772,2014-05-23,[ 01:32 ],0,216
31773,2014-05-23,[ 01:33 ],0,215
31774,2014-05-23,[ 01:34 ],0,215
31775,2014-05-23,[ 01:35 ],0,216
31776,2014-05-23,[ 01:36 ],0,216
31777,2014-05-23,[ 01:37 ],0,217
31778,2014-05-23,[ 01:38 ],0,216
31779,2014-05-23,[ 01:39 ],0,215
31780,2014-05-23,[ 01:40 ],0,216
31781,2014-05-23,[ 01:41 ],0,214
31782,2014-05-23,[ 01:42 ],0,214
31783,2014-05-23,[ 01:43 ],0,215
31784,2014-05-23,[ 01:44 ],0,214
31785,2014-05-23,[ 01:45 ],0,214
31786,2014-05-23,[ 01:46 ],0,215
31787,2014-05-23,[ 01:47 ],0,216
31788,2014-05-23,[ 01:48 ],0,216
31789,2014-05-23,[ 01:49 ],0,216
31790,2014-05-23,[ 01:50 ],0,215
31791,2014-05-23,[ 01:51 ],0,216
31792,2014-05-23,[ 01:52 ],0,216
31793,2014-05-23,[ 01:53 ],0,217
31794,2014-05-23,[ 01:54 ],0,217
31795,2014-05-23,[ 01:55 ],0,215
31796,2014-05-23,[ 01:56 ],0,158
31797,2014-05-23,[ 01:57 ],0,158
31798,2014-05-23,[ 01:58 ],0,157
31799,2014-05-23,[ 01:59 ],0,156
31800,2014-05-23,[ 02:00 ],0,157
31801,2014-05-23,[ 02:01 ],0,159
31802,2014-05-23,[ 02:02 ],0,165
31803,2014-05-23,[ 02:03 ],0,167
31804,2014-05-23,[ 02:04 ],0,166
31805,2014-05-23,[ 02:05 ],0,166
31806,2014-05-23,[ 02:06 ],0,163
31807,2014-05-23,[ 02:07 ],0,163
31808,2014-05-23,[ 02:08 ],0,163
31809,2014-05-23,[ 02:09 ],0,163
31810,2014-05-23,[ 02:10 ],0,163
31811,2014-05-23,[ 02:11 ],0,163
31812,2014-05-23,[ 02:12 ],0,163
31813,2014-05-23,[ 02:13 ],0,163
31814,2014-05-23,[ 02:14 ],0,163
31815,2014-05-23,[ 02:15 ],0,165
31816,2014-05-23,[ 02:16 ],0,163
31817,2014-05-23,[ 02:17 ],0,163
31818,2014-05-23,[ 02:18 ],0,163
31819,2014-05-23,[ 02:19 ],0,163
31820,2014-05-23,[ 02:20 ],0,163
31821,2014-05-23,[ 02:21 ],0,162
31822,2014-05-23,[ 02:22 ],0,163
31823,2014-05-23,[ 02:23 ],0,163
31824,2014-05-23,[ 02:24 ],0,163
31825,2014-05-23,[ 02:25 ],0,163
31826,2014-05-23,[ 02:26 ],0,163
31827,2014-05-23,[ 02:27 ],0,165
31828,2014-05-23,[ 02:28 ],0,165
31829,2014-05-23,[ 02:29 ],0,165
31830,2014-05-23,[ 02:30 ],0,165
31831,2014-05-23,[ 02:31 ],0,163
31832,2014-05-23,[ 02:32 ],0,247
31833,2014-05-23,[ 02:33 ],0,218
31834,2014-05-23,[ 02:34 ],0,215
31835,2014-05-23,[ 02:35 ],0,215
31836,2014-05-23,[ 02:36 ],0,211
31837,2014-05-23,[ 02:37 ],0,211
31838,2014-05-23,[ 02:38 ],0,212
31839,2014-05-23,[ 02:39 ],0,208
31840,2014-05-23,[ 02:40 ],0,211
31841,2014-05-23,[ 02:41 ],0,207
31842,2014-05-23,[ 02:42 ],0,208
31843,2014-05-23,[ 02:43 ],0,206
31844,2014-05-23,[ 02:44 ],0,157
31845,2014-05-23,[ 02:45 ],0,156
31846,2014-05-23,[ 02:46 ],0,158
31847,2014-05-23,[ 02:47 ],0,157
31848,2014-05-23,[ 02:48 ],0,157
31849,2014-05-23,[ 02:49 ],0,157
31850,2014-05-23,[ 02:50 ],0,157
31851,2014-05-23,[ 02:51 ],0,158
31852,2014-05-23,[ 02:52 ],0,158
31853,2014-05-23,[ 02:53 ],0,157
31854,2014-05-23,[ 02:54 ],0,156
31855,2014-05-23,[ 02:55 ],0,158
31856,2014-05-23,[ 02:56 ],0,158
31857,2014-05-23,[ 02:57 ],0,160
31858,2014-05-23,[ 02:58 ],0,158
31859,2014-05-23,[ 02:59 ],0,157
31860,2014-05-23,[ 03:00 ],0,160
31861,2014-05-23,[ 03:01 ],0,160
31862,2014-05-23,[ 03:02 ],0,159
31863,2014-05-23,[ 03:03 ],0,162
31864,2014-05-23,[ 03:04 ],0,161
31865,2014-05-23,[ 03:05 ],0,159
31866,2014-05-23,[ 03:06 ],0,159
31867,2014-05-23,[ 03:07 ],0,159
31868,2014-05-23,[ 03:08 ],0,157
31869,2014-05-23,[ 03:09 ],0,156
31870,2014-05-23,[ 03:10 ],0,156
31871,2014-05-23,[ 03:11 ],0,157
31872,2014-05-23,[ 03:12 ],0,157
31873,2014-05-23,[ 03:13 ],0,157
31874,2014-05-23,[ 03:14 ],0,158
31875,2014-05-23,[ 03:15 ],0,158
31876,2014-05-23,[ 03:16 ],0,158
31877,2014-05-23,[ 03:17 ],0,157
31878,2014-05-23,[ 03:18 ],0,157
31879,2014-05-23,[ 03:19 ],0,158
31880,2014-05-23,[ 03:20 ],0,157
31881,2014-05-23,[ 03:21 ],0,158
31882,2014-05-23,[ 03:22 ],0,157
31883,2014-05-23,[ 03:23 ],0,156
31884,2014-05-23,[ 03:24 ],0,157
31885,2014-05-23,[ 03:25 ],0,157
31886,2014-05-23,[ 03:26 ],0,158
31887,2014-05-23,[ 03:27 ],0,158
31888,2014-05-23,[ 03:28 ],0,157
31889,2014-05-23,[ 03:29 ],0,158
31890,2014-05-23,[ 03:30 ],0,158
31891,2014-05-23,[ 03:31 ],0,157
31892,2014-05-23,[ 03:32 ],0,161
31893,2014-05-23,[ 03:33 ],0,221
31894,2014-05-23,[ 03:34 ],0,221
31895,2014-05-23,[ 03:35 ],0,214
31896,2014-05-23,[ 03:36 ],0,214
31897,2014-05-23,[ 03:37 ],0,215
31898,2014-05-23,[ 03:38 ],0,212
31899,2014-05-23,[ 03:39 ],0,212
31900,2014-05-23,[ 03:40 ],0,212
31901,2014-05-23,[ 03:41 ],0,210
31902,2014-05-23,[ 03:42 ],0,210
31903,2014-05-23,[ 03:43 ],0,208
31904,2014-05-23,[ 03:44 ],0,206
31905,2014-05-23,[ 03:45 ],0,159
31906,2014-05-23,[ 03:46 ],0,158
31907,2014-05-23,[ 03:47 ],0,158
31908,2014-05-23,[ 03:48 ],0,157
31909,2014-05-23,[ 03:49 ],0,157
31910,2014-05-23,[ 03:50 ],0,156
31911,2014-05-23,[ 03:51 ],0,157
31912,2014-05-23,[ 03:52 ],0,159
31913,2014-05-23,[ 03:53 ],0,156
31914,2014-05-23,[ 03:54 ],0,157
31915,2014-05-23,[ 03:55 ],0,157
31916,2014-05-23,[ 03:56 ],0,157
31917,2014-05-23,[ 03:57 ],0,157
31918,2014-05-23,[ 03:58 ],0,157
31919,2014-05-23,[ 03:59 ],0,157
31920,2014-05-23,[ 04:00 ],0,158
31921,2014-05-23,[ 04:01 ],0,159
31922,2014-05-23,[ 04:02 ],0,159
31923,2014-05-23,[ 04:03 ],0,157
31924,2014-05-23,[ 04:04 ],0,158
31925,2014-05-23,[ 04:05 ],0,157
31926,2014-05-23,[ 04:06 ],0,156
31927,2014-05-23,[ 04:07 ],0,156
31928,2014-05-23,[ 04:08 ],0,158
31929,2014-05-23,[ 04:09 ],0,157
31930,2014-05-23,[ 04:10 ],0,156
31931,2014-05-23,[ 04:11 ],0,156
31932,2014-05-23,[ 04:12 ],0,156
31933,2014-05-23,[ 04:13 ],0,159
31934,2014-05-23,[ 04:14 ],0,158
31935,2014-05-23,[ 04:15 ],0,157
31936,2014-05-23,[ 04:16 ],0,160
31937,2014-05-23,[ 04:17 ],0,157
31938,2014-05-23,[ 04:18 ],0,157
31939,2014-05-23,[ 04:19 ],0,159
31940,2014-05-23,[ 04:20 ],0,159
31941,2014-05-23,[ 04:21 ],0,158
31942,2014-05-23,[ 04:22 ],0,158
31943,2014-05-23,[ 04:23 ],0,226
31944,2014-05-23,[ 04:24 ],0,213
31945,2014-05-23,[ 04:25 ],0,212
31946,2014-05-23,[ 04:26 ],0,214
31947,2014-05-23,[ 04:27 ],0,216
31948,2014-05-23,[ 04:28 ],0,216
31949,2014-05-23,[ 04:29 ],0,216
31950,2014-05-23,[ 04:30 ],0,217
31951,2014-05-23,[ 04:31 ],0,215
31952,2014-05-23,[ 04:32 ],0,214
31953,2014-05-23,[ 04:33 ],0,214
31954,2014-05-23,[ 04:34 ],0,215
31955,2014-05-23,[ 04:35 ],0,216
31956,2014-05-23,[ 04:36 ],0,214
31957,2014-05-23,[ 04:37 ],0,213
31958,2014-05-23,[ 04:38 ],0,213
31959,2014-05-23,[ 04:39 ],0,216
31960,2014-05-23,[ 04:40 ],0,215
31961,2014-05-23,[ 04:41 ],0,215
31962,2014-05-23,[ 04:42 ],0,215
31963,2014-05-23,[ 04:43 ],0,214
31964,2014-05-23,[ 04:44 ],0,215
31965,2014-05-23,[ 04:45 ],0,214
31966,2014-05-23,[ 04:46 ],0,215
31967,2014-05-23,[ 04:47 ],0,214
31968,2014-05-23,[ 04:48 ],0,214
31969,2014-05-23,[ 04:49 ],0,214
31970,2014-05-23,[ 04:50 ],0,214
31971,2014-05-23,[ 04:51 ],0,213
31972,2014-05-23,[ 04:52 ],0,215
31973,2014-05-23,[ 04:53 ],0,213
31974,2014-05-23,[ 04:54 ],0,213
31975,2014-05-23,[ 04:55 ],0,214
31976,2014-05-23,[ 04:56 ],0,214
31977,2014-05-23,[ 04:57 ],0,215
31978,2014-05-23,[ 04:58 ],0,214
31979,2014-05-23,[ 04:59 ],0,212
31980,2014-05-23,[ 05:00 ],0,217
31981,2014-05-23,[ 05:01 ],0,213
31982,2014-05-23,[ 05:02 ],0,212
31983,2014-05-23,[ 05:03 ],0,216
31984,2014-05-23,[ 05:04 ],0,217
31985,2014-05-23,[ 05:05 ],0,214
31986,2014-05-23,[ 05:06 ],0,214
31987,2014-05-23,[ 05:07 ],0,216
31988,2014-05-23,[ 05:08 ],0,212
31989,2014-05-23,[ 05:09 ],0,157
31990,2014-05-23,[ 05:10 ],0,156
31991,2014-05-23,[ 05:11 ],0,155
31992,2014-05-23,[ 05:12 ],0,156
31993,2014-05-23,[ 05:13 ],0,361
31994,2014-05-23,[ 05:14 ],0,378
31995,2014-05-23,[ 05:15 ],0,378
31996,2014-05-23,[ 05:16 ],0,367
31997,2014-05-23,[ 05:17 ],0,365
31998,2014-05-23,[ 05:18 ],0,372
31999,2014-05-23,[ 05:19 ],0,371
32000,2014-05-23,[ 05:20 ],0,389
32001,2014-05-23,[ 05:21 ],0,2016
32002,2014-05-23,[ 05:22 ],0,2013
32003,2014-05-23,[ 05:23 ],0,2010
32004,2014-05-23,[ 05:24 ],0,2005
32005,2014-05-23,[ 05:25 ],0,386
32006,2014-05-23,[ 05:26 ],0,378
32007,2014-05-23,[ 05:27 ],0,173
32008,2014-05-23,[ 05:28 ],0,173
32009,2014-05-23,[ 05:29 ],0,182
32010,2014-05-23,[ 05:30 ],0,169
32011,2014-05-23,[ 05:31 ],0,156
32012,2014-05-23,[ 05:32 ],0,156
32013,2014-05-23,[ 05:33 ],0,156
32014,2014-05-23,[ 05:34 ],0,158
32015,2014-05-23,[ 05:35 ],0,159
32016,2014-05-23,[ 05:36 ],0,158
32017,2014-05-23,[ 05:37 ],0,158
32018,2014-05-23,[ 05:38 ],0,277
32019,2014-05-23,[ 05:39 ],0,257
32020,2014-05-23,[ 05:40 ],0,229
32021,2014-05-23,[ 05:41 ],0,238
32022,2014-05-23,[ 05:42 ],0,237
32023,2014-05-23,[ 05:43 ],0,235
32024,2014-05-23,[ 05:44 ],0,232
32025,2014-05-23,[ 05:45 ],0,234
32026,2014-05-23,[ 05:46 ],0,228
32027,2014-05-23,[ 05:47 ],0,225
32028,2014-05-23,[ 05:48 ],0,219
32029,2014-05-23,[ 05:49 ],0,219
32030,2014-05-23,[ 05:50 ],0,219
32031,2014-05-23,[ 05:51 ],0,368
32032,2014-05-23,[ 05:52 ],0,372
32033,2014-05-23,[ 05:53 ],0,345
32034,2014-05-23,[ 05:54 ],0,298
32035,2014-05-23,[ 05:55 ],0,293
32036,2014-05-23,[ 05:56 ],0,294
32037,2014-05-23,[ 05:57 ],0,292
32038,2014-05-23,[ 05:58 ],0,291
32039,2014-05-23,[ 05:59 ],0,307
32040,2014-05-23,[ 06:00 ],0,310
32041,2014-05-23,[ 06:01 ],0,295
32042,2014-05-23,[ 06:02 ],0,365
32043,2014-05-23,[ 06:03 ],0,361
32044,2014-05-23,[ 06:04 ],0,345
32045,2014-05-23,[ 06:05 ],0,342
32046,2014-05-23,[ 06:06 ],0,337
32047,2014-05-23,[ 06:07 ],0,336
32048,2014-05-23,[ 06:08 ],0,332
32049,2014-05-23,[ 06:09 ],0,331
32050,2014-05-23,[ 06:10 ],0,272
32051,2014-05-23,[ 06:11 ],0,276
32052,2014-05-23,[ 06:12 ],0,273
32053,2014-05-23,[ 06:13 ],0,276
32054,2014-05-23,[ 06:14 ],0,272
32055,2014-05-23,[ 06:15 ],0,278
32056,2014-05-23,[ 06:16 ],0,274
32057,2014-05-23,[ 06:17 ],0,274
32058,2014-05-23,[ 06:18 ],0,274
32059,2014-05-23,[ 06:19 ],0,272
32060,2014-05-23,[ 06:20 ],0,270
32061,2014-05-23,[ 06:21 ],0,271
32062,2014-05-23,[ 06:22 ],0,269
32063,2014-05-23,[ 06:23 ],0,274
32064,2014-05-23,[ 06:24 ],0,282
32065,2014-05-23,[ 06:25 ],0,282
32066,2014-05-23,[ 06:26 ],0,282
32067,2014-05-23,[ 06:27 ],0,281
32068,2014-05-23,[ 06:28 ],0,273
32069,2014-05-23,[ 06:29 ],0,267
32070,2014-05-23,[ 06:30 ],0,273
32071,2014-05-23,[ 06:31 ],0,276
32072,2014-05-23,[ 06:32 ],0,275
32073,2014-05-23,[ 06:33 ],0,280
32074,2014-05-23,[ 06:34 ],0,275
32075,2014-05-23,[ 06:35 ],0,277
32076,2014-05-23,[ 06:36 ],0,277
32077,2014-05-23,[ 06:37 ],0,276
32078,2014-05-23,[ 06:38 ],0,322
32079,2014-05-23,[ 06:39 ],0,2779
32080,2014-05-23,[ 06:40 ],0,2783
32081,2014-05-23,[ 06:41 ],0,2675
32082,2014-05-23,[ 06:42 ],0,322
32083,2014-05-23,[ 06:43 ],0,320
32084,2014-05-23,[ 06:44 ],0,332
32085,2014-05-23,[ 06:45 ],0,320
32086,2014-05-23,[ 06:46 ],0,324
32087,2014-05-23,[ 06:47 ],0,328
32088,2014-05-23,[ 06:48 ],0,2662
32089,2014-05-23,[ 06:49 ],0,333
32090,2014-05-23,[ 06:50 ],0,327
32091,2014-05-23,[ 06:51 ],0,336
32092,2014-05-23,[ 06:52 ],0,330
32093,2014-05-23,[ 06:53 ],0,321
32094,2014-05-23,[ 06:54 ],0,323
32095,2014-05-23,[ 06:55 ],0,1417
32096,2014-05-23,[ 06:56 ],0,977
32097,2014-05-23,[ 06:57 ],0,1413
32098,2014-05-23,[ 06:58 ],0,432
32099,2014-05-23,[ 06:59 ],0,832
32100,2014-05-23,[ 07:00 ],0,2065
32101,2014-05-23,[ 07:01 ],0,3085
32102,2014-05-23,[ 07:02 ],0,2162
32103,2014-05-23,[ 07:03 ],0,2162
32104,2014-05-23,[ 07:04 ],0,1522
32105,2014-05-23,[ 07:05 ],0,1522
32106,2014-05-23,[ 07:06 ],0,491
32107,2014-05-23,[ 07:07 ],0,463
32108,2014-05-23,[ 07:08 ],0,474
32109,2014-05-23,[ 07:09 ],0,487
32110,2014-05-23,[ 07:10 ],0,465
32111,2014-05-23,[ 07:11 ],0,474
32112,2014-05-23,[ 07:12 ],0,474
32113,2014-05-23,[ 07:13 ],0,432
32114,2014-05-23,[ 07:14 ],0,460
32115,2014-05-23,[ 07:15 ],0,460
32116,2014-05-23,[ 07:16 ],0,487
32117,2014-05-23,[ 07:17 ],0,441
32118,2014-05-23,[ 07:18 ],0,432
32119,2014-05-23,[ 07:19 ],0,468
32120,2014-05-23,[ 07:20 ],0,483
32121,2014-05-23,[ 07:21 ],0,423
32122,2014-05-23,[ 07:22 ],0,382
32123,2014-05-23,[ 07:23 ],0,385
32124,2014-05-23,[ 07:24 ],0,402
32125,2014-05-23,[ 07:25 ],0,397
32126,2014-05-23,[ 07:26 ],0,400
32127,2014-05-23,[ 07:27 ],0,388
32128,2014-05-23,[ 07:28 ],0,413
32129,2014-05-23,[ 07:29 ],0,393
32130,2014-05-23,[ 07:30 ],0,401
32131,2014-05-23,[ 07:31 ],0,404
32132,2014-05-23,[ 07:32 ],0,405
32133,2014-05-23,[ 07:33 ],0,387
32134,2014-05-23,[ 07:34 ],0,400
32135,2014-05-23,[ 07:35 ],0,397
32136,2014-05-23,[ 07:36 ],0,459
32137,2014-05-23,[ 07:37 ],0,456
32138,2014-05-23,[ 07:38 ],0,568
32139,2014-05-23,[ 07:39 ],0,460
32140,2014-05-23,[ 07:40 ],0,388
32141,2014-05-23,[ 07:41 ],0,379
32142,2014-05-23,[ 07:42 ],0,344
32143,2014-05-23,[ 07:43 ],0,374
32144,2014-05-23,[ 07:44 ],0,391
32145,2014-05-23,[ 07:45 ],0,404
32146,2014-05-23,[ 07:46 ],0,412
32147,2014-05-23,[ 07:47 ],0,412
32148,2014-05-23,[ 07:48 ],0,448
32149,2014-05-23,[ 07:49 ],0,341
32150,2014-05-23,[ 07:50 ],0,352
32151,2014-05-23,[ 07:51 ],0,365
32152,2014-05-23,[ 07:52 ],0,344
32153,2014-05-23,[ 07:53 ],0,337
32154,2014-05-23,[ 07:54 ],0,335
32155,2014-05-23,[ 07:55 ],0,347
32156,2014-05-23,[ 07:56 ],0,334
32157,2014-05-23,[ 07:57 ],0,344
32158,2014-05-23,[ 07:58 ],0,339
32159,2014-05-23,[ 07:59 ],0,344
32160,2014-05-23,[ 08:00 ],0,330
32161,2014-05-23,[ 08:01 ],0,355
32162,2014-05-23,[ 08:02 ],0,409
32163,2014-05-23,[ 08:03 ],0,380
32164,2014-05-23,[ 08:04 ],0,386
32165,2014-05-23,[ 08:05 ],0,403
32166,2014-05-23,[ 08:06 ],0,345
32167,2014-05-23,[ 08:07 ],0,345
32168,2014-05-23,[ 08:08 ],0,337
32169,2014-05-23,[ 08:09 ],0,356
32170,2014-05-23,[ 08:10 ],0,321
32171,2014-05-23,[ 08:11 ],0,324
32172,2014-05-23,[ 08:12 ],0,332
32173,2014-05-23,[ 08:13 ],0,332
32174,2014-05-23,[ 08:14 ],0,332
32175,2014-05-23,[ 08:15 ],0,332
32176,2014-05-23,[ 08:16 ],0,297
32177,2014-05-23,[ 08:17 ],0,299
32178,2014-05-23,[ 08:18 ],0,299
32179,2014-05-23,[ 08:19 ],0,301
32180,2014-05-23,[ 08:20 ],0,332
32181,2014-05-23,[ 08:21 ],0,340
32182,2014-05-23,[ 08:22 ],0,850
32183,2014-05-23,[ 08:23 ],0,415
32184,2014-05-23,[ 08:24 ],0,406
32185,2014-05-23,[ 08:25 ],0,810
32186,2014-05-23,[ 08:26 ],0,1118
32187,2014-05-23,[ 08:27 ],0,2681
32188,2014-05-23,[ 08:28 ],0,2652
32189,2014-05-23,[ 08:29 ],0,2780
32190,2014-05-23,[ 08:30 ],0,2616
32191,2014-05-23,[ 08:31 ],0,2704
32192,2014-05-23,[ 08:32 ],0,2759
32193,2014-05-23,[ 08:33 ],0,2720
32194,2014-05-23,[ 08:34 ],0,2755
32195,2014-05-23,[ 08:35 ],0,2593
32196,2014-05-23,[ 08:36 ],0,2788
32197,2014-05-23,[ 08:37 ],0,2821
32198,2014-05-23,[ 08:38 ],0,2718
32199,2014-05-23,[ 08:39 ],0,2708
32200,2014-05-23,[ 08:40 ],0,2733
32201,2014-05-23,[ 08:41 ],0,1317
32202,2014-05-23,[ 08:42 ],0,1317
32203,2014-05-23,[ 08:43 ],0,1305
32204,2014-05-23,[ 08:44 ],0,1353
32205,2014-05-23,[ 08:45 ],0,2191
32206,2014-05-23,[ 08:46 ],0,2669
32207,2014-05-23,[ 08:47 ],0,2669
32208,2014-05-23,[ 08:48 ],0,1210
32209,2014-05-23,[ 08:49 ],0,1379
32210,2014-05-23,[ 08:50 ],0,1241
32211,2014-05-23,[ 08:51 ],0,1142
32212,2014-05-23,[ 08:52 ],0,2726
32213,2014-05-23,[ 08:53 ],0,2726
32214,2014-05-23,[ 08:54 ],0,1132
32215,2014-05-23,[ 08:55 ],0,1122
32216,2014-05-23,[ 08:56 ],0,1446
32217,2014-05-23,[ 08:57 ],0,1019
32218,2014-05-23,[ 08:58 ],0,2595
32219,2014-05-23,[ 08:59 ],0,2595
32220,2014-05-23,[ 09:00 ],0,1265
32221,2014-05-23,[ 09:01 ],0,1406
32222,2014-05-23,[ 09:02 ],0,1081
32223,2014-05-23,[ 09:03 ],0,1384
32224,2014-05-23,[ 09:04 ],0,1258
32225,2014-05-23,[ 09:05 ],0,1360
32226,2014-05-23,[ 09:06 ],0,1254
32227,2014-05-23,[ 09:07 ],0,978
32228,2014-05-23,[ 09:08 ],0,1145
32229,2014-05-23,[ 09:09 ],0,1323
32230,2014-05-23,[ 09:10 ],0,971
32231,2014-05-23,[ 09:11 ],0,955
32232,2014-05-23,[ 09:12 ],0,972
32233,2014-05-23,[ 09:13 ],0,952
32234,2014-05-23,[ 09:14 ],0,1142
32235,2014-05-23,[ 09:15 ],0,944
32236,2014-05-23,[ 09:16 ],0,632
32237,2014-05-23,[ 09:17 ],0,367
32238,2014-05-23,[ 09:18 ],0,945
32239,2014-05-23,[ 09:19 ],0,370
32240,2014-05-23,[ 09:20 ],0,748
32241,2014-05-23,[ 09:21 ],0,709
32242,2014-05-23,[ 09:22 ],0,709
32243,2014-05-23,[ 09:23 ],0,548
32244,2014-05-23,[ 09:24 ],0,806
32245,2014-05-23,[ 09:25 ],0,1258
32246,2014-05-23,[ 09:26 ],0,1258
32247,2014-05-23,[ 09:27 ],0,1505
32248,2014-05-23,[ 09:28 ],0,1754
32249,2014-05-23,[ 09:29 ],0,1717
32250,2014-05-23,[ 09:30 ],0,1681
32251,2014-05-23,[ 09:31 ],0,532
32252,2014-05-23,[ 09:32 ],0,973
32253,2014-05-23,[ 09:33 ],0,608
32254,2014-05-23,[ 09:34 ],0,608
32255,2014-05-23,[ 09:35 ],0,514
32256,2014-05-23,[ 09:36 ],0,958
32257,2014-05-23,[ 09:37 ],0,1112
32258,2014-05-23,[ 09:38 ],0,1272
32259,2014-05-23,[ 09:39 ],0,3484
32260,2014-05-23,[ 09:40 ],0,3509
32261,2014-05-23,[ 09:41 ],0,3507
32262,2014-05-23,[ 09:42 ],0,1744
32263,2014-05-23,[ 09:43 ],0,680
32264,2014-05-23,[ 09:44 ],0,313
32265,2014-05-23,[ 09:45 ],0,882
32266,2014-05-23,[ 09:46 ],0,796
32267,2014-05-23,[ 09:47 ],0,710
32268,2014-05-23,[ 09:48 ],0,681
32269,2014-05-23,[ 09:49 ],0,673
32270,2014-05-23,[ 09:50 ],0,807
32271,2014-05-23,[ 09:51 ],0,876
32272,2014-05-23,[ 09:52 ],0,887
32273,2014-05-23,[ 09:53 ],0,895
32274,2014-05-23,[ 09:54 ],0,865
32275,2014-05-23,[ 09:55 ],0,472
32276,2014-05-23,[ 09:56 ],0,470
32277,2014-05-23,[ 09:57 ],0,470
32278,2014-05-23,[ 09:58 ],0,2085
32279,2014-05-23,[ 09:59 ],0,465
32280,2014-05-23,[ 10:00 ],0,458
32281,2014-05-23,[ 10:01 ],0,460
32282,2014-05-23,[ 10:02 ],0,456
32283,2014-05-23,[ 10:03 ],0,465
32284,2014-05-23,[ 10:04 ],0,471
32285,2014-05-23,[ 10:05 ],0,478
32286,2014-05-23,[ 10:06 ],0,467
32287,2014-05-23,[ 10:07 ],0,460
32288,2014-05-23,[ 10:08 ],0,459
32289,2014-05-23,[ 10:09 ],0,465
32290,2014-05-23,[ 10:10 ],0,465
32291,2014-05-23,[ 10:11 ],0,459
32292,2014-05-23,[ 10:12 ],0,455
32293,2014-05-23,[ 10:13 ],0,456
32294,2014-05-23,[ 10:14 ],0,457
32295,2014-05-23,[ 10:15 ],0,452
32296,2014-05-23,[ 10:16 ],0,464
32297,2014-05-23,[ 10:17 ],0,457
32298,2014-05-23,[ 10:18 ],0,456
32299,2014-05-23,[ 10:19 ],0,457
32300,2014-05-23,[ 10:20 ],0,869
32301,2014-05-23,[ 10:21 ],0,938
32302,2014-05-23,[ 10:22 ],0,2712
32303,2014-05-23,[ 10:23 ],0,2790
32304,2014-05-23,[ 10:24 ],0,2898
32305,2014-05-23,[ 10:25 ],0,2876
32306,2014-05-23,[ 10:26 ],0,2857
32307,2014-05-23,[ 10:27 ],0,2857
32308,2014-05-23,[ 10:28 ],0,2875
32309,2014-05-23,[ 10:29 ],0,2806
32310,2014-05-23,[ 10:30 ],0,2770
32311,2014-05-23,[ 10:31 ],0,2770
32312,2014-05-23,[ 10:32 ],0,2740
32313,2014-05-23,[ 10:33 ],0,2819
32314,2014-05-23,[ 10:34 ],0,2819
32315,2014-05-23,[ 10:35 ],0,1190
32316,2014-05-23,[ 10:36 ],0,1032
32317,2014-05-23,[ 10:37 ],0,1011
32318,2014-05-23,[ 10:38 ],0,1270
32319,2014-05-23,[ 10:39 ],0,1017
32320,2014-05-23,[ 10:40 ],0,2571
32321,2014-05-23,[ 10:41 ],0,2560
32322,2014-05-23,[ 10:42 ],0,1232
32323,2014-05-23,[ 10:43 ],0,1232
32324,2014-05-23,[ 10:44 ],0,1126
32325,2014-05-23,[ 10:45 ],0,1093
32326,2014-05-23,[ 10:46 ],0,2504
32327,2014-05-23,[ 10:47 ],0,2548
32328,2014-05-23,[ 10:48 ],0,1336
32329,2014-05-23,[ 10:49 ],0,1336
32330,2014-05-23,[ 10:50 ],0,977
32331,2014-05-23,[ 10:51 ],0,1060
32332,2014-05-23,[ 10:52 ],0,2662
32333,2014-05-23,[ 10:53 ],0,2662
32334,2014-05-23,[ 10:54 ],0,976
32335,2014-05-23,[ 10:55 ],0,977
32336,2014-05-23,[ 10:56 ],0,967
32337,2014-05-23,[ 10:57 ],0,1101
32338,2014-05-23,[ 10:58 ],0,1065
32339,2014-05-23,[ 10:59 ],0,1391
32340,2014-05-23,[ 11:00 ],0,1090
32341,2014-05-23,[ 11:01 ],0,1303
32342,2014-05-23,[ 11:02 ],0,1365
32343,2014-05-23,[ 11:03 ],0,1365
32344,2014-05-23,[ 11:04 ],0,1048
32345,2014-05-23,[ 11:05 ],0,1195
32346,2014-05-23,[ 11:06 ],0,1343
32347,2014-05-23,[ 11:07 ],0,1234
32348,2014-05-23,[ 11:08 ],0,1080
32349,2014-05-23,[ 11:09 ],0,837
32350,2014-05-23,[ 11:10 ],0,934
32351,2014-05-23,[ 11:11 ],0,1092
32352,2014-05-23,[ 11:12 ],0,767
32353,2014-05-23,[ 11:13 ],0,876
32354,2014-05-23,[ 11:14 ],0,876
32355,2014-05-23,[ 11:15 ],0,625
32356,2014-05-23,[ 11:16 ],0,768
32357,2014-05-23,[ 11:17 ],0,1118
32358,2014-05-23,[ 11:18 ],0,946
32359,2014-05-23,[ 11:19 ],0,624
32360,2014-05-23,[ 11:20 ],0,959
32361,2014-05-23,[ 11:21 ],0,1134
32362,2014-05-23,[ 11:22 ],0,1205
32363,2014-05-23,[ 11:23 ],0,1567
32364,2014-05-23,[ 11:24 ],0,1647
32365,2014-05-23,[ 11:25 ],0,1858
32366,2014-05-23,[ 11:26 ],0,978
32367,2014-05-23,[ 11:27 ],0,796
32368,2014-05-23,[ 11:28 ],0,660
32369,2014-05-23,[ 11:29 ],0,704
32370,2014-05-23,[ 11:30 ],0,657
32371,2014-05-23,[ 11:31 ],0,937
32372,2014-05-23,[ 11:32 ],0,977
32373,2014-05-23,[ 11:33 ],0,1100
32374,2014-05-23,[ 11:34 ],0,1659
32375,2014-05-23,[ 11:35 ],0,1911
32376,2014-05-23,[ 11:36 ],0,1853
32377,2014-05-23,[ 11:37 ],0,1467
32378,2014-05-23,[ 11:38 ],0,1097
32379,2014-05-23,[ 11:39 ],0,620
32380,2014-05-23,[ 11:40 ],0,620
32381,2014-05-23,[ 11:41 ],0,2477
32382,2014-05-23,[ 11:42 ],0,2404
32383,2014-05-23,[ 11:43 ],0,2310
32384,2014-05-23,[ 11:44 ],0,2269
32385,2014-05-23,[ 11:45 ],0,576
32386,2014-05-23,[ 11:46 ],0,774
32387,2014-05-23,[ 11:47 ],0,880
32388,2014-05-23,[ 11:48 ],0,827
32389,2014-05-23,[ 11:49 ],0,831
32390,2014-05-23,[ 11:50 ],0,638
32391,2014-05-23,[ 11:51 ],0,596
32392,2014-05-23,[ 11:52 ],0,573
32393,2014-05-23,[ 11:53 ],0,398
32394,2014-05-23,[ 11:54 ],0,397
32395,2014-05-23,[ 11:55 ],0,416
32396,2014-05-23,[ 11:56 ],0,404
32397,2014-05-23,[ 11:57 ],0,417
32398,2014-05-23,[ 11:58 ],0,450
32399,2014-05-23,[ 11:59 ],0,399
32400,2014-05-23,[ 12:00 ],0,402
32401,2014-05-23,[ 12:01 ],0,399
32402,2014-05-23,[ 12:02 ],0,397
32403,2014-05-23,[ 12:03 ],0,407
32404,2014-05-23,[ 12:04 ],0,402
32405,2014-05-23,[ 12:05 ],0,405
32406,2014-05-23,[ 12:06 ],0,407
32407,2014-05-23,[ 12:07 ],0,859
32408,2014-05-23,[ 12:08 ],0,952
32409,2014-05-23,[ 12:09 ],0,2586
32410,2014-05-23,[ 12:10 ],0,2862
32411,2014-05-23,[ 12:11 ],0,2859
32412,2014-05-23,[ 12:12 ],0,2777
32413,2014-05-23,[ 12:13 ],0,2807
32414,2014-05-23,[ 12:14 ],0,2740
32415,2014-05-23,[ 12:15 ],0,2479
32416,2014-05-23,[ 12:16 ],0,2859
32417,2014-05-23,[ 12:17 ],0,2622
32418,2014-05-23,[ 12:18 ],0,2785
32419,2014-05-23,[ 12:19 ],0,2731
32420,2014-05-23,[ 12:20 ],0,2523
32421,2014-05-23,[ 12:21 ],0,2836
32422,2014-05-23,[ 12:22 ],0,2314
32423,2014-05-23,[ 12:23 ],0,971
32424,2014-05-23,[ 12:24 ],0,1241
32425,2014-05-23,[ 12:25 ],0,1247
32426,2014-05-23,[ 12:26 ],0,1064
32427,2014-05-23,[ 12:27 ],0,2616
32428,2014-05-23,[ 12:28 ],0,2663
32429,2014-05-23,[ 12:29 ],0,1254
32430,2014-05-23,[ 12:30 ],0,1078
32431,2014-05-23,[ 12:31 ],0,1072
32432,2014-05-23,[ 12:32 ],0,1039
32433,2014-05-23,[ 12:33 ],0,1024
32434,2014-05-23,[ 12:34 ],0,2742
32435,2014-05-23,[ 12:35 ],0,2646
32436,2014-05-23,[ 12:36 ],0,951
32437,2014-05-23,[ 12:37 ],0,1068
32438,2014-05-23,[ 12:38 ],0,977
32439,2014-05-23,[ 12:39 ],0,971
32440,2014-05-23,[ 12:40 ],0,2780
32441,2014-05-23,[ 12:41 ],0,2556
32442,2014-05-23,[ 12:42 ],0,1139
32443,2014-05-23,[ 12:43 ],0,971
32444,2014-05-23,[ 12:44 ],0,953
32445,2014-05-23,[ 12:45 ],0,948
32446,2014-05-23,[ 12:46 ],0,1143
32447,2014-05-23,[ 12:47 ],0,966
32448,2014-05-23,[ 12:48 ],0,941
32449,2014-05-23,[ 12:49 ],0,1101
32450,2014-05-23,[ 12:50 ],0,1020
32451,2014-05-23,[ 12:51 ],0,964
32452,2014-05-23,[ 12:52 ],0,966
32453,2014-05-23,[ 12:53 ],0,1297
32454,2014-05-23,[ 12:54 ],0,958
32455,2014-05-23,[ 12:55 ],0,955
32456,2014-05-23,[ 12:56 ],0,955
32457,2014-05-23,[ 12:57 ],0,912
32458,2014-05-23,[ 12:58 ],0,570
32459,2014-05-23,[ 12:59 ],0,710
32460,2014-05-23,[ 13:00 ],0,355
32461,2014-05-23,[ 13:01 ],0,673
32462,2014-05-23,[ 13:02 ],0,707
32463,2014-05-23,[ 13:03 ],0,921
32464,2014-05-23,[ 13:04 ],0,783
32465,2014-05-23,[ 13:05 ],0,583
32466,2014-05-23,[ 13:06 ],0,821
32467,2014-05-23,[ 13:07 ],0,933
32468,2014-05-23,[ 13:08 ],0,1028
32469,2014-05-23,[ 13:09 ],0,1434
32470,2014-05-23,[ 13:10 ],0,1803
32471,2014-05-23,[ 13:11 ],0,1803
32472,2014-05-23,[ 13:12 ],0,1295
32473,2014-05-23,[ 13:13 ],0,849
32474,2014-05-23,[ 13:14 ],0,977
32475,2014-05-23,[ 13:15 ],0,1133
32476,2014-05-23,[ 13:16 ],0,645
32477,2014-05-23,[ 13:17 ],0,645
32478,2014-05-23,[ 13:18 ],0,584
32479,2014-05-23,[ 13:19 ],0,761
32480,2014-05-23,[ 13:20 ],0,887
32481,2014-05-23,[ 13:21 ],0,945
32482,2014-05-23,[ 13:22 ],0,1432
32483,2014-05-23,[ 13:23 ],0,1441
32484,2014-05-23,[ 13:24 ],0,901
32485,2014-05-23,[ 13:25 ],0,807
32486,2014-05-23,[ 13:26 ],0,796
32487,2014-05-23,[ 13:27 ],0,416
32488,2014-05-23,[ 13:28 ],0,567
32489,2014-05-23,[ 13:29 ],0,959
32490,2014-05-23,[ 13:30 ],0,723
32491,2014-05-23,[ 13:31 ],0,605
32492,2014-05-23,[ 13:32 ],0,597
32493,2014-05-23,[ 13:33 ],0,526
32494,2014-05-23,[ 13:34 ],0,727
32495,2014-05-23,[ 13:35 ],0,1245
32496,2014-05-23,[ 13:36 ],0,745
32497,2014-05-23,[ 13:37 ],0,740
32498,2014-05-23,[ 13:38 ],0,318
32499,2014-05-23,[ 13:39 ],0,365
32500,2014-05-23,[ 13:40 ],0,334
32501,2014-05-23,[ 13:41 ],0,315
32502,2014-05-23,[ 13:42 ],0,317
32503,2014-05-23,[ 13:43 ],0,311
32504,2014-05-23,[ 13:44 ],0,313
32505,2014-05-23,[ 13:45 ],0,309
32506,2014-05-23,[ 13:46 ],0,340
32507,2014-05-23,[ 13:47 ],0,341
32508,2014-05-23,[ 13:48 ],0,319
32509,2014-05-23,[ 13:49 ],0,322
32510,2014-05-23,[ 13:50 ],0,312
32511,2014-05-23,[ 13:51 ],0,320
32512,2014-05-23,[ 13:52 ],0,312
32513,2014-05-23,[ 13:53 ],0,2777
32514,2014-05-23,[ 13:54 ],0,2697
32515,2014-05-23,[ 13:55 ],0,2690
32516,2014-05-23,[ 13:56 ],0,321
32517,2014-05-23,[ 13:57 ],0,959
32518,2014-05-23,[ 13:58 ],0,2370
32519,2014-05-23,[ 13:59 ],0,2628
32520,2014-05-23,[ 14:00 ],0,2569
32521,2014-05-23,[ 14:01 ],0,2600
32522,2014-05-23,[ 14:02 ],0,5028
32523,2014-05-23,[ 14:03 ],0,2614
32524,2014-05-23,[ 14:04 ],0,2642
32525,2014-05-23,[ 14:05 ],0,2642
32526,2014-05-23,[ 14:06 ],0,2787
32527,2014-05-23,[ 14:07 ],0,2728
32528,2014-05-23,[ 14:08 ],0,2662
32529,2014-05-23,[ 14:09 ],0,2729
32530,2014-05-23,[ 14:10 ],0,2232
32531,2014-05-23,[ 14:11 ],0,1228
32532,2014-05-23,[ 14:12 ],0,1228
32533,2014-05-23,[ 14:13 ],0,1199
32534,2014-05-23,[ 14:14 ],0,1119
32535,2014-05-23,[ 14:15 ],0,2597
32536,2014-05-23,[ 14:16 ],0,2619
32537,2014-05-23,[ 14:17 ],0,952
32538,2014-05-23,[ 14:18 ],0,966
32539,2014-05-23,[ 14:19 ],0,1264
32540,2014-05-23,[ 14:20 ],0,965
32541,2014-05-23,[ 14:21 ],0,2741
32542,2014-05-23,[ 14:22 ],0,2566
32543,2014-05-23,[ 14:23 ],0,953
32544,2014-05-23,[ 14:24 ],0,969
32545,2014-05-23,[ 14:25 ],0,966
32546,2014-05-23,[ 14:26 ],0,960
32547,2014-05-23,[ 14:27 ],0,2574
32548,2014-05-23,[ 14:28 ],0,2495
32549,2014-05-23,[ 14:29 ],0,971
32550,2014-05-23,[ 14:30 ],0,1047
32551,2014-05-23,[ 14:31 ],0,977
32552,2014-05-23,[ 14:32 ],0,968
32553,2014-05-23,[ 14:33 ],0,1036
32554,2014-05-23,[ 14:34 ],0,1211
32555,2014-05-23,[ 14:35 ],0,1036
32556,2014-05-23,[ 14:36 ],0,1048
32557,2014-05-23,[ 14:37 ],0,967
32558,2014-05-23,[ 14:38 ],0,960
32559,2014-05-23,[ 14:39 ],0,1093
32560,2014-05-23,[ 14:40 ],0,1038
32561,2014-05-23,[ 14:41 ],0,1094
32562,2014-05-23,[ 14:42 ],0,1090
32563,2014-05-23,[ 14:43 ],0,1114
32564,2014-05-23,[ 14:44 ],0,812
32565,2014-05-23,[ 14:45 ],0,554
32566,2014-05-23,[ 14:46 ],0,870
32567,2014-05-23,[ 14:47 ],0,901
32568,2014-05-23,[ 14:48 ],0,589
32569,2014-05-23,[ 14:49 ],0,549
32570,2014-05-23,[ 14:50 ],0,918
32571,2014-05-23,[ 14:51 ],0,794
32572,2014-05-23,[ 14:52 ],0,594
32573,2014-05-23,[ 14:53 ],0,880
32574,2014-05-23,[ 14:54 ],0,954
32575,2014-05-23,[ 14:55 ],0,1010
32576,2014-05-23,[ 14:56 ],0,1512
32577,2014-05-23,[ 14:57 ],0,1561
32578,2014-05-23,[ 14:58 ],0,1465
32579,2014-05-23,[ 14:59 ],0,1653
32580,2014-05-23,[ 15:00 ],0,958
32581,2014-05-23,[ 15:01 ],0,706
32582,2014-05-23,[ 15:02 ],0,706
32583,2014-05-23,[ 15:03 ],0,658
32584,2014-05-23,[ 15:04 ],0,921
32585,2014-05-23,[ 15:05 ],0,964
32586,2014-05-23,[ 15:06 ],0,971
32587,2014-05-23,[ 15:07 ],0,971
32588,2014-05-23,[ 15:08 ],0,1405
32589,2014-05-23,[ 15:09 ],0,1539
32590,2014-05-23,[ 15:10 ],0,916
32591,2014-05-23,[ 15:11 ],0,916
32592,2014-05-23,[ 15:12 ],0,907
32593,2014-05-23,[ 15:13 ],0,864
32594,2014-05-23,[ 15:14 ],0,400
32595,2014-05-23,[ 15:15 ],0,517
32596,2014-05-23,[ 15:16 ],0,867
32597,2014-05-23,[ 15:17 ],0,653
32598,2014-05-23,[ 15:18 ],0,616
32599,2014-05-23,[ 15:19 ],0,599
32600,2014-05-23,[ 15:20 ],0,439
32601,2014-05-23,[ 15:21 ],0,955
32602,2014-05-23,[ 15:22 ],0,787
32603,2014-05-23,[ 15:23 ],0,712
32604,2014-05-23,[ 15:24 ],0,1947
32605,2014-05-23,[ 15:25 ],0,1951
32606,2014-05-23,[ 15:26 ],0,1932
32607,2014-05-23,[ 15:27 ],0,1904
32608,2014-05-23,[ 15:28 ],0,1895
32609,2014-05-23,[ 15:29 ],0,270
32610,2014-05-23,[ 15:30 ],0,272
32611,2014-05-23,[ 15:31 ],0,270
32612,2014-05-23,[ 15:32 ],0,246
32613,2014-05-23,[ 15:33 ],0,259
32614,2014-05-23,[ 15:34 ],0,242
32615,2014-05-23,[ 15:35 ],0,243
32616,2014-05-23,[ 15:36 ],0,238
32617,2014-05-23,[ 15:37 ],0,239
32618,2014-05-23,[ 15:38 ],0,243
32619,2014-05-23,[ 15:39 ],0,240
32620,2014-05-23,[ 15:40 ],0,246
32621,2014-05-23,[ 15:41 ],0,319
32622,2014-05-23,[ 15:42 ],0,343
32623,2014-05-23,[ 15:43 ],0,339
32624,2014-05-23,[ 15:44 ],0,339
32625,2014-05-23,[ 15:45 ],0,307
32626,2014-05-23,[ 15:46 ],0,307
32627,2014-05-23,[ 15:47 ],0,300
32628,2014-05-23,[ 15:48 ],0,302
32629,2014-05-23,[ 15:49 ],0,301
32630,2014-05-23,[ 15:50 ],0,301
32631,2014-05-23,[ 15:51 ],0,298
32632,2014-05-23,[ 15:52 ],0,305
32633,2014-05-23,[ 15:53 ],0,243
32634,2014-05-23,[ 15:54 ],0,243
32635,2014-05-23,[ 15:55 ],0,243
32636,2014-05-23,[ 15:56 ],0,243
32637,2014-05-23,[ 15:57 ],0,253
32638,2014-05-23,[ 15:58 ],0,273
32639,2014-05-23,[ 15:59 ],0,273
32640,2014-05-23,[ 16:00 ],0,274
32641,2014-05-23,[ 16:01 ],0,328
32642,2014-05-23,[ 16:02 ],0,317
32643,2014-05-23,[ 16:03 ],0,333
32644,2014-05-23,[ 16:04 ],0,324
32645,2014-05-23,[ 16:05 ],0,323
32646,2014-05-23,[ 16:06 ],0,313
32647,2014-05-23,[ 16:07 ],0,318
32648,2014-05-23,[ 16:08 ],0,318
32649,2014-05-23,[ 16:09 ],0,326
32650,2014-05-23,[ 16:10 ],0,332
32651,2014-05-23,[ 16:11 ],0,551
32652,2014-05-23,[ 16:12 ],0,541
32653,2014-05-23,[ 16:13 ],0,490
32654,2014-05-23,[ 16:14 ],0,523
32655,2014-05-23,[ 16:15 ],0,650
32656,2014-05-23,[ 16:16 ],0,690
32657,2014-05-23,[ 16:17 ],0,649
32658,2014-05-23,[ 16:18 ],0,621
32659,2014-05-23,[ 16:19 ],0,623
32660,2014-05-23,[ 16:20 ],0,623
32661,2014-05-23,[ 16:21 ],0,620
32662,2014-05-23,[ 16:22 ],0,621
32663,2014-05-23,[ 16:23 ],0,611
32664,2014-05-23,[ 16:24 ],0,609
32665,2014-05-23,[ 16:25 ],0,604
32666,2014-05-23,[ 16:26 ],0,613
32667,2014-05-23,[ 16:27 ],0,591
32668,2014-05-23,[ 16:28 ],0,592
32669,2014-05-23,[ 16:29 ],0,603
32670,2014-05-23,[ 16:30 ],0,603
32671,2014-05-23,[ 16:31 ],0,586
32672,2014-05-23,[ 16:32 ],0,618
32673,2014-05-23,[ 16:33 ],0,651
32674,2014-05-23,[ 16:34 ],0,700
32675,2014-05-23,[ 16:35 ],0,739
32676,2014-05-23,[ 16:36 ],0,743
32677,2014-05-23,[ 16:37 ],0,727
32678,2014-05-23,[ 16:38 ],0,693
32679,2014-05-23,[ 16:39 ],0,705
32680,2014-05-23,[ 16:40 ],0,694
32681,2014-05-23,[ 16:41 ],0,701
32682,2014-05-23,[ 16:42 ],0,707
32683,2014-05-23,[ 16:43 ],0,716
32684,2014-05-23,[ 16:44 ],0,715
32685,2014-05-23,[ 16:45 ],0,753
32686,2014-05-23,[ 16:46 ],0,745
32687,2014-05-23,[ 16:47 ],0,737
32688,2014-05-23,[ 16:48 ],0,727
32689,2014-05-23,[ 16:49 ],0,736
32690,2014-05-23,[ 16:50 ],0,683
32691,2014-05-23,[ 16:51 ],0,680
32692,2014-05-23,[ 16:52 ],0,670
32693,2014-05-23,[ 16:53 ],0,677
32694,2014-05-23,[ 16:54 ],0,3225
32695,2014-05-23,[ 16:55 ],0,3203
32696,2014-05-23,[ 16:56 ],0,3214
32697,2014-05-23,[ 16:57 ],0,669
32698,2014-05-23,[ 16:58 ],0,679
32699,2014-05-23,[ 16:59 ],0,673
32700,2014-05-23,[ 17:00 ],0,661
32701,2014-05-23,[ 17:01 ],0,677
32702,2014-05-23,[ 17:02 ],0,681
32703,2014-05-23,[ 17:03 ],0,677
32704,2014-05-23,[ 17:04 ],0,671
32705,2014-05-23,[ 17:05 ],0,668
32706,2014-05-23,[ 17:06 ],0,665
32707,2014-05-23,[ 17:07 ],0,668
32708,2014-05-23,[ 17:08 ],0,684
32709,2014-05-23,[ 17:09 ],0,677
32710,2014-05-23,[ 17:10 ],0,674
32711,2014-05-23,[ 17:11 ],0,672
32712,2014-05-23,[ 17:12 ],0,740
32713,2014-05-23,[ 17:13 ],0,721
32714,2014-05-23,[ 17:14 ],0,724
32715,2014-05-23,[ 17:15 ],0,709
32716,2014-05-23,[ 17:16 ],0,697
32717,2014-05-23,[ 17:17 ],0,666
32718,2014-05-23,[ 17:18 ],0,644
32719,2014-05-23,[ 17:19 ],0,634
32720,2014-05-23,[ 17:20 ],0,648
32721,2014-05-23,[ 17:21 ],0,774
32722,2014-05-23,[ 17:22 ],0,624
32723,2014-05-23,[ 17:23 ],0,642
32724,2014-05-23,[ 17:24 ],0,613
32725,2014-05-23,[ 17:25 ],0,388
32726,2014-05-23,[ 17:26 ],0,412
32727,2014-05-23,[ 17:27 ],0,380
32728,2014-05-23,[ 17:28 ],0,398
32729,2014-05-23,[ 17:29 ],0,518
32730,2014-05-23,[ 17:30 ],0,511
32731,2014-05-23,[ 17:31 ],0,491
32732,2014-05-23,[ 17:32 ],0,493
32733,2014-05-23,[ 17:33 ],0,485
32734,2014-05-23,[ 17:34 ],0,488
32735,2014-05-23,[ 17:35 ],0,472
32736,2014-05-23,[ 17:36 ],0,464
32737,2014-05-23,[ 17:37 ],0,503
32738,2014-05-23,[ 17:38 ],0,520
32739,2014-05-23,[ 17:39 ],0,2120
32740,2014-05-23,[ 17:40 ],0,463
32741,2014-05-23,[ 17:41 ],0,462
32742,2014-05-23,[ 17:42 ],0,438
32743,2014-05-23,[ 17:43 ],0,482
32744,2014-05-23,[ 17:44 ],0,449
32745,2014-05-23,[ 17:45 ],0,462
32746,2014-05-23,[ 17:46 ],0,383
32747,2014-05-23,[ 17:47 ],0,394
32748,2014-05-23,[ 17:48 ],0,394
32749,2014-05-23,[ 17:49 ],0,348
32750,2014-05-23,[ 17:50 ],0,354
32751,2014-05-23,[ 17:51 ],0,429
32752,2014-05-23,[ 17:52 ],0,513
32753,2014-05-23,[ 17:53 ],0,427
32754,2014-05-23,[ 17:54 ],0,406
32755,2014-05-23,[ 17:55 ],0,397
32756,2014-05-23,[ 17:56 ],0,2860
32757,2014-05-23,[ 17:57 ],0,2887
32758,2014-05-23,[ 17:58 ],0,460
32759,2014-05-23,[ 17:59 ],0,520
32760,2014-05-23,[ 18:00 ],0,470
32761,2014-05-23,[ 18:01 ],0,479
32762,2014-05-23,[ 18:02 ],0,473
32763,2014-05-23,[ 18:03 ],0,434
32764,2014-05-23,[ 18:04 ],0,1977
32765,2014-05-23,[ 18:05 ],0,2043
32766,2014-05-23,[ 18:06 ],0,354
32767,2014-05-23,[ 18:07 ],0,367
32768,2014-05-23,[ 18:08 ],0,359
32769,2014-05-23,[ 18:09 ],0,357
32770,2014-05-23,[ 18:10 ],0,332
32771,2014-05-23,[ 18:11 ],0,328
32772,2014-05-23,[ 18:12 ],0,398
32773,2014-05-23,[ 18:13 ],0,398
32774,2014-05-23,[ 18:14 ],0,397
32775,2014-05-23,[ 18:15 ],0,435
32776,2014-05-23,[ 18:16 ],0,439
32777,2014-05-23,[ 18:17 ],0,435
32778,2014-05-23,[ 18:18 ],0,403
32779,2014-05-23,[ 18:19 ],0,409
32780,2014-05-23,[ 18:20 ],0,397
32781,2014-05-23,[ 18:21 ],0,398
32782,2014-05-23,[ 18:22 ],0,406
32783,2014-05-23,[ 18:23 ],0,485
32784,2014-05-23,[ 18:24 ],0,470
32785,2014-05-23,[ 18:25 ],0,470
32786,2014-05-23,[ 18:26 ],0,463
32787,2014-05-23,[ 18:27 ],0,468
32788,2014-05-23,[ 18:28 ],0,468
32789,2014-05-23,[ 18:29 ],0,475
32790,2014-05-23,[ 18:30 ],0,474
32791,2014-05-23,[ 18:31 ],0,471
32792,2014-05-23,[ 18:32 ],0,473
32793,2014-05-23,[ 18:33 ],0,479
32794,2014-05-23,[ 18:34 ],0,483
32795,2014-05-23,[ 18:35 ],0,472
32796,2014-05-23,[ 18:36 ],0,472
32797,2014-05-23,[ 18:37 ],0,478
32798,2014-05-23,[ 18:38 ],0,475
32799,2014-05-23,[ 18:39 ],0,476
32800,2014-05-23,[ 18:40 ],0,484
32801,2014-05-23,[ 18:41 ],0,480
32802,2014-05-23,[ 18:42 ],0,473
32803,2014-05-23,[ 18:43 ],0,474
32804,2014-05-23,[ 18:44 ],0,493
32805,2014-05-23,[ 18:45 ],0,464
32806,2014-05-23,[ 18:46 ],0,385
32807,2014-05-23,[ 18:47 ],0,390
32808,2014-05-23,[ 18:48 ],0,397
32809,2014-05-23,[ 18:49 ],0,399
32810,2014-05-23,[ 18:50 ],0,383
32811,2014-05-23,[ 18:51 ],0,399
32812,2014-05-23,[ 18:52 ],0,393
32813,2014-05-23,[ 18:53 ],0,390
32814,2014-05-23,[ 18:54 ],0,386
32815,2014-05-23,[ 18:55 ],0,385
32816,2014-05-23,[ 18:56 ],0,397
32817,2014-05-23,[ 18:57 ],0,383
32818,2014-05-23,[ 18:58 ],0,302
32819,2014-05-23,[ 18:59 ],0,364
32820,2014-05-23,[ 19:00 ],0,352
32821,2014-05-23,[ 19:01 ],0,352
32822,2014-05-23,[ 19:02 ],0,350
32823,2014-05-23,[ 19:03 ],0,364
32824,2014-05-23,[ 19:04 ],0,291
32825,2014-05-23,[ 19:05 ],0,282
32826,2014-05-23,[ 19:06 ],0,280
32827,2014-05-23,[ 19:07 ],0,288
32828,2014-05-23,[ 19:08 ],0,285
32829,2014-05-23,[ 19:09 ],0,363
32830,2014-05-23,[ 19:10 ],0,353
32831,2014-05-23,[ 19:11 ],0,369
32832,2014-05-23,[ 19:12 ],0,352
32833,2014-05-23,[ 19:13 ],0,286
32834,2014-05-23,[ 19:14 ],0,284
32835,2014-05-23,[ 19:15 ],0,285
32836,2014-05-23,[ 19:16 ],0,280
32837,2014-05-23,[ 19:17 ],0,280
32838,2014-05-23,[ 19:18 ],0,283
32839,2014-05-23,[ 19:19 ],0,350
32840,2014-05-23,[ 19:20 ],0,409
32841,2014-05-23,[ 19:21 ],0,344
32842,2014-05-23,[ 19:22 ],0,342
32843,2014-05-23,[ 19:23 ],0,345
32844,2014-05-23,[ 19:24 ],0,354
32845,2014-05-23,[ 19:25 ],0,354
32846,2014-05-23,[ 19:26 ],0,347
32847,2014-05-23,[ 19:27 ],0,348
32848,2014-05-23,[ 19:28 ],0,346
32849,2014-05-23,[ 19:29 ],0,357
32850,2014-05-23,[ 19:30 ],0,361
32851,2014-05-23,[ 19:31 ],0,304
32852,2014-05-23,[ 19:32 ],0,302
32853,2014-05-23,[ 19:33 ],0,299
32854,2014-05-23,[ 19:34 ],0,297
32855,2014-05-23,[ 19:35 ],0,289
32856,2014-05-23,[ 19:36 ],0,292
32857,2014-05-23,[ 19:37 ],0,287
32858,2014-05-23,[ 19:38 ],0,298
32859,2014-05-23,[ 19:39 ],0,298
32860,2014-05-23,[ 19:40 ],0,298
32861,2014-05-23,[ 19:41 ],0,300
32862,2014-05-23,[ 19:42 ],0,300
32863,2014-05-23,[ 19:43 ],0,298
32864,2014-05-23,[ 19:44 ],0,289
32865,2014-05-23,[ 19:45 ],0,295
32866,2014-05-23,[ 19:46 ],0,292
32867,2014-05-23,[ 19:47 ],0,285
32868,2014-05-23,[ 19:48 ],0,285
32869,2014-05-23,[ 19:49 ],0,293
32870,2014-05-23,[ 19:50 ],0,297
32871,2014-05-23,[ 19:51 ],0,289
32872,2014-05-23,[ 19:52 ],0,492
32873,2014-05-23,[ 19:53 ],0,510
32874,2014-05-23,[ 19:54 ],0,506
32875,2014-05-23,[ 19:55 ],0,498
32876,2014-05-23,[ 19:56 ],0,499
32877,2014-05-23,[ 19:57 ],0,499
32878,2014-05-23,[ 19:58 ],0,497
32879,2014-05-23,[ 19:59 ],0,500
32880,2014-05-23,[ 20:00 ],0,499
32881,2014-05-23,[ 20:01 ],0,499
32882,2014-05-23,[ 20:02 ],0,502
32883,2014-05-23,[ 20:03 ],0,506
32884,2014-05-23,[ 20:04 ],0,282
32885,2014-05-23,[ 20:05 ],0,289
32886,2014-05-23,[ 20:06 ],0,300
32887,2014-05-23,[ 20:07 ],0,295
32888,2014-05-23,[ 20:08 ],0,289
32889,2014-05-23,[ 20:09 ],0,302
32890,2014-05-23,[ 20:10 ],0,302
32891,2014-05-23,[ 20:11 ],0,315
32892,2014-05-23,[ 20:12 ],0,315
32893,2014-05-23,[ 20:13 ],0,330
32894,2014-05-23,[ 20:14 ],0,316
32895,2014-05-23,[ 20:15 ],0,313
32896,2014-05-23,[ 20:16 ],0,315
32897,2014-05-23,[ 20:17 ],0,499
32898,2014-05-23,[ 20:18 ],0,429
32899,2014-05-23,[ 20:19 ],0,404
32900,2014-05-23,[ 20:20 ],0,404
32901,2014-05-23,[ 20:21 ],0,407
32902,2014-05-23,[ 20:22 ],0,411
32903,2014-05-23,[ 20:23 ],0,399
32904,2014-05-23,[ 20:24 ],0,397
32905,2014-05-23,[ 20:25 ],0,407
32906,2014-05-23,[ 20:26 ],0,405
32907,2014-05-23,[ 20:27 ],0,405
32908,2014-05-23,[ 20:28 ],0,402
32909,2014-05-23,[ 20:29 ],0,400
32910,2014-05-23,[ 20:30 ],0,393
32911,2014-05-23,[ 20:31 ],0,394
32912,2014-05-23,[ 20:32 ],0,397
32913,2014-05-23,[ 20:33 ],0,392
32914,2014-05-23,[ 20:34 ],0,393
32915,2014-05-23,[ 20:35 ],0,383
32916,2014-05-23,[ 20:36 ],0,397
32917,2014-05-23,[ 20:37 ],0,382
32918,2014-05-23,[ 20:38 ],0,388
32919,2014-05-23,[ 20:39 ],0,388
32920,2014-05-23,[ 20:40 ],0,393
32921,2014-05-23,[ 20:41 ],0,394
32922,2014-05-23,[ 20:42 ],0,394
32923,2014-05-23,[ 20:43 ],0,381
32924,2014-05-23,[ 20:44 ],0,381
32925,2014-05-23,[ 20:45 ],0,387
32926,2014-05-23,[ 20:46 ],0,388
32927,2014-05-23,[ 20:47 ],0,334
32928,2014-05-23,[ 20:48 ],0,312
32929,2014-05-23,[ 20:49 ],0,319
32930,2014-05-23,[ 20:50 ],0,336
32931,2014-05-23,[ 20:51 ],0,334
32932,2014-05-23,[ 20:52 ],0,332
32933,2014-05-23,[ 20:53 ],0,324
32934,2014-05-23,[ 20:54 ],0,315
32935,2014-05-23,[ 20:55 ],0,323
32936,2014-05-23,[ 20:56 ],0,331
32937,2014-05-23,[ 20:57 ],0,324
32938,2014-05-23,[ 20:58 ],0,321
32939,2014-05-23,[ 20:59 ],0,432
32940,2014-05-23,[ 21:00 ],0,481
32941,2014-05-23,[ 21:01 ],0,429
32942,2014-05-23,[ 21:02 ],0,417
32943,2014-05-23,[ 21:03 ],0,397
32944,2014-05-23,[ 21:04 ],0,380
32945,2014-05-23,[ 21:05 ],0,392
32946,2014-05-23,[ 21:06 ],0,371
32947,2014-05-23,[ 21:07 ],0,436
32948,2014-05-23,[ 21:08 ],0,444
32949,2014-05-23,[ 21:09 ],0,445
32950,2014-05-23,[ 21:10 ],0,446
32951,2014-05-23,[ 21:11 ],0,437
32952,2014-05-23,[ 21:12 ],0,437
32953,2014-05-23,[ 21:13 ],0,432
32954,2014-05-23,[ 21:14 ],0,438
32955,2014-05-23,[ 21:15 ],0,491
32956,2014-05-23,[ 21:16 ],0,502
32957,2014-05-23,[ 21:17 ],0,499
32958,2014-05-23,[ 21:18 ],0,499
32959,2014-05-23,[ 21:19 ],0,473
32960,2014-05-23,[ 21:20 ],0,476
32961,2014-05-23,[ 21:21 ],0,483
32962,2014-05-23,[ 21:22 ],0,483
32963,2014-05-23,[ 21:23 ],0,475
32964,2014-05-23,[ 21:24 ],0,478
32965,2014-05-23,[ 21:25 ],0,483
32966,2014-05-23,[ 21:26 ],0,478
32967,2014-05-23,[ 21:27 ],0,462
32968,2014-05-23,[ 21:28 ],0,422
32969,2014-05-23,[ 21:29 ],0,422
32970,2014-05-23,[ 21:30 ],0,423
32971,2014-05-23,[ 21:31 ],0,423
32972,2014-05-23,[ 21:32 ],0,532
32973,2014-05-23,[ 21:33 ],0,532
32974,2014-05-23,[ 21:34 ],0,482
32975,2014-05-23,[ 21:35 ],0,483
32976,2014-05-23,[ 21:36 ],0,497
32977,2014-05-23,[ 21:37 ],0,502
32978,2014-05-23,[ 21:38 ],0,492
32979,2014-05-23,[ 21:39 ],0,486
32980,2014-05-23,[ 21:40 ],0,495
32981,2014-05-23,[ 21:41 ],0,483
32982,2014-05-23,[ 21:42 ],0,420
32983,2014-05-23,[ 21:43 ],0,423
32984,2014-05-23,[ 21:44 ],0,424
32985,2014-05-23,[ 21:45 ],0,439
32986,2014-05-23,[ 21:46 ],0,429
32987,2014-05-23,[ 21:47 ],0,422
32988,2014-05-23,[ 21:48 ],0,467
32989,2014-05-23,[ 21:49 ],0,496
32990,2014-05-23,[ 21:50 ],0,474
32991,2014-05-23,[ 21:51 ],0,441
32992,2014-05-23,[ 21:52 ],0,488
32993,2014-05-23,[ 21:53 ],0,511
32994,2014-05-23,[ 21:54 ],0,488
32995,2014-05-23,[ 21:55 ],0,481
32996,2014-05-23,[ 21:56 ],0,478
32997,2014-05-23,[ 21:57 ],0,478
32998,2014-05-23,[ 21:58 ],0,485
32999,2014-05-23,[ 21:59 ],0,496
33000,2014-05-23,[ 22:00 ],0,481
33001,2014-05-23,[ 22:01 ],0,481
33002,2014-05-23,[ 22:02 ],0,448
33003,2014-05-23,[ 22:03 ],0,422
33004,2014-05-23,[ 22:04 ],0,450
33005,2014-05-23,[ 22:05 ],0,468
33006,2014-05-23,[ 22:06 ],0,469
33007,2014-05-23,[ 22:07 ],0,493
33008,2014-05-23,[ 22:08 ],0,484
33009,2014-05-23,[ 22:09 ],0,504
33010,2014-05-23,[ 22:10 ],0,485
33011,2014-05-23,[ 22:11 ],0,475
33012,2014-05-23,[ 22:12 ],0,478
33013,2014-05-23,[ 22:13 ],0,479
33014,2014-05-23,[ 22:14 ],0,585
33015,2014-05-23,[ 22:15 ],0,550
33016,2014-05-23,[ 22:16 ],0,469
33017,2014-05-23,[ 22:17 ],0,502
33018,2014-05-23,[ 22:18 ],0,503
33019,2014-05-23,[ 22:19 ],0,1545
33020,2014-05-23,[ 22:20 ],0,892
33021,2014-05-23,[ 22:21 ],0,1547
33022,2014-05-23,[ 22:22 ],0,1547
33023,2014-05-23,[ 22:23 ],0,1496
33024,2014-05-23,[ 22:24 ],0,1485
33025,2014-05-23,[ 22:25 ],0,548
33026,2014-05-23,[ 22:26 ],0,1392
33027,2014-05-23,[ 22:27 ],0,497
33028,2014-05-23,[ 22:28 ],0,947
33029,2014-05-23,[ 22:29 ],0,518
33030,2014-05-23,[ 22:30 ],0,413
33031,2014-05-23,[ 22:31 ],0,363
33032,2014-05-23,[ 22:32 ],0,363
33033,2014-05-23,[ 22:33 ],0,363
33034,2014-05-23,[ 22:34 ],0,361
33035,2014-05-23,[ 22:35 ],0,354
33036,2014-05-23,[ 22:36 ],0,331
33037,2014-05-23,[ 22:37 ],0,1318
33038,2014-05-23,[ 22:38 ],0,1346
33039,2014-05-23,[ 22:39 ],0,954
33040,2014-05-23,[ 22:40 ],0,1356
33041,2014-05-23,[ 22:41 ],0,822
33042,2014-05-23,[ 22:42 ],0,401
33043,2014-05-23,[ 22:43 ],0,1386
33044,2014-05-23,[ 22:44 ],0,1386
33045,2014-05-23,[ 22:45 ],0,392
33046,2014-05-23,[ 22:46 ],0,949
33047,2014-05-23,[ 22:47 ],0,399
33048,2014-05-23,[ 22:48 ],0,400
33049,2014-05-23,[ 22:49 ],0,321
33050,2014-05-23,[ 22:50 ],0,322
33051,2014-05-23,[ 22:51 ],0,318
33052,2014-05-23,[ 22:52 ],0,235
33053,2014-05-23,[ 22:53 ],0,235
33054,2014-05-23,[ 22:54 ],0,235
33055,2014-05-23,[ 22:55 ],0,237
33056,2014-05-23,[ 22:56 ],0,231
33057,2014-05-23,[ 22:57 ],0,217
33058,2014-05-23,[ 22:58 ],0,216
33059,2014-05-23,[ 22:59 ],0,218
33060,2014-05-23,[ 23:00 ],0,207
33061,2014-05-23,[ 23:01 ],0,207
33062,2014-05-23,[ 23:02 ],0,207
33063,2014-05-23,[ 23:03 ],0,210
33064,2014-05-23,[ 23:04 ],0,206
33065,2014-05-23,[ 23:05 ],0,208
33066,2014-05-23,[ 23:06 ],0,203
33067,2014-05-23,[ 23:07 ],0,205
33068,2014-05-23,[ 23:08 ],0,205
33069,2014-05-23,[ 23:09 ],0,195
33070,2014-05-23,[ 23:10 ],0,196
33071,2014-05-23,[ 23:11 ],0,196
33072,2014-05-23,[ 23:12 ],0,200
33073,2014-05-23,[ 23:13 ],0,199
33074,2014-05-23,[ 23:14 ],0,196
33075,2014-05-23,[ 23:15 ],0,273
33076,2014-05-23,[ 23:16 ],0,285
33077,2014-05-23,[ 23:17 ],0,262
33078,2014-05-23,[ 23:18 ],0,266
33079,2014-05-23,[ 23:19 ],0,262
33080,2014-05-23,[ 23:20 ],0,265
33081,2014-05-23,[ 23:21 ],0,261
33082,2014-05-23,[ 23:22 ],0,261
33083,2014-05-23,[ 23:23 ],0,262
33084,2014-05-23,[ 23:24 ],0,259
33085,2014-05-23,[ 23:25 ],0,259
33086,2014-05-23,[ 23:26 ],0,259
33087,2014-05-23,[ 23:27 ],0,199
33088,2014-05-23,[ 23:28 ],0,194
33089,2014-05-23,[ 23:29 ],0,199
33090,2014-05-23,[ 23:30 ],0,199
33091,2014-05-23,[ 23:31 ],0,199
33092,2014-05-23,[ 23:32 ],0,194
33093,2014-05-23,[ 23:33 ],0,213
33094,2014-05-23,[ 23:34 ],0,199
33095,2014-05-23,[ 23:35 ],0,194
33096,2014-05-23,[ 23:36 ],0,265
33097,2014-05-23,[ 23:37 ],0,262
33098,2014-05-23,[ 23:38 ],0,259
33099,2014-05-23,[ 23:39 ],0,265
33100,2014-05-23,[ 23:40 ],0,262
33101,2014-05-23,[ 23:41 ],0,264
33102,2014-05-23,[ 23:42 ],0,262
33103,2014-05-23,[ 23:43 ],0,266
33104,2014-05-23,[ 23:44 ],0,267
33105,2014-05-23,[ 23:45 ],0,266
33106,2014-05-23,[ 23:46 ],0,261
33107,2014-05-23,[ 23:47 ],0,260
33108,2014-05-23,[ 23:48 ],0,262
33109,2014-05-23,[ 23:49 ],0,264
33110,2014-05-23,[ 23:50 ],0,260
33111,2014-05-23,[ 23:51 ],0,266
33112,2014-05-23,[ 23:52 ],0,264
33113,2014-05-23,[ 23:53 ],0,265
33114,2014-05-23,[ 23:54 ],0,264
33115,2014-05-23,[ 23:55 ],0,265
33116,2014-05-23,[ 23:56 ],0,265
33117,2014-05-23,[ 23:57 ],0,264
33118,2014-05-23,[ 23:58 ],0,264
33119,2014-05-23,[ 23:59 ],0,276
33120,2014-05-24,[ 00:00 ],1,282
33121,2014-05-24,[ 00:01 ],1,278
33122,2014-05-24,[ 00:02 ],1,278
33123,2014-05-24,[ 00:03 ],1,277
33124,2014-05-24,[ 00:04 ],1,278
33125,2014-05-24,[ 00:05 ],1,278
33126,2014-05-24,[ 00:06 ],1,277
33127,2014-05-24,[ 00:07 ],1,275
33128,2014-05-24,[ 00:08 ],1,272
33129,2014-05-24,[ 00:09 ],1,272
33130,2014-05-24,[ 00:10 ],1,258
33131,2014-05-24,[ 00:11 ],1,194
33132,2014-05-24,[ 00:12 ],1,202
33133,2014-05-24,[ 00:13 ],1,212
33134,2014-05-24,[ 00:14 ],1,174
33135,2014-05-24,[ 00:15 ],1,171
33136,2014-05-24,[ 00:16 ],1,173
33137,2014-05-24,[ 00:17 ],1,174
33138,2014-05-24,[ 00:18 ],1,172
33139,2014-05-24,[ 00:19 ],1,169
33140,2014-05-24,[ 00:20 ],1,168
33141,2014-05-24,[ 00:21 ],1,167
33142,2014-05-24,[ 00:22 ],1,168
33143,2014-05-24,[ 00:23 ],1,169
33144,2014-05-24,[ 00:24 ],1,168
33145,2014-05-24,[ 00:25 ],1,178
33146,2014-05-24,[ 00:26 ],1,167
33147,2014-05-24,[ 00:27 ],1,167
33148,2014-05-24,[ 00:28 ],1,168
33149,2014-05-24,[ 00:29 ],1,168
33150,2014-05-24,[ 00:30 ],1,167
33151,2014-05-24,[ 00:31 ],1,167
33152,2014-05-24,[ 00:32 ],1,167
33153,2014-05-24,[ 00:33 ],1,167
33154,2014-05-24,[ 00:34 ],1,167
33155,2014-05-24,[ 00:35 ],1,168
33156,2014-05-24,[ 00:36 ],1,167
33157,2014-05-24,[ 00:37 ],1,167
33158,2014-05-24,[ 00:38 ],1,168
33159,2014-05-24,[ 00:39 ],1,167
33160,2014-05-24,[ 00:40 ],1,167
33161,2014-05-24,[ 00:41 ],1,166
33162,2014-05-24,[ 00:42 ],1,167
33163,2014-05-24,[ 00:43 ],1,166
33164,2014-05-24,[ 00:44 ],1,166
33165,2014-05-24,[ 00:45 ],1,238
33166,2014-05-24,[ 00:46 ],1,227
33167,2014-05-24,[ 00:47 ],1,224
33168,2014-05-24,[ 00:48 ],1,223
33169,2014-05-24,[ 00:49 ],1,219
33170,2014-05-24,[ 00:50 ],1,222
33171,2014-05-24,[ 00:51 ],1,219
33172,2014-05-24,[ 00:52 ],1,221
33173,2014-05-24,[ 00:53 ],1,219
33174,2014-05-24,[ 00:54 ],1,219
33175,2014-05-24,[ 00:55 ],1,217
33176,2014-05-24,[ 00:56 ],1,215
33177,2014-05-24,[ 00:57 ],1,166
33178,2014-05-24,[ 00:58 ],1,165
33179,2014-05-24,[ 00:59 ],1,165
33180,2014-05-24,[ 01:00 ],1,168
33181,2014-05-24,[ 01:01 ],1,169
33182,2014-05-24,[ 01:02 ],1,168
33183,2014-05-24,[ 01:03 ],1,168
33184,2014-05-24,[ 01:04 ],1,169
33185,2014-05-24,[ 01:05 ],1,169
33186,2014-05-24,[ 01:06 ],1,166
33187,2014-05-24,[ 01:07 ],1,166
33188,2014-05-24,[ 01:08 ],1,166
33189,2014-05-24,[ 01:09 ],1,167
33190,2014-05-24,[ 01:10 ],1,166
33191,2014-05-24,[ 01:11 ],1,163
33192,2014-05-24,[ 01:12 ],1,167
33193,2014-05-24,[ 01:13 ],1,165
33194,2014-05-24,[ 01:14 ],1,166
33195,2014-05-24,[ 01:15 ],1,166
33196,2014-05-24,[ 01:16 ],1,163
33197,2014-05-24,[ 01:17 ],1,163
33198,2014-05-24,[ 01:18 ],1,163
33199,2014-05-24,[ 01:19 ],1,163
33200,2014-05-24,[ 01:20 ],1,163
33201,2014-05-24,[ 01:21 ],1,163
33202,2014-05-24,[ 01:22 ],1,163
33203,2014-05-24,[ 01:23 ],1,166
33204,2014-05-24,[ 01:24 ],1,166
33205,2014-05-24,[ 01:25 ],1,166
33206,2014-05-24,[ 01:26 ],1,166
33207,2014-05-24,[ 01:27 ],1,166
33208,2014-05-24,[ 01:28 ],1,165
33209,2014-05-24,[ 01:29 ],1,165
33210,2014-05-24,[ 01:30 ],1,163
33211,2014-05-24,[ 01:31 ],1,163
33212,2014-05-24,[ 01:32 ],1,165
33213,2014-05-24,[ 01:33 ],1,163
33214,2014-05-24,[ 01:34 ],1,165
33215,2014-05-24,[ 01:35 ],1,163
33216,2014-05-24,[ 01:36 ],1,163
33217,2014-05-24,[ 01:37 ],1,163
33218,2014-05-24,[ 01:38 ],1,162
33219,2014-05-24,[ 01:39 ],1,166
33220,2014-05-24,[ 01:40 ],1,163
33221,2014-05-24,[ 01:41 ],1,163
33222,2014-05-24,[ 01:42 ],1,163
33223,2014-05-24,[ 01:43 ],1,163
33224,2014-05-24,[ 01:44 ],1,162
33225,2014-05-24,[ 01:45 ],1,162
33226,2014-05-24,[ 01:46 ],1,162
33227,2014-05-24,[ 01:47 ],1,245
33228,2014-05-24,[ 01:48 ],1,223
33229,2014-05-24,[ 01:49 ],1,218
33230,2014-05-24,[ 01:50 ],1,217
33231,2014-05-24,[ 01:51 ],1,217
33232,2014-05-24,[ 01:52 ],1,216
33233,2014-05-24,[ 01:53 ],1,215
33234,2014-05-24,[ 01:54 ],1,214
33235,2014-05-24,[ 01:55 ],1,215
33236,2014-05-24,[ 01:56 ],1,214
33237,2014-05-24,[ 01:57 ],1,213
33238,2014-05-24,[ 01:58 ],1,207
33239,2014-05-24,[ 01:59 ],1,159
33240,2014-05-24,[ 02:00 ],1,161
33241,2014-05-24,[ 02:01 ],1,162
33242,2014-05-24,[ 02:02 ],1,162
33243,2014-05-24,[ 02:03 ],1,163
33244,2014-05-24,[ 02:04 ],1,161
33245,2014-05-24,[ 02:05 ],1,161
33246,2014-05-24,[ 02:06 ],1,159
33247,2014-05-24,[ 02:07 ],1,159
33248,2014-05-24,[ 02:08 ],1,156
33249,2014-05-24,[ 02:09 ],1,157
33250,2014-05-24,[ 02:10 ],1,159
33251,2014-05-24,[ 02:11 ],1,159
33252,2014-05-24,[ 02:12 ],1,159
33253,2014-05-24,[ 02:13 ],1,160
33254,2014-05-24,[ 02:14 ],1,160
33255,2014-05-24,[ 02:15 ],1,160
33256,2014-05-24,[ 02:16 ],1,222
33257,2014-05-24,[ 02:17 ],1,215
33258,2014-05-24,[ 02:18 ],1,210
33259,2014-05-24,[ 02:19 ],1,215
33260,2014-05-24,[ 02:20 ],1,219
33261,2014-05-24,[ 02:21 ],1,217
33262,2014-05-24,[ 02:22 ],1,219
33263,2014-05-24,[ 02:23 ],1,218
33264,2014-05-24,[ 02:24 ],1,218
33265,2014-05-24,[ 02:25 ],1,214
33266,2014-05-24,[ 02:26 ],1,216
33267,2014-05-24,[ 02:27 ],1,214
33268,2014-05-24,[ 02:28 ],1,216
33269,2014-05-24,[ 02:29 ],1,216
33270,2014-05-24,[ 02:30 ],1,214
33271,2014-05-24,[ 02:31 ],1,217
33272,2014-05-24,[ 02:32 ],1,216
33273,2014-05-24,[ 02:33 ],1,217
33274,2014-05-24,[ 02:34 ],1,217
33275,2014-05-24,[ 02:35 ],1,216
33276,2014-05-24,[ 02:36 ],1,215
33277,2014-05-24,[ 02:37 ],1,218
33278,2014-05-24,[ 02:38 ],1,217
33279,2014-05-24,[ 02:39 ],1,217
33280,2014-05-24,[ 02:40 ],1,218
33281,2014-05-24,[ 02:41 ],1,217
33282,2014-05-24,[ 02:42 ],1,217
33283,2014-05-24,[ 02:43 ],1,217
33284,2014-05-24,[ 02:44 ],1,216
33285,2014-05-24,[ 02:45 ],1,217
33286,2014-05-24,[ 02:46 ],1,217
33287,2014-05-24,[ 02:47 ],1,217
33288,2014-05-24,[ 02:48 ],1,218
33289,2014-05-24,[ 02:49 ],1,160
33290,2014-05-24,[ 02:50 ],1,160
33291,2014-05-24,[ 02:51 ],1,161
33292,2014-05-24,[ 02:52 ],1,160
33293,2014-05-24,[ 02:53 ],1,159
33294,2014-05-24,[ 02:54 ],1,160
33295,2014-05-24,[ 02:55 ],1,159
33296,2014-05-24,[ 02:56 ],1,158
33297,2014-05-24,[ 02:57 ],1,159
33298,2014-05-24,[ 02:58 ],1,159
33299,2014-05-24,[ 02:59 ],1,158
33300,2014-05-24,[ 03:00 ],1,160
33301,2014-05-24,[ 03:01 ],1,160
33302,2014-05-24,[ 03:02 ],1,160
33303,2014-05-24,[ 03:03 ],1,160
33304,2014-05-24,[ 03:04 ],1,160
33305,2014-05-24,[ 03:05 ],1,160
33306,2014-05-24,[ 03:06 ],1,159
33307,2014-05-24,[ 03:07 ],1,158
33308,2014-05-24,[ 03:08 ],1,158
33309,2014-05-24,[ 03:09 ],1,158
33310,2014-05-24,[ 03:10 ],1,160
33311,2014-05-24,[ 03:11 ],1,160
33312,2014-05-24,[ 03:12 ],1,159
33313,2014-05-24,[ 03:13 ],1,159
33314,2014-05-24,[ 03:14 ],1,159
33315,2014-05-24,[ 03:15 ],1,160
33316,2014-05-24,[ 03:16 ],1,160
33317,2014-05-24,[ 03:17 ],1,158
33318,2014-05-24,[ 03:18 ],1,160
33319,2014-05-24,[ 03:19 ],1,160
33320,2014-05-24,[ 03:20 ],1,158
33321,2014-05-24,[ 03:21 ],1,223
33322,2014-05-24,[ 03:22 ],1,216
33323,2014-05-24,[ 03:23 ],1,216
33324,2014-05-24,[ 03:24 ],1,215
33325,2014-05-24,[ 03:25 ],1,214
33326,2014-05-24,[ 03:26 ],1,211
33327,2014-05-24,[ 03:27 ],1,211
33328,2014-05-24,[ 03:28 ],1,211
33329,2014-05-24,[ 03:29 ],1,212
33330,2014-05-24,[ 03:30 ],1,212
33331,2014-05-24,[ 03:31 ],1,212
33332,2014-05-24,[ 03:32 ],1,206
33333,2014-05-24,[ 03:33 ],1,160
33334,2014-05-24,[ 03:34 ],1,159
33335,2014-05-24,[ 03:35 ],1,159
33336,2014-05-24,[ 03:36 ],1,160
33337,2014-05-24,[ 03:37 ],1,160
33338,2014-05-24,[ 03:38 ],1,160
33339,2014-05-24,[ 03:39 ],1,159
33340,2014-05-24,[ 03:40 ],1,160
33341,2014-05-24,[ 03:41 ],1,160
33342,2014-05-24,[ 03:42 ],1,161
33343,2014-05-24,[ 03:43 ],1,163
33344,2014-05-24,[ 03:44 ],1,161
33345,2014-05-24,[ 03:45 ],1,161
33346,2014-05-24,[ 03:46 ],1,161
33347,2014-05-24,[ 03:47 ],1,160
33348,2014-05-24,[ 03:48 ],1,160
33349,2014-05-24,[ 03:49 ],1,160
33350,2014-05-24,[ 03:50 ],1,160
33351,2014-05-24,[ 03:51 ],1,161
33352,2014-05-24,[ 03:52 ],1,161
33353,2014-05-24,[ 03:53 ],1,161
33354,2014-05-24,[ 03:54 ],1,161
33355,2014-05-24,[ 03:55 ],1,161
33356,2014-05-24,[ 03:56 ],1,160
33357,2014-05-24,[ 03:57 ],1,161
33358,2014-05-24,[ 03:58 ],1,161
33359,2014-05-24,[ 03:59 ],1,158
33360,2014-05-24,[ 04:00 ],1,160
33361,2014-05-24,[ 04:01 ],1,159
33362,2014-05-24,[ 04:02 ],1,160
33363,2014-05-24,[ 04:03 ],1,158
33364,2014-05-24,[ 04:04 ],1,160
33365,2014-05-24,[ 04:05 ],1,160
33366,2014-05-24,[ 04:06 ],1,158
33367,2014-05-24,[ 04:07 ],1,160
33368,2014-05-24,[ 04:08 ],1,159
33369,2014-05-24,[ 04:09 ],1,159
33370,2014-05-24,[ 04:10 ],1,159
33371,2014-05-24,[ 04:11 ],1,159
33372,2014-05-24,[ 04:12 ],1,159
33373,2014-05-24,[ 04:13 ],1,160
33374,2014-05-24,[ 04:14 ],1,161
33375,2014-05-24,[ 04:15 ],1,159
33376,2014-05-24,[ 04:16 ],1,160
33377,2014-05-24,[ 04:17 ],1,160
33378,2014-05-24,[ 04:18 ],1,159
33379,2014-05-24,[ 04:19 ],1,160
33380,2014-05-24,[ 04:20 ],1,160
33381,2014-05-24,[ 04:21 ],1,162
33382,2014-05-24,[ 04:22 ],1,160
33383,2014-05-24,[ 04:23 ],1,231
33384,2014-05-24,[ 04:24 ],1,219
33385,2014-05-24,[ 04:25 ],1,215
33386,2014-05-24,[ 04:26 ],1,216
33387,2014-05-24,[ 04:27 ],1,212
33388,2014-05-24,[ 04:28 ],1,212
33389,2014-05-24,[ 04:29 ],1,211
33390,2014-05-24,[ 04:30 ],1,212
33391,2014-05-24,[ 04:31 ],1,210
33392,2014-05-24,[ 04:32 ],1,208
33393,2014-05-24,[ 04:33 ],1,208
33394,2014-05-24,[ 04:34 ],1,208
33395,2014-05-24,[ 04:35 ],1,158
33396,2014-05-24,[ 04:36 ],1,158
33397,2014-05-24,[ 04:37 ],1,160
33398,2014-05-24,[ 04:38 ],1,157
33399,2014-05-24,[ 04:39 ],1,159
33400,2014-05-24,[ 04:40 ],1,158
33401,2014-05-24,[ 04:41 ],1,158
33402,2014-05-24,[ 04:42 ],1,157
33403,2014-05-24,[ 04:43 ],1,157
33404,2014-05-24,[ 04:44 ],1,157
33405,2014-05-24,[ 04:45 ],1,159
33406,2014-05-24,[ 04:46 ],1,161
33407,2014-05-24,[ 04:47 ],1,160
33408,2014-05-24,[ 04:48 ],1,159
33409,2014-05-24,[ 04:49 ],1,160
33410,2014-05-24,[ 04:50 ],1,158
33411,2014-05-24,[ 04:51 ],1,159
33412,2014-05-24,[ 04:52 ],1,158
33413,2014-05-24,[ 04:53 ],1,159
33414,2014-05-24,[ 04:54 ],1,159
33415,2014-05-24,[ 04:55 ],1,158
33416,2014-05-24,[ 04:56 ],1,158
33417,2014-05-24,[ 04:57 ],1,160
33418,2014-05-24,[ 04:58 ],1,160
33419,2014-05-24,[ 04:59 ],1,222
33420,2014-05-24,[ 05:00 ],1,216
33421,2014-05-24,[ 05:01 ],1,215
33422,2014-05-24,[ 05:02 ],1,215
33423,2014-05-24,[ 05:03 ],1,218
33424,2014-05-24,[ 05:04 ],1,218
33425,2014-05-24,[ 05:05 ],1,218
33426,2014-05-24,[ 05:06 ],1,216
33427,2014-05-24,[ 05:07 ],1,215
33428,2014-05-24,[ 05:08 ],1,213
33429,2014-05-24,[ 05:09 ],1,213
33430,2014-05-24,[ 05:10 ],1,213
33431,2014-05-24,[ 05:11 ],1,212
33432,2014-05-24,[ 05:12 ],1,211
33433,2014-05-24,[ 05:13 ],1,213
33434,2014-05-24,[ 05:14 ],1,213
33435,2014-05-24,[ 05:15 ],1,212
33436,2014-05-24,[ 05:16 ],1,213
33437,2014-05-24,[ 05:17 ],1,215
33438,2014-05-24,[ 05:18 ],1,215
33439,2014-05-24,[ 05:19 ],1,216
33440,2014-05-24,[ 05:20 ],1,217
33441,2014-05-24,[ 05:21 ],1,216
33442,2014-05-24,[ 05:22 ],1,214
33443,2014-05-24,[ 05:23 ],1,216
33444,2014-05-24,[ 05:24 ],1,214
33445,2014-05-24,[ 05:25 ],1,214
33446,2014-05-24,[ 05:26 ],1,214
33447,2014-05-24,[ 05:27 ],1,212
33448,2014-05-24,[ 05:28 ],1,213
33449,2014-05-24,[ 05:29 ],1,213
33450,2014-05-24,[ 05:30 ],1,211
33451,2014-05-24,[ 05:31 ],1,216
33452,2014-05-24,[ 05:32 ],1,216
33453,2014-05-24,[ 05:33 ],1,213
33454,2014-05-24,[ 05:34 ],1,211
33455,2014-05-24,[ 05:35 ],1,208
33456,2014-05-24,[ 05:36 ],1,160
33457,2014-05-24,[ 05:37 ],1,160
33458,2014-05-24,[ 05:38 ],1,158
33459,2014-05-24,[ 05:39 ],1,159
33460,2014-05-24,[ 05:40 ],1,157
33461,2014-05-24,[ 05:41 ],1,157
33462,2014-05-24,[ 05:42 ],1,158
33463,2014-05-24,[ 05:43 ],1,158
33464,2014-05-24,[ 05:44 ],1,158
33465,2014-05-24,[ 05:45 ],1,158
33466,2014-05-24,[ 05:46 ],1,157
33467,2014-05-24,[ 05:47 ],1,156
33468,2014-05-24,[ 05:48 ],1,159
33469,2014-05-24,[ 05:49 ],1,158
33470,2014-05-24,[ 05:50 ],1,157
33471,2014-05-24,[ 05:51 ],1,159
33472,2014-05-24,[ 05:52 ],1,158
33473,2014-05-24,[ 05:53 ],1,158
33474,2014-05-24,[ 05:54 ],1,159
33475,2014-05-24,[ 05:55 ],1,157
33476,2014-05-24,[ 05:56 ],1,158
33477,2014-05-24,[ 05:57 ],1,158
33478,2014-05-24,[ 05:58 ],1,160
33479,2014-05-24,[ 05:59 ],1,158
33480,2014-05-24,[ 06:00 ],1,161
33481,2014-05-24,[ 06:01 ],1,163
33482,2014-05-24,[ 06:02 ],1,161
33483,2014-05-24,[ 06:03 ],1,160
33484,2014-05-24,[ 06:04 ],1,160
33485,2014-05-24,[ 06:05 ],1,162
33486,2014-05-24,[ 06:06 ],1,158
33487,2014-05-24,[ 06:07 ],1,159
33488,2014-05-24,[ 06:08 ],1,162
33489,2014-05-24,[ 06:09 ],1,158
33490,2014-05-24,[ 06:10 ],1,158
33491,2014-05-24,[ 06:11 ],1,160
33492,2014-05-24,[ 06:12 ],1,159
33493,2014-05-24,[ 06:13 ],1,159
33494,2014-05-24,[ 06:14 ],1,159
33495,2014-05-24,[ 06:15 ],1,158
33496,2014-05-24,[ 06:16 ],1,158
33497,2014-05-24,[ 06:17 ],1,298
33498,2014-05-24,[ 06:18 ],1,223
33499,2014-05-24,[ 06:19 ],1,213
33500,2014-05-24,[ 06:20 ],1,215
33501,2014-05-24,[ 06:21 ],1,212
33502,2014-05-24,[ 06:22 ],1,224
33503,2014-05-24,[ 06:23 ],1,216
33504,2014-05-24,[ 06:24 ],1,216
33505,2014-05-24,[ 06:25 ],1,217
33506,2014-05-24,[ 06:26 ],1,217
33507,2014-05-24,[ 06:27 ],1,309
33508,2014-05-24,[ 06:28 ],1,311
33509,2014-05-24,[ 06:29 ],1,2686
33510,2014-05-24,[ 06:30 ],1,2633
33511,2014-05-24,[ 06:31 ],1,2619
33512,2014-05-24,[ 06:32 ],1,274
33513,2014-05-24,[ 06:33 ],1,281
33514,2014-05-24,[ 06:34 ],1,265
33515,2014-05-24,[ 06:35 ],1,270
33516,2014-05-24,[ 06:36 ],1,266
33517,2014-05-24,[ 06:37 ],1,270
33518,2014-05-24,[ 06:38 ],1,271
33519,2014-05-24,[ 06:39 ],1,267
33520,2014-05-24,[ 06:40 ],1,272
33521,2014-05-24,[ 06:41 ],1,272
33522,2014-05-24,[ 06:42 ],1,264
33523,2014-05-24,[ 06:43 ],1,278
33524,2014-05-24,[ 06:44 ],1,272
33525,2014-05-24,[ 06:45 ],1,264
33526,2014-05-24,[ 06:46 ],1,284
33527,2014-05-24,[ 06:47 ],1,264
33528,2014-05-24,[ 06:48 ],1,260
33529,2014-05-24,[ 06:49 ],1,267
33530,2014-05-24,[ 06:50 ],1,267
33531,2014-05-24,[ 06:51 ],1,265
33532,2014-05-24,[ 06:52 ],1,267
33533,2014-05-24,[ 06:53 ],1,262
33534,2014-05-24,[ 06:54 ],1,261
33535,2014-05-24,[ 06:55 ],1,273
33536,2014-05-24,[ 06:56 ],1,269
33537,2014-05-24,[ 06:57 ],1,265
33538,2014-05-24,[ 06:58 ],1,271
33539,2014-05-24,[ 06:59 ],1,1961
33540,2014-05-24,[ 07:00 ],1,1927
33541,2014-05-24,[ 07:01 ],1,270
33542,2014-05-24,[ 07:02 ],1,320
33543,2014-05-24,[ 07:03 ],1,316
33544,2014-05-24,[ 07:04 ],1,327
33545,2014-05-24,[ 07:05 ],1,343
33546,2014-05-24,[ 07:06 ],1,342
33547,2014-05-24,[ 07:07 ],1,320
33548,2014-05-24,[ 07:08 ],1,326
33549,2014-05-24,[ 07:09 ],1,262
33550,2014-05-24,[ 07:10 ],1,242
33551,2014-05-24,[ 07:11 ],1,308
33552,2014-05-24,[ 07:12 ],1,298
33553,2014-05-24,[ 07:13 ],1,294
33554,2014-05-24,[ 07:14 ],1,298
33555,2014-05-24,[ 07:15 ],1,297
33556,2014-05-24,[ 07:16 ],1,299
33557,2014-05-24,[ 07:17 ],1,294
33558,2014-05-24,[ 07:18 ],1,294
33559,2014-05-24,[ 07:19 ],1,297
33560,2014-05-24,[ 07:20 ],1,292
33561,2014-05-24,[ 07:21 ],1,286
33562,2014-05-24,[ 07:22 ],1,272
33563,2014-05-24,[ 07:23 ],1,265
33564,2014-05-24,[ 07:24 ],1,264
33565,2014-05-24,[ 07:25 ],1,259
33566,2014-05-24,[ 07:26 ],1,227
33567,2014-05-24,[ 07:27 ],1,227
33568,2014-05-24,[ 07:28 ],1,229
33569,2014-05-24,[ 07:29 ],1,229
33570,2014-05-24,[ 07:30 ],1,226
33571,2014-05-24,[ 07:31 ],1,231
33572,2014-05-24,[ 07:32 ],1,234
33573,2014-05-24,[ 07:33 ],1,237
33574,2014-05-24,[ 07:34 ],1,227
33575,2014-05-24,[ 07:35 ],1,335
33576,2014-05-24,[ 07:36 ],1,340
33577,2014-05-24,[ 07:37 ],1,2794
33578,2014-05-24,[ 07:38 ],1,2729
33579,2014-05-24,[ 07:39 ],1,334
33580,2014-05-24,[ 07:40 ],1,352
33581,2014-05-24,[ 07:41 ],1,344
33582,2014-05-24,[ 07:42 ],1,348
33583,2014-05-24,[ 07:43 ],1,345
33584,2014-05-24,[ 07:44 ],1,341
33585,2014-05-24,[ 07:45 ],1,350
33586,2014-05-24,[ 07:46 ],1,339
33587,2014-05-24,[ 07:47 ],1,340
33588,2014-05-24,[ 07:48 ],1,331
33589,2014-05-24,[ 07:49 ],1,326
33590,2014-05-24,[ 07:50 ],1,328
33591,2014-05-24,[ 07:51 ],1,309
33592,2014-05-24,[ 07:52 ],1,286
33593,2014-05-24,[ 07:53 ],1,287
33594,2014-05-24,[ 07:54 ],1,277
33595,2014-05-24,[ 07:55 ],1,286
33596,2014-05-24,[ 07:56 ],1,1915
33597,2014-05-24,[ 07:57 ],1,1915
33598,2014-05-24,[ 07:58 ],1,1660
33599,2014-05-24,[ 07:59 ],1,1426
33600,2014-05-24,[ 08:00 ],1,667
33601,2014-05-24,[ 08:01 ],1,1866
33602,2014-05-24,[ 08:02 ],1,1767
33603,2014-05-24,[ 08:03 ],1,799
33604,2014-05-24,[ 08:04 ],1,1928
33605,2014-05-24,[ 08:05 ],1,1969
33606,2014-05-24,[ 08:06 ],1,1968
33607,2014-05-24,[ 08:07 ],1,1980
33608,2014-05-24,[ 08:08 ],1,925
33609,2014-05-24,[ 08:09 ],1,891
33610,2014-05-24,[ 08:10 ],1,631
33611,2014-05-24,[ 08:11 ],1,540
33612,2014-05-24,[ 08:12 ],1,563
33613,2014-05-24,[ 08:13 ],1,578
33614,2014-05-24,[ 08:14 ],1,552
33615,2014-05-24,[ 08:15 ],1,534
33616,2014-05-24,[ 08:16 ],1,448
33617,2014-05-24,[ 08:17 ],1,538
33618,2014-05-24,[ 08:18 ],1,2827
33619,2014-05-24,[ 08:19 ],1,2865
33620,2014-05-24,[ 08:20 ],1,3034
33621,2014-05-24,[ 08:21 ],1,2984
33622,2014-05-24,[ 08:22 ],1,2885
33623,2014-05-24,[ 08:23 ],1,2840
33624,2014-05-24,[ 08:24 ],1,2858
33625,2014-05-24,[ 08:25 ],1,2848
33626,2014-05-24,[ 08:26 ],1,4049
33627,2014-05-24,[ 08:27 ],1,2866
33628,2014-05-24,[ 08:28 ],1,3905
33629,2014-05-24,[ 08:29 ],1,581
33630,2014-05-24,[ 08:30 ],1,580
33631,2014-05-24,[ 08:31 ],1,579
33632,2014-05-24,[ 08:32 ],1,561
33633,2014-05-24,[ 08:33 ],1,588
33634,2014-05-24,[ 08:34 ],1,604
33635,2014-05-24,[ 08:35 ],1,717
33636,2014-05-24,[ 08:36 ],1,694
33637,2014-05-24,[ 08:37 ],1,689
33638,2014-05-24,[ 08:38 ],1,709
33639,2014-05-24,[ 08:39 ],1,657
33640,2014-05-24,[ 08:40 ],1,654
33641,2014-05-24,[ 08:41 ],1,671
33642,2014-05-24,[ 08:42 ],1,653
33643,2014-05-24,[ 08:43 ],1,654
33644,2014-05-24,[ 08:44 ],1,672
33645,2014-05-24,[ 08:45 ],1,681
33646,2014-05-24,[ 08:46 ],1,598
33647,2014-05-24,[ 08:47 ],1,610
33648,2014-05-24,[ 08:48 ],1,608
33649,2014-05-24,[ 08:49 ],1,608
33650,2014-05-24,[ 08:50 ],1,603
33651,2014-05-24,[ 08:51 ],1,624
33652,2014-05-24,[ 08:52 ],1,612
33653,2014-05-24,[ 08:53 ],1,642
33654,2014-05-24,[ 08:54 ],1,605
33655,2014-05-24,[ 08:55 ],1,598
33656,2014-05-24,[ 08:56 ],1,601
33657,2014-05-24,[ 08:57 ],1,572
33658,2014-05-24,[ 08:58 ],1,594
33659,2014-05-24,[ 08:59 ],1,603
33660,2014-05-24,[ 09:00 ],1,613
33661,2014-05-24,[ 09:01 ],1,594
33662,2014-05-24,[ 09:02 ],1,586
33663,2014-05-24,[ 09:03 ],1,598
33664,2014-05-24,[ 09:04 ],1,599
33665,2014-05-24,[ 09:05 ],1,597
33666,2014-05-24,[ 09:06 ],1,610
33667,2014-05-24,[ 09:07 ],1,602
33668,2014-05-24,[ 09:08 ],1,640
33669,2014-05-24,[ 09:09 ],1,508
33670,2014-05-24,[ 09:10 ],1,612
33671,2014-05-24,[ 09:11 ],1,600
33672,2014-05-24,[ 09:12 ],1,602
33673,2014-05-24,[ 09:13 ],1,613
33674,2014-05-24,[ 09:14 ],1,608
33675,2014-05-24,[ 09:15 ],1,620
33676,2014-05-24,[ 09:16 ],1,598
33677,2014-05-24,[ 09:17 ],1,611
33678,2014-05-24,[ 09:18 ],1,619
33679,2014-05-24,[ 09:19 ],1,610
33680,2014-05-24,[ 09:20 ],1,608
33681,2014-05-24,[ 09:21 ],1,2992
33682,2014-05-24,[ 09:22 ],1,2992
33683,2014-05-24,[ 09:23 ],1,3764
33684,2014-05-24,[ 09:24 ],1,3418
33685,2014-05-24,[ 09:25 ],1,3228
33686,2014-05-24,[ 09:26 ],1,2915
33687,2014-05-24,[ 09:27 ],1,2940
33688,2014-05-24,[ 09:28 ],1,2939
33689,2014-05-24,[ 09:29 ],1,2911
33690,2014-05-24,[ 09:30 ],1,2897
33691,2014-05-24,[ 09:31 ],1,2857
33692,2014-05-24,[ 09:32 ],1,2876
33693,2014-05-24,[ 09:33 ],1,2868
33694,2014-05-24,[ 09:34 ],1,2992
33695,2014-05-24,[ 09:35 ],1,2992
33696,2014-05-24,[ 09:36 ],1,2941
33697,2014-05-24,[ 09:37 ],1,2890
33698,2014-05-24,[ 09:38 ],1,525
33699,2014-05-24,[ 09:39 ],1,510
33700,2014-05-24,[ 09:40 ],1,500
33701,2014-05-24,[ 09:41 ],1,500
33702,2014-05-24,[ 09:42 ],1,514
33703,2014-05-24,[ 09:43 ],1,499
33704,2014-05-24,[ 09:44 ],1,511
33705,2014-05-24,[ 09:45 ],1,508
33706,2014-05-24,[ 09:46 ],1,499
33707,2014-05-24,[ 09:47 ],1,493
33708,2014-05-24,[ 09:48 ],1,498
33709,2014-05-24,[ 09:49 ],1,511
33710,2014-05-24,[ 09:50 ],1,495
33711,2014-05-24,[ 09:51 ],1,515
33712,2014-05-24,[ 09:52 ],1,506
33713,2014-05-24,[ 09:53 ],1,519
33714,2014-05-24,[ 09:54 ],1,565
33715,2014-05-24,[ 09:55 ],1,589
33716,2014-05-24,[ 09:56 ],1,575
33717,2014-05-24,[ 09:57 ],1,580
33718,2014-05-24,[ 09:58 ],1,583
33719,2014-05-24,[ 09:59 ],1,574
33720,2014-05-24,[ 10:00 ],1,574
33721,2014-05-24,[ 10:01 ],1,592
33722,2014-05-24,[ 10:02 ],1,594
33723,2014-05-24,[ 10:03 ],1,599
33724,2014-05-24,[ 10:04 ],1,613
33725,2014-05-24,[ 10:05 ],1,605
33726,2014-05-24,[ 10:06 ],1,608
33727,2014-05-24,[ 10:07 ],1,621
33728,2014-05-24,[ 10:08 ],1,616
33729,2014-05-24,[ 10:09 ],1,623
33730,2014-05-24,[ 10:10 ],1,610
33731,2014-05-24,[ 10:11 ],1,587
33732,2014-05-24,[ 10:12 ],1,610
33733,2014-05-24,[ 10:13 ],1,611
33734,2014-05-24,[ 10:14 ],1,592
33735,2014-05-24,[ 10:15 ],1,539
33736,2014-05-24,[ 10:16 ],1,535
33737,2014-05-24,[ 10:17 ],1,535
33738,2014-05-24,[ 10:18 ],1,499
33739,2014-05-24,[ 10:19 ],1,522
33740,2014-05-24,[ 10:20 ],1,510
33741,2014-05-24,[ 10:21 ],1,496
33742,2014-05-24,[ 10:22 ],1,508
33743,2014-05-24,[ 10:23 ],1,510
33744,2014-05-24,[ 10:24 ],1,513
33745,2014-05-24,[ 10:25 ],1,513
33746,2014-05-24,[ 10:26 ],1,513
33747,2014-05-24,[ 10:27 ],1,515
33748,2014-05-24,[ 10:28 ],1,515
33749,2014-05-24,[ 10:29 ],1,506
33750,2014-05-24,[ 10:30 ],1,500
33751,2014-05-24,[ 10:31 ],1,495
33752,2014-05-24,[ 10:32 ],1,508
33753,2014-05-24,[ 10:33 ],1,724
33754,2014-05-24,[ 10:34 ],1,729
33755,2014-05-24,[ 10:35 ],1,737
33756,2014-05-24,[ 10:36 ],1,756
33757,2014-05-24,[ 10:37 ],1,770
33758,2014-05-24,[ 10:38 ],1,768
33759,2014-05-24,[ 10:39 ],1,2390
33760,2014-05-24,[ 10:40 ],1,2420
33761,2014-05-24,[ 10:41 ],1,2448
33762,2014-05-24,[ 10:42 ],1,2468
33763,2014-05-24,[ 10:43 ],1,2471
33764,2014-05-24,[ 10:44 ],1,835
33765,2014-05-24,[ 10:45 ],1,2254
33766,2014-05-24,[ 10:46 ],1,2297
33767,2014-05-24,[ 10:47 ],1,2267
33768,2014-05-24,[ 10:48 ],1,620
33769,2014-05-24,[ 10:49 ],1,2902
33770,2014-05-24,[ 10:50 ],1,4855
33771,2014-05-24,[ 10:51 ],1,4831
33772,2014-05-24,[ 10:52 ],1,521
33773,2014-05-24,[ 10:53 ],1,513
33774,2014-05-24,[ 10:54 ],1,511
33775,2014-05-24,[ 10:55 ],1,509
33776,2014-05-24,[ 10:56 ],1,510
33777,2014-05-24,[ 10:57 ],1,517
33778,2014-05-24,[ 10:58 ],1,651
33779,2014-05-24,[ 10:59 ],1,651
33780,2014-05-24,[ 11:00 ],1,599
33781,2014-05-24,[ 11:01 ],1,601
33782,2014-05-24,[ 11:02 ],1,614
33783,2014-05-24,[ 11:03 ],1,611
33784,2014-05-24,[ 11:04 ],1,618
33785,2014-05-24,[ 11:05 ],1,616
33786,2014-05-24,[ 11:06 ],1,590
33787,2014-05-24,[ 11:07 ],1,573
33788,2014-05-24,[ 11:08 ],1,592
33789,2014-05-24,[ 11:09 ],1,611
33790,2014-05-24,[ 11:10 ],1,380
33791,2014-05-24,[ 11:11 ],1,275
33792,2014-05-24,[ 11:12 ],1,273
33793,2014-05-24,[ 11:13 ],1,270
33794,2014-05-24,[ 11:14 ],1,271
33795,2014-05-24,[ 11:15 ],1,270
33796,2014-05-24,[ 11:16 ],1,269
33797,2014-05-24,[ 11:17 ],1,270
33798,2014-05-24,[ 11:18 ],1,276
33799,2014-05-24,[ 11:19 ],1,275
33800,2014-05-24,[ 11:20 ],1,274
33801,2014-05-24,[ 11:21 ],1,273
33802,2014-05-24,[ 11:22 ],1,305
33803,2014-05-24,[ 11:23 ],1,288
33804,2014-05-24,[ 11:24 ],1,259
33805,2014-05-24,[ 11:25 ],1,254
33806,2014-05-24,[ 11:26 ],1,256
33807,2014-05-24,[ 11:27 ],1,250
33808,2014-05-24,[ 11:28 ],1,237
33809,2014-05-24,[ 11:29 ],1,238
33810,2014-05-24,[ 11:30 ],1,239
33811,2014-05-24,[ 11:31 ],1,236
33812,2014-05-24,[ 11:32 ],1,238
33813,2014-05-24,[ 11:33 ],1,239
33814,2014-05-24,[ 11:34 ],1,238
33815,2014-05-24,[ 11:35 ],1,237
33816,2014-05-24,[ 11:36 ],1,235
33817,2014-05-24,[ 11:37 ],1,218
33818,2014-05-24,[ 11:38 ],1,221
33819,2014-05-24,[ 11:39 ],1,222
33820,2014-05-24,[ 11:40 ],1,221
33821,2014-05-24,[ 11:41 ],1,219
33822,2014-05-24,[ 11:42 ],1,217
33823,2014-05-24,[ 11:43 ],1,211
33824,2014-05-24,[ 11:44 ],1,207
33825,2014-05-24,[ 11:45 ],1,210
33826,2014-05-24,[ 11:46 ],1,211
33827,2014-05-24,[ 11:47 ],1,211
33828,2014-05-24,[ 11:48 ],1,249
33829,2014-05-24,[ 11:49 ],1,256
33830,2014-05-24,[ 11:50 ],1,252
33831,2014-05-24,[ 11:51 ],1,250
33832,2014-05-24,[ 11:52 ],1,277
33833,2014-05-24,[ 11:53 ],1,265
33834,2014-05-24,[ 11:54 ],1,262
33835,2014-05-24,[ 11:55 ],1,262
33836,2014-05-24,[ 11:56 ],1,265
33837,2014-05-24,[ 11:57 ],1,264
33838,2014-05-24,[ 11:58 ],1,262
33839,2014-05-24,[ 11:59 ],1,262
33840,2014-05-24,[ 12:00 ],1,262
33841,2014-05-24,[ 12:01 ],1,262
33842,2014-05-24,[ 12:02 ],1,261
33843,2014-05-24,[ 12:03 ],1,261
33844,2014-05-24,[ 12:04 ],1,262
33845,2014-05-24,[ 12:05 ],1,261
33846,2014-05-24,[ 12:06 ],1,260
33847,2014-05-24,[ 12:07 ],1,258
33848,2014-05-24,[ 12:08 ],1,260
33849,2014-05-24,[ 12:09 ],1,191
33850,2014-05-24,[ 12:10 ],1,191
33851,2014-05-24,[ 12:11 ],1,202
33852,2014-05-24,[ 12:12 ],1,202
33853,2014-05-24,[ 12:13 ],1,202
33854,2014-05-24,[ 12:14 ],1,203
33855,2014-05-24,[ 12:15 ],1,203
33856,2014-05-24,[ 12:16 ],1,205
33857,2014-05-24,[ 12:17 ],1,202
33858,2014-05-24,[ 12:18 ],1,203
33859,2014-05-24,[ 12:19 ],1,205
33860,2014-05-24,[ 12:20 ],1,205
33861,2014-05-24,[ 12:21 ],1,204
33862,2014-05-24,[ 12:22 ],1,204
33863,2014-05-24,[ 12:23 ],1,204
33864,2014-05-24,[ 12:24 ],1,204
33865,2014-05-24,[ 12:25 ],1,205
33866,2014-05-24,[ 12:26 ],1,206
33867,2014-05-24,[ 12:27 ],1,203
33868,2014-05-24,[ 12:28 ],1,203
33869,2014-05-24,[ 12:29 ],1,191
33870,2014-05-24,[ 12:30 ],1,191
33871,2014-05-24,[ 12:31 ],1,189
33872,2014-05-24,[ 12:32 ],1,187
33873,2014-05-24,[ 12:33 ],1,186
33874,2014-05-24,[ 12:34 ],1,187
33875,2014-05-24,[ 12:35 ],1,188
33876,2014-05-24,[ 12:36 ],1,188
33877,2014-05-24,[ 12:37 ],1,190
33878,2014-05-24,[ 12:38 ],1,189
33879,2014-05-24,[ 12:39 ],1,190
33880,2014-05-24,[ 12:40 ],1,179
33881,2014-05-24,[ 12:41 ],1,179
33882,2014-05-24,[ 12:42 ],1,179
33883,2014-05-24,[ 12:43 ],1,185
33884,2014-05-24,[ 12:44 ],1,185
33885,2014-05-24,[ 12:45 ],1,185
33886,2014-05-24,[ 12:46 ],1,185
33887,2014-05-24,[ 12:47 ],1,183
33888,2014-05-24,[ 12:48 ],1,185
33889,2014-05-24,[ 12:49 ],1,186
33890,2014-05-24,[ 12:50 ],1,186
33891,2014-05-24,[ 12:51 ],1,185
33892,2014-05-24,[ 12:52 ],1,267
33893,2014-05-24,[ 12:53 ],1,265
33894,2014-05-24,[ 12:54 ],1,260
33895,2014-05-24,[ 12:55 ],1,259
33896,2014-05-24,[ 12:56 ],1,260
33897,2014-05-24,[ 12:57 ],1,260
33898,2014-05-24,[ 12:58 ],1,257
33899,2014-05-24,[ 12:59 ],1,257
33900,2014-05-24,[ 13:00 ],1,258
33901,2014-05-24,[ 13:01 ],1,257
33902,2014-05-24,[ 13:02 ],1,258
33903,2014-05-24,[ 13:03 ],1,254
33904,2014-05-24,[ 13:04 ],1,256
33905,2014-05-24,[ 13:05 ],1,252
33906,2014-05-24,[ 13:06 ],1,184
33907,2014-05-24,[ 13:07 ],1,185
33908,2014-05-24,[ 13:08 ],1,185
33909,2014-05-24,[ 13:09 ],1,183
33910,2014-05-24,[ 13:10 ],1,184
33911,2014-05-24,[ 13:11 ],1,185
33912,2014-05-24,[ 13:12 ],1,185
33913,2014-05-24,[ 13:13 ],1,184
33914,2014-05-24,[ 13:14 ],1,182
33915,2014-05-24,[ 13:15 ],1,184
33916,2014-05-24,[ 13:16 ],1,184
33917,2014-05-24,[ 13:17 ],1,185
33918,2014-05-24,[ 13:18 ],1,184
33919,2014-05-24,[ 13:19 ],1,184
33920,2014-05-24,[ 13:20 ],1,184
33921,2014-05-24,[ 13:21 ],1,183
33922,2014-05-24,[ 13:22 ],1,184
33923,2014-05-24,[ 13:23 ],1,185
33924,2014-05-24,[ 13:24 ],1,184
33925,2014-05-24,[ 13:25 ],1,185
33926,2014-05-24,[ 13:26 ],1,185
33927,2014-05-24,[ 13:27 ],1,185
33928,2014-05-24,[ 13:28 ],1,183
33929,2014-05-24,[ 13:29 ],1,178
33930,2014-05-24,[ 13:30 ],1,178
33931,2014-05-24,[ 13:31 ],1,178
33932,2014-05-24,[ 13:32 ],1,178
33933,2014-05-24,[ 13:33 ],1,178
33934,2014-05-24,[ 13:34 ],1,178
33935,2014-05-24,[ 13:35 ],1,178
33936,2014-05-24,[ 13:36 ],1,160
33937,2014-05-24,[ 13:37 ],1,163
33938,2014-05-24,[ 13:38 ],1,165
33939,2014-05-24,[ 13:39 ],1,162
33940,2014-05-24,[ 13:40 ],1,163
33941,2014-05-24,[ 13:41 ],1,163
33942,2014-05-24,[ 13:42 ],1,917
33943,2014-05-24,[ 13:43 ],1,232
33944,2014-05-24,[ 13:44 ],1,261
33945,2014-05-24,[ 13:45 ],1,261
33946,2014-05-24,[ 13:46 ],1,265
33947,2014-05-24,[ 13:47 ],1,264
33948,2014-05-24,[ 13:48 ],1,227
33949,2014-05-24,[ 13:49 ],1,227
33950,2014-05-24,[ 13:50 ],1,223
33951,2014-05-24,[ 13:51 ],1,224
33952,2014-05-24,[ 13:52 ],1,224
33953,2014-05-24,[ 13:53 ],1,222
33954,2014-05-24,[ 13:54 ],1,221
33955,2014-05-24,[ 13:55 ],1,226
33956,2014-05-24,[ 13:56 ],1,272
33957,2014-05-24,[ 13:57 ],1,273
33958,2014-05-24,[ 13:58 ],1,273
33959,2014-05-24,[ 13:59 ],1,272
33960,2014-05-24,[ 14:00 ],1,237
33961,2014-05-24,[ 14:01 ],1,238
33962,2014-05-24,[ 14:02 ],1,237
33963,2014-05-24,[ 14:03 ],1,238
33964,2014-05-24,[ 14:04 ],1,238
33965,2014-05-24,[ 14:05 ],1,238
33966,2014-05-24,[ 14:06 ],1,236
33967,2014-05-24,[ 14:07 ],1,236
33968,2014-05-24,[ 14:08 ],1,237
33969,2014-05-24,[ 14:09 ],1,235
33970,2014-05-24,[ 14:10 ],1,218
33971,2014-05-24,[ 14:11 ],1,217
33972,2014-05-24,[ 14:12 ],1,218
33973,2014-05-24,[ 14:13 ],1,218
33974,2014-05-24,[ 14:14 ],1,221
33975,2014-05-24,[ 14:15 ],1,224
33976,2014-05-24,[ 14:16 ],1,224
33977,2014-05-24,[ 14:17 ],1,224
33978,2014-05-24,[ 14:18 ],1,218
33979,2014-05-24,[ 14:19 ],1,217
33980,2014-05-24,[ 14:20 ],1,218
33981,2014-05-24,[ 14:21 ],1,217
33982,2014-05-24,[ 14:22 ],1,217
33983,2014-05-24,[ 14:23 ],1,216
33984,2014-05-24,[ 14:24 ],1,213
33985,2014-05-24,[ 14:25 ],1,214
33986,2014-05-24,[ 14:26 ],1,213
33987,2014-05-24,[ 14:27 ],1,215
33988,2014-05-24,[ 14:28 ],1,214
33989,2014-05-24,[ 14:29 ],1,211
33990,2014-05-24,[ 14:30 ],1,159
33991,2014-05-24,[ 14:31 ],1,159
33992,2014-05-24,[ 14:32 ],1,160
33993,2014-05-24,[ 14:33 ],1,160
33994,2014-05-24,[ 14:34 ],1,159
33995,2014-05-24,[ 14:35 ],1,160
33996,2014-05-24,[ 14:36 ],1,160
33997,2014-05-24,[ 14:37 ],1,160
33998,2014-05-24,[ 14:38 ],1,160
33999,2014-05-24,[ 14:39 ],1,159
34000,2014-05-24,[ 14:40 ],1,161
34001,2014-05-24,[ 14:41 ],1,161
34002,2014-05-24,[ 14:42 ],1,159
34003,2014-05-24,[ 14:43 ],1,185
34004,2014-05-24,[ 14:44 ],1,184
34005,2014-05-24,[ 14:45 ],1,185
34006,2014-05-24,[ 14:46 ],1,181
34007,2014-05-24,[ 14:47 ],1,158
34008,2014-05-24,[ 14:48 ],1,158
34009,2014-05-24,[ 14:49 ],1,158
34010,2014-05-24,[ 14:50 ],1,183
34011,2014-05-24,[ 14:51 ],1,185
34012,2014-05-24,[ 14:52 ],1,186
34013,2014-05-24,[ 14:53 ],1,204
34014,2014-05-24,[ 14:54 ],1,201
34015,2014-05-24,[ 14:55 ],1,201
34016,2014-05-24,[ 14:56 ],1,201
34017,2014-05-24,[ 14:57 ],1,201
34018,2014-05-24,[ 14:58 ],1,195
34019,2014-05-24,[ 14:59 ],1,189
34020,2014-05-24,[ 15:00 ],1,190
34021,2014-05-24,[ 15:01 ],1,190
34022,2014-05-24,[ 15:02 ],1,189
34023,2014-05-24,[ 15:03 ],1,189
34024,2014-05-24,[ 15:04 ],1,272
34025,2014-05-24,[ 15:05 ],1,265
34026,2014-05-24,[ 15:06 ],1,265
34027,2014-05-24,[ 15:07 ],1,262
34028,2014-05-24,[ 15:08 ],1,262
34029,2014-05-24,[ 15:09 ],1,267
34030,2014-05-24,[ 15:10 ],1,262
34031,2014-05-24,[ 15:11 ],1,266
34032,2014-05-24,[ 15:12 ],1,262
34033,2014-05-24,[ 15:13 ],1,264
34034,2014-05-24,[ 15:14 ],1,259
34035,2014-05-24,[ 15:15 ],1,260
34036,2014-05-24,[ 15:16 ],1,260
34037,2014-05-24,[ 15:17 ],1,261
34038,2014-05-24,[ 15:18 ],1,189
34039,2014-05-24,[ 15:19 ],1,189
34040,2014-05-24,[ 15:20 ],1,188
34041,2014-05-24,[ 15:21 ],1,189
34042,2014-05-24,[ 15:22 ],1,178
34043,2014-05-24,[ 15:23 ],1,178
34044,2014-05-24,[ 15:24 ],1,178
34045,2014-05-24,[ 15:25 ],1,178
34046,2014-05-24,[ 15:26 ],1,178
34047,2014-05-24,[ 15:27 ],1,177
34048,2014-05-24,[ 15:28 ],1,176
34049,2014-05-24,[ 15:29 ],1,176
34050,2014-05-24,[ 15:30 ],1,178
34051,2014-05-24,[ 15:31 ],1,178
34052,2014-05-24,[ 15:32 ],1,178
34053,2014-05-24,[ 15:33 ],1,176
34054,2014-05-24,[ 15:34 ],1,175
34055,2014-05-24,[ 15:35 ],1,177
34056,2014-05-24,[ 15:36 ],1,177
34057,2014-05-24,[ 15:37 ],1,176
34058,2014-05-24,[ 15:38 ],1,175
34059,2014-05-24,[ 15:39 ],1,176
34060,2014-05-24,[ 15:40 ],1,177
34061,2014-05-24,[ 15:41 ],1,177
34062,2014-05-24,[ 15:42 ],1,177
34063,2014-05-24,[ 15:43 ],1,175
34064,2014-05-24,[ 15:44 ],1,177
34065,2014-05-24,[ 15:45 ],1,177
34066,2014-05-24,[ 15:46 ],1,177
34067,2014-05-24,[ 15:47 ],1,177
34068,2014-05-24,[ 15:48 ],1,178
34069,2014-05-24,[ 15:49 ],1,176
34070,2014-05-24,[ 15:50 ],1,185
34071,2014-05-24,[ 15:51 ],1,185
34072,2014-05-24,[ 15:52 ],1,185
34073,2014-05-24,[ 15:53 ],1,187
34074,2014-05-24,[ 15:54 ],1,481
34075,2014-05-24,[ 15:55 ],1,481
34076,2014-05-24,[ 15:56 ],1,274
34077,2014-05-24,[ 15:57 ],1,276
34078,2014-05-24,[ 15:58 ],1,278
34079,2014-05-24,[ 15:59 ],1,278
34080,2014-05-24,[ 16:00 ],1,278
34081,2014-05-24,[ 16:01 ],1,280
34082,2014-05-24,[ 16:02 ],1,278
34083,2014-05-24,[ 16:03 ],1,275
34084,2014-05-24,[ 16:04 ],1,276
34085,2014-05-24,[ 16:05 ],1,277
34086,2014-05-24,[ 16:06 ],1,273
34087,2014-05-24,[ 16:07 ],1,273
34088,2014-05-24,[ 16:08 ],1,270
34089,2014-05-24,[ 16:09 ],1,202
34090,2014-05-24,[ 16:10 ],1,201
34091,2014-05-24,[ 16:11 ],1,202
34092,2014-05-24,[ 16:12 ],1,201
34093,2014-05-24,[ 16:13 ],1,204
34094,2014-05-24,[ 16:14 ],1,202
34095,2014-05-24,[ 16:15 ],1,200
34096,2014-05-24,[ 16:16 ],1,199
34097,2014-05-24,[ 16:17 ],1,201
34098,2014-05-24,[ 16:18 ],1,285
34099,2014-05-24,[ 16:19 ],1,277
34100,2014-05-24,[ 16:20 ],1,273
34101,2014-05-24,[ 16:21 ],1,238
34102,2014-05-24,[ 16:22 ],1,241
34103,2014-05-24,[ 16:23 ],1,238
34104,2014-05-24,[ 16:24 ],1,238
34105,2014-05-24,[ 16:25 ],1,241
34106,2014-05-24,[ 16:26 ],1,275
34107,2014-05-24,[ 16:27 ],1,276
34108,2014-05-24,[ 16:28 ],1,273
34109,2014-05-24,[ 16:29 ],1,274
34110,2014-05-24,[ 16:30 ],1,239
34111,2014-05-24,[ 16:31 ],1,237
34112,2014-05-24,[ 16:32 ],1,237
34113,2014-05-24,[ 16:33 ],1,234
34114,2014-05-24,[ 16:34 ],1,237
34115,2014-05-24,[ 16:35 ],1,239
34116,2014-05-24,[ 16:36 ],1,237
34117,2014-05-24,[ 16:37 ],1,237
34118,2014-05-24,[ 16:38 ],1,237
34119,2014-05-24,[ 16:39 ],1,237
34120,2014-05-24,[ 16:40 ],1,235
34121,2014-05-24,[ 16:41 ],1,217
34122,2014-05-24,[ 16:42 ],1,217
34123,2014-05-24,[ 16:43 ],1,261
34124,2014-05-24,[ 16:44 ],1,258
34125,2014-05-24,[ 16:45 ],1,258
34126,2014-05-24,[ 16:46 ],1,217
34127,2014-05-24,[ 16:47 ],1,219
34128,2014-05-24,[ 16:48 ],1,219
34129,2014-05-24,[ 16:49 ],1,218
34130,2014-05-24,[ 16:50 ],1,216
34131,2014-05-24,[ 16:51 ],1,218
34132,2014-05-24,[ 16:52 ],1,226
34133,2014-05-24,[ 16:53 ],1,223
34134,2014-05-24,[ 16:54 ],1,222
34135,2014-05-24,[ 16:55 ],1,219
34136,2014-05-24,[ 16:56 ],1,219
34137,2014-05-24,[ 16:57 ],1,219
34138,2014-05-24,[ 16:58 ],1,202
34139,2014-05-24,[ 16:59 ],1,206
34140,2014-05-24,[ 17:00 ],1,202
34141,2014-05-24,[ 17:01 ],1,203
34142,2014-05-24,[ 17:02 ],1,205
34143,2014-05-24,[ 17:03 ],1,201
34144,2014-05-24,[ 17:04 ],1,178
34145,2014-05-24,[ 17:05 ],1,178
34146,2014-05-24,[ 17:06 ],1,172
34147,2014-05-24,[ 17:07 ],1,165
34148,2014-05-24,[ 17:08 ],1,165
34149,2014-05-24,[ 17:09 ],1,163
34150,2014-05-24,[ 17:10 ],1,165
34151,2014-05-24,[ 17:11 ],1,163
34152,2014-05-24,[ 17:12 ],1,163
34153,2014-05-24,[ 17:13 ],1,165
34154,2014-05-24,[ 17:14 ],1,166
34155,2014-05-24,[ 17:15 ],1,165
34156,2014-05-24,[ 17:16 ],1,165
34157,2014-05-24,[ 17:17 ],1,165
34158,2014-05-24,[ 17:18 ],1,165
34159,2014-05-24,[ 17:19 ],1,167
34160,2014-05-24,[ 17:20 ],1,166
34161,2014-05-24,[ 17:21 ],1,169
34162,2014-05-24,[ 17:22 ],1,165
34163,2014-05-24,[ 17:23 ],1,167
34164,2014-05-24,[ 17:24 ],1,163
34165,2014-05-24,[ 17:25 ],1,165
34166,2014-05-24,[ 17:26 ],1,166
34167,2014-05-24,[ 17:27 ],1,166
34168,2014-05-24,[ 17:28 ],1,165
34169,2014-05-24,[ 17:29 ],1,165
34170,2014-05-24,[ 17:30 ],1,165
34171,2014-05-24,[ 17:31 ],1,165
34172,2014-05-24,[ 17:32 ],1,166
34173,2014-05-24,[ 17:33 ],1,165
34174,2014-05-24,[ 17:34 ],1,165
34175,2014-05-24,[ 17:35 ],1,165
34176,2014-05-24,[ 17:36 ],1,163
34177,2014-05-24,[ 17:37 ],1,190
34178,2014-05-24,[ 17:38 ],1,278
34179,2014-05-24,[ 17:39 ],1,269
34180,2014-05-24,[ 17:40 ],1,236
34181,2014-05-24,[ 17:41 ],1,238
34182,2014-05-24,[ 17:42 ],1,234
34183,2014-05-24,[ 17:43 ],1,237
34184,2014-05-24,[ 17:44 ],1,238
34185,2014-05-24,[ 17:45 ],1,236
34186,2014-05-24,[ 17:46 ],1,238
34187,2014-05-24,[ 17:47 ],1,235
34188,2014-05-24,[ 17:48 ],1,234
34189,2014-05-24,[ 17:49 ],1,236
34190,2014-05-24,[ 17:50 ],1,236
34191,2014-05-24,[ 17:51 ],1,235
34192,2014-05-24,[ 17:52 ],1,173
34193,2014-05-24,[ 17:53 ],1,171
34194,2014-05-24,[ 17:54 ],1,174
34195,2014-05-24,[ 17:55 ],1,171
34196,2014-05-24,[ 17:56 ],1,171
34197,2014-05-24,[ 17:57 ],1,172
34198,2014-05-24,[ 17:58 ],1,171
34199,2014-05-24,[ 17:59 ],1,173
34200,2014-05-24,[ 18:00 ],1,172
34201,2014-05-24,[ 18:01 ],1,172
34202,2014-05-24,[ 18:02 ],1,171
34203,2014-05-24,[ 18:03 ],1,173
34204,2014-05-24,[ 18:04 ],1,173
34205,2014-05-24,[ 18:05 ],1,170
34206,2014-05-24,[ 18:06 ],1,170
34207,2014-05-24,[ 18:07 ],1,171
34208,2014-05-24,[ 18:08 ],1,171
34209,2014-05-24,[ 18:09 ],1,171
34210,2014-05-24,[ 18:10 ],1,158
34211,2014-05-24,[ 18:11 ],1,159
34212,2014-05-24,[ 18:12 ],1,159
34213,2014-05-24,[ 18:13 ],1,159
34214,2014-05-24,[ 18:14 ],1,159
34215,2014-05-24,[ 18:15 ],1,158
34216,2014-05-24,[ 18:16 ],1,159
34217,2014-05-24,[ 18:17 ],1,158
34218,2014-05-24,[ 18:18 ],1,160
34219,2014-05-24,[ 18:19 ],1,159
34220,2014-05-24,[ 18:20 ],1,158
34221,2014-05-24,[ 18:21 ],1,159
34222,2014-05-24,[ 18:22 ],1,159
34223,2014-05-24,[ 18:23 ],1,159
34224,2014-05-24,[ 18:24 ],1,160
34225,2014-05-24,[ 18:25 ],1,160
34226,2014-05-24,[ 18:26 ],1,156
34227,2014-05-24,[ 18:27 ],1,151
34228,2014-05-24,[ 18:28 ],1,150
34229,2014-05-24,[ 18:29 ],1,216
34230,2014-05-24,[ 18:30 ],1,240
34231,2014-05-24,[ 18:31 ],1,247
34232,2014-05-24,[ 18:32 ],1,245
34233,2014-05-24,[ 18:33 ],1,206
34234,2014-05-24,[ 18:34 ],1,210
34235,2014-05-24,[ 18:35 ],1,207
34236,2014-05-24,[ 18:36 ],1,206
34237,2014-05-24,[ 18:37 ],1,221
34238,2014-05-24,[ 18:38 ],1,217
34239,2014-05-24,[ 18:39 ],1,222
34240,2014-05-24,[ 18:40 ],1,222
34241,2014-05-24,[ 18:41 ],1,221
34242,2014-05-24,[ 18:42 ],1,216
34243,2014-05-24,[ 18:43 ],1,163
34244,2014-05-24,[ 18:44 ],1,162
34245,2014-05-24,[ 18:45 ],1,162
34246,2014-05-24,[ 18:46 ],1,162
34247,2014-05-24,[ 18:47 ],1,162
34248,2014-05-24,[ 18:48 ],1,163
34249,2014-05-24,[ 18:49 ],1,162
34250,2014-05-24,[ 18:50 ],1,161
34251,2014-05-24,[ 18:51 ],1,160
34252,2014-05-24,[ 18:52 ],1,426
34253,2014-05-24,[ 18:53 ],1,305
34254,2014-05-24,[ 18:54 ],1,294
34255,2014-05-24,[ 18:55 ],1,291
34256,2014-05-24,[ 18:56 ],1,304
34257,2014-05-24,[ 18:57 ],1,294
34258,2014-05-24,[ 18:58 ],1,308
34259,2014-05-24,[ 18:59 ],1,295
34260,2014-05-24,[ 19:00 ],1,306
34261,2014-05-24,[ 19:01 ],1,304
34262,2014-05-24,[ 19:02 ],1,289
34263,2014-05-24,[ 19:03 ],1,293
34264,2014-05-24,[ 19:04 ],1,291
34265,2014-05-24,[ 19:05 ],1,291
34266,2014-05-24,[ 19:06 ],1,287
34267,2014-05-24,[ 19:07 ],1,288
34268,2014-05-24,[ 19:08 ],1,291
34269,2014-05-24,[ 19:09 ],1,293
34270,2014-05-24,[ 19:10 ],1,292
34271,2014-05-24,[ 19:11 ],1,288
34272,2014-05-24,[ 19:12 ],1,288
34273,2014-05-24,[ 19:13 ],1,286
34274,2014-05-24,[ 19:14 ],1,291
34275,2014-05-24,[ 19:15 ],1,291
34276,2014-05-24,[ 19:16 ],1,292
34277,2014-05-24,[ 19:17 ],1,288
34278,2014-05-24,[ 19:18 ],1,289
34279,2014-05-24,[ 19:19 ],1,289
34280,2014-05-24,[ 19:20 ],1,289
34281,2014-05-24,[ 19:21 ],1,298
34282,2014-05-24,[ 19:22 ],1,292
34283,2014-05-24,[ 19:23 ],1,310
34284,2014-05-24,[ 19:24 ],1,310
34285,2014-05-24,[ 19:25 ],1,315
34286,2014-05-24,[ 19:26 ],1,313
34287,2014-05-24,[ 19:27 ],1,310
34288,2014-05-24,[ 19:28 ],1,309
34289,2014-05-24,[ 19:29 ],1,304
34290,2014-05-24,[ 19:30 ],1,321
34291,2014-05-24,[ 19:31 ],1,307
34292,2014-05-24,[ 19:32 ],1,300
34293,2014-05-24,[ 19:33 ],1,299
34294,2014-05-24,[ 19:34 ],1,299
34295,2014-05-24,[ 19:35 ],1,278
34296,2014-05-24,[ 19:36 ],1,210
34297,2014-05-24,[ 19:37 ],1,210
34298,2014-05-24,[ 19:38 ],1,210
34299,2014-05-24,[ 19:39 ],1,213
34300,2014-05-24,[ 19:40 ],1,210
34301,2014-05-24,[ 19:41 ],1,211
34302,2014-05-24,[ 19:42 ],1,207
34303,2014-05-24,[ 19:43 ],1,207
34304,2014-05-24,[ 19:44 ],1,210
34305,2014-05-24,[ 19:45 ],1,208
34306,2014-05-24,[ 19:46 ],1,213
34307,2014-05-24,[ 19:47 ],1,215
34308,2014-05-24,[ 19:48 ],1,213
34309,2014-05-24,[ 19:49 ],1,214
34310,2014-05-24,[ 19:50 ],1,215
34311,2014-05-24,[ 19:51 ],1,214
34312,2014-05-24,[ 19:52 ],1,213
34313,2014-05-24,[ 19:53 ],1,214
34314,2014-05-24,[ 19:54 ],1,215
34315,2014-05-24,[ 19:55 ],1,212
34316,2014-05-24,[ 19:56 ],1,215
34317,2014-05-24,[ 19:57 ],1,213
34318,2014-05-24,[ 19:58 ],1,215
34319,2014-05-24,[ 19:59 ],1,214
34320,2014-05-24,[ 20:00 ],1,215
34321,2014-05-24,[ 20:01 ],1,213
34322,2014-05-24,[ 20:02 ],1,225
34323,2014-05-24,[ 20:03 ],1,225
34324,2014-05-24,[ 20:04 ],1,160
34325,2014-05-24,[ 20:05 ],1,172
34326,2014-05-24,[ 20:06 ],1,170
34327,2014-05-24,[ 20:07 ],1,171
34328,2014-05-24,[ 20:08 ],1,173
34329,2014-05-24,[ 20:09 ],1,166
34330,2014-05-24,[ 20:10 ],1,166
34331,2014-05-24,[ 20:11 ],1,242
34332,2014-05-24,[ 20:12 ],1,229
34333,2014-05-24,[ 20:13 ],1,229
34334,2014-05-24,[ 20:14 ],1,227
34335,2014-05-24,[ 20:15 ],1,226
34336,2014-05-24,[ 20:16 ],1,224
34337,2014-05-24,[ 20:17 ],1,224
34338,2014-05-24,[ 20:18 ],1,222
34339,2014-05-24,[ 20:19 ],1,224
34340,2014-05-24,[ 20:20 ],1,222
34341,2014-05-24,[ 20:21 ],1,222
34342,2014-05-24,[ 20:22 ],1,221
34343,2014-05-24,[ 20:23 ],1,223
34344,2014-05-24,[ 20:24 ],1,223
34345,2014-05-24,[ 20:25 ],1,163
34346,2014-05-24,[ 20:26 ],1,165
34347,2014-05-24,[ 20:27 ],1,165
34348,2014-05-24,[ 20:28 ],1,163
34349,2014-05-24,[ 20:29 ],1,166
34350,2014-05-24,[ 20:30 ],1,163
34351,2014-05-24,[ 20:31 ],1,163
34352,2014-05-24,[ 20:32 ],1,165
34353,2014-05-24,[ 20:33 ],1,163
34354,2014-05-24,[ 20:34 ],1,165
34355,2014-05-24,[ 20:35 ],1,167
34356,2014-05-24,[ 20:36 ],1,165
34357,2014-05-24,[ 20:37 ],1,163
34358,2014-05-24,[ 20:38 ],1,163
34359,2014-05-24,[ 20:39 ],1,163
34360,2014-05-24,[ 20:40 ],1,166
34361,2014-05-24,[ 20:41 ],1,179
34362,2014-05-24,[ 20:42 ],1,179
34363,2014-05-24,[ 20:43 ],1,171
34364,2014-05-24,[ 20:44 ],1,173
34365,2014-05-24,[ 20:45 ],1,172
34366,2014-05-24,[ 20:46 ],1,173
34367,2014-05-24,[ 20:47 ],1,175
34368,2014-05-24,[ 20:48 ],1,173
34369,2014-05-24,[ 20:49 ],1,174
34370,2014-05-24,[ 20:50 ],1,175
34371,2014-05-24,[ 20:51 ],1,173
34372,2014-05-24,[ 20:52 ],1,174
34373,2014-05-24,[ 20:53 ],1,174
34374,2014-05-24,[ 20:54 ],1,173
34375,2014-05-24,[ 20:55 ],1,174
34376,2014-05-24,[ 20:56 ],1,172
34377,2014-05-24,[ 20:57 ],1,171
34378,2014-05-24,[ 20:58 ],1,174
34379,2014-05-24,[ 20:59 ],1,174
34380,2014-05-24,[ 21:00 ],1,173
34381,2014-05-24,[ 21:01 ],1,174
34382,2014-05-24,[ 21:02 ],1,173
34383,2014-05-24,[ 21:03 ],1,252
34384,2014-05-24,[ 21:04 ],1,239
34385,2014-05-24,[ 21:05 ],1,240
34386,2014-05-24,[ 21:06 ],1,240
34387,2014-05-24,[ 21:07 ],1,235
34388,2014-05-24,[ 21:08 ],1,216
34389,2014-05-24,[ 21:09 ],1,221
34390,2014-05-24,[ 21:10 ],1,218
34391,2014-05-24,[ 21:11 ],1,214
34392,2014-05-24,[ 21:12 ],1,217
34393,2014-05-24,[ 21:13 ],1,217
34394,2014-05-24,[ 21:14 ],1,218
34395,2014-05-24,[ 21:15 ],1,216
34396,2014-05-24,[ 21:16 ],1,159
34397,2014-05-24,[ 21:17 ],1,169
34398,2014-05-24,[ 21:18 ],1,171
34399,2014-05-24,[ 21:19 ],1,174
34400,2014-05-24,[ 21:20 ],1,174
34401,2014-05-24,[ 21:21 ],1,172
34402,2014-05-24,[ 21:22 ],1,172
34403,2014-05-24,[ 21:23 ],1,173
34404,2014-05-24,[ 21:24 ],1,174
34405,2014-05-24,[ 21:25 ],1,243
34406,2014-05-24,[ 21:26 ],1,242
34407,2014-05-24,[ 21:27 ],1,238
34408,2014-05-24,[ 21:28 ],1,238
34409,2014-05-24,[ 21:29 ],1,243
34410,2014-05-24,[ 21:30 ],1,240
34411,2014-05-24,[ 21:31 ],1,241
34412,2014-05-24,[ 21:32 ],1,243
34413,2014-05-24,[ 21:33 ],1,246
34414,2014-05-24,[ 21:34 ],1,238
34415,2014-05-24,[ 21:35 ],1,221
34416,2014-05-24,[ 21:36 ],1,222
34417,2014-05-24,[ 21:37 ],1,223
34418,2014-05-24,[ 21:38 ],1,222
34419,2014-05-24,[ 21:39 ],1,221
34420,2014-05-24,[ 21:40 ],1,218
34421,2014-05-24,[ 21:41 ],1,208
34422,2014-05-24,[ 21:42 ],1,210
34423,2014-05-24,[ 21:43 ],1,211
34424,2014-05-24,[ 21:44 ],1,211
34425,2014-05-24,[ 21:45 ],1,211
34426,2014-05-24,[ 21:46 ],1,210
34427,2014-05-24,[ 21:47 ],1,210
34428,2014-05-24,[ 21:48 ],1,212
34429,2014-05-24,[ 21:49 ],1,212
34430,2014-05-24,[ 21:50 ],1,208
34431,2014-05-24,[ 21:51 ],1,212
34432,2014-05-24,[ 21:52 ],1,212
34433,2014-05-24,[ 21:53 ],1,211
34434,2014-05-24,[ 21:54 ],1,212
34435,2014-05-24,[ 21:55 ],1,222
34436,2014-05-24,[ 21:56 ],1,222
34437,2014-05-24,[ 21:57 ],1,225
34438,2014-05-24,[ 21:58 ],1,228
34439,2014-05-24,[ 21:59 ],1,227
34440,2014-05-24,[ 22:00 ],1,226
34441,2014-05-24,[ 22:01 ],1,222
34442,2014-05-24,[ 22:02 ],1,223
34443,2014-05-24,[ 22:03 ],1,222
34444,2014-05-24,[ 22:04 ],1,221
34445,2014-05-24,[ 22:05 ],1,221
34446,2014-05-24,[ 22:06 ],1,216
34447,2014-05-24,[ 22:07 ],1,218
34448,2014-05-24,[ 22:08 ],1,218
34449,2014-05-24,[ 22:09 ],1,162
34450,2014-05-24,[ 22:10 ],1,163
34451,2014-05-24,[ 22:11 ],1,163
34452,2014-05-24,[ 22:12 ],1,163
34453,2014-05-24,[ 22:13 ],1,162
34454,2014-05-24,[ 22:14 ],1,162
34455,2014-05-24,[ 22:15 ],1,162
34456,2014-05-24,[ 22:16 ],1,160
34457,2014-05-24,[ 22:17 ],1,160
34458,2014-05-24,[ 22:18 ],1,161
34459,2014-05-24,[ 22:19 ],1,183
34460,2014-05-24,[ 22:20 ],1,173
34461,2014-05-24,[ 22:21 ],1,173
34462,2014-05-24,[ 22:22 ],1,172
34463,2014-05-24,[ 22:23 ],1,174
34464,2014-05-24,[ 22:24 ],1,174
34465,2014-05-24,[ 22:25 ],1,175
34466,2014-05-24,[ 22:26 ],1,174
34467,2014-05-24,[ 22:27 ],1,175
34468,2014-05-24,[ 22:28 ],1,166
34469,2014-05-24,[ 22:29 ],1,165
34470,2014-05-24,[ 22:30 ],1,166
34471,2014-05-24,[ 22:31 ],1,166
34472,2014-05-24,[ 22:32 ],1,165
34473,2014-05-24,[ 22:33 ],1,166
34474,2014-05-24,[ 22:34 ],1,165
34475,2014-05-24,[ 22:35 ],1,165
34476,2014-05-24,[ 22:36 ],1,165
34477,2014-05-24,[ 22:37 ],1,166
34478,2014-05-24,[ 22:38 ],1,167
34479,2014-05-24,[ 22:39 ],1,163
34480,2014-05-24,[ 22:40 ],1,165
34481,2014-05-24,[ 22:41 ],1,165
34482,2014-05-24,[ 22:42 ],1,165
34483,2014-05-24,[ 22:43 ],1,165
34484,2014-05-24,[ 22:44 ],1,231
34485,2014-05-24,[ 22:45 ],1,227
34486,2014-05-24,[ 22:46 ],1,226
34487,2014-05-24,[ 22:47 ],1,226
34488,2014-05-24,[ 22:48 ],1,223
34489,2014-05-24,[ 22:49 ],1,225
34490,2014-05-24,[ 22:50 ],1,224
34491,2014-05-24,[ 22:51 ],1,223
34492,2014-05-24,[ 22:52 ],1,221
34493,2014-05-24,[ 22:53 ],1,221
34494,2014-05-24,[ 22:54 ],1,222
34495,2014-05-24,[ 22:55 ],1,222
34496,2014-05-24,[ 22:56 ],1,222
34497,2014-05-24,[ 22:57 ],1,219
34498,2014-05-24,[ 22:58 ],1,166
34499,2014-05-24,[ 22:59 ],1,166
34500,2014-05-24,[ 23:00 ],1,168
34501,2014-05-24,[ 23:01 ],1,167
34502,2014-05-24,[ 23:02 ],1,168
34503,2014-05-24,[ 23:03 ],1,167
34504,2014-05-24,[ 23:04 ],1,167
34505,2014-05-24,[ 23:05 ],1,165
34506,2014-05-24,[ 23:06 ],1,155
34507,2014-05-24,[ 23:07 ],1,155
34508,2014-05-24,[ 23:08 ],1,155
34509,2014-05-24,[ 23:09 ],1,156
34510,2014-05-24,[ 23:10 ],1,154
34511,2014-05-24,[ 23:11 ],1,155
34512,2014-05-24,[ 23:12 ],1,156
34513,2014-05-24,[ 23:13 ],1,159
34514,2014-05-24,[ 23:14 ],1,161
34515,2014-05-24,[ 23:15 ],1,163
34516,2014-05-24,[ 23:16 ],1,163
34517,2014-05-24,[ 23:17 ],1,163
34518,2014-05-24,[ 23:18 ],1,163
34519,2014-05-24,[ 23:19 ],1,162
34520,2014-05-24,[ 23:20 ],1,161
34521,2014-05-24,[ 23:21 ],1,161
34522,2014-05-24,[ 23:22 ],1,161
34523,2014-05-24,[ 23:23 ],1,161
34524,2014-05-24,[ 23:24 ],1,162
34525,2014-05-24,[ 23:25 ],1,162
34526,2014-05-24,[ 23:26 ],1,163
34527,2014-05-24,[ 23:27 ],1,163
34528,2014-05-24,[ 23:28 ],1,160
34529,2014-05-24,[ 23:29 ],1,153
34530,2014-05-24,[ 23:30 ],1,155
34531,2014-05-24,[ 23:31 ],1,152
34532,2014-05-24,[ 23:32 ],1,152
34533,2014-05-24,[ 23:33 ],1,152
34534,2014-05-24,[ 23:34 ],1,166
34535,2014-05-24,[ 23:35 ],1,163
34536,2014-05-24,[ 23:36 ],1,237
34537,2014-05-24,[ 23:37 ],1,231
34538,2014-05-24,[ 23:38 ],1,226
34539,2014-05-24,[ 23:39 ],1,227
34540,2014-05-24,[ 23:40 ],1,225
34541,2014-05-24,[ 23:41 ],1,226
34542,2014-05-24,[ 23:42 ],1,225
34543,2014-05-24,[ 23:43 ],1,223
34544,2014-05-24,[ 23:44 ],1,221
34545,2014-05-24,[ 23:45 ],1,221
34546,2014-05-24,[ 23:46 ],1,222
34547,2014-05-24,[ 23:47 ],1,223
34548,2014-05-24,[ 23:48 ],1,222
34549,2014-05-24,[ 23:49 ],1,225
34550,2014-05-24,[ 23:50 ],1,166
34551,2014-05-24,[ 23:51 ],1,167
34552,2014-05-24,[ 23:52 ],1,167
34553,2014-05-24,[ 23:53 ],1,166
34554,2014-05-24,[ 23:54 ],1,165
34555,2014-05-24,[ 23:55 ],1,167
34556,2014-05-24,[ 23:56 ],1,165
34557,2014-05-24,[ 23:57 ],1,168
34558,2014-05-24,[ 23:58 ],1,166
34559,2014-05-24,[ 23:59 ],1,167
34560,2014-05-25,[ 00:00 ],1,169
34561,2014-05-25,[ 00:01 ],1,167
34562,2014-05-25,[ 00:02 ],1,232
34563,2014-05-25,[ 00:03 ],1,228
34564,2014-05-25,[ 00:04 ],1,208
34565,2014-05-25,[ 00:05 ],1,211
34566,2014-05-25,[ 00:06 ],1,211
34567,2014-05-25,[ 00:07 ],1,210
34568,2014-05-25,[ 00:08 ],1,212
34569,2014-05-25,[ 00:09 ],1,213
34570,2014-05-25,[ 00:10 ],1,211
34571,2014-05-25,[ 00:11 ],1,208
34572,2014-05-25,[ 00:12 ],1,208
34573,2014-05-25,[ 00:13 ],1,206
34574,2014-05-25,[ 00:14 ],1,208
34575,2014-05-25,[ 00:15 ],1,208
34576,2014-05-25,[ 00:16 ],1,208
34577,2014-05-25,[ 00:17 ],1,208
34578,2014-05-25,[ 00:18 ],1,208
34579,2014-05-25,[ 00:19 ],1,208
34580,2014-05-25,[ 00:20 ],1,210
34581,2014-05-25,[ 00:21 ],1,207
34582,2014-05-25,[ 00:22 ],1,207
34583,2014-05-25,[ 00:23 ],1,207
34584,2014-05-25,[ 00:24 ],1,208
34585,2014-05-25,[ 00:25 ],1,208
34586,2014-05-25,[ 00:26 ],1,207
34587,2014-05-25,[ 00:27 ],1,210
34588,2014-05-25,[ 00:28 ],1,210
34589,2014-05-25,[ 00:29 ],1,214
34590,2014-05-25,[ 00:30 ],1,217
34591,2014-05-25,[ 00:31 ],1,219
34592,2014-05-25,[ 00:32 ],1,221
34593,2014-05-25,[ 00:33 ],1,217
34594,2014-05-25,[ 00:34 ],1,223
34595,2014-05-25,[ 00:35 ],1,223
34596,2014-05-25,[ 00:36 ],1,219
34597,2014-05-25,[ 00:37 ],1,218
34598,2014-05-25,[ 00:38 ],1,216
34599,2014-05-25,[ 00:39 ],1,218
34600,2014-05-25,[ 00:40 ],1,215
34601,2014-05-25,[ 00:41 ],1,216
34602,2014-05-25,[ 00:42 ],1,215
34603,2014-05-25,[ 00:43 ],1,214
34604,2014-05-25,[ 00:44 ],1,214
34605,2014-05-25,[ 00:45 ],1,160
34606,2014-05-25,[ 00:46 ],1,159
34607,2014-05-25,[ 00:47 ],1,162
34608,2014-05-25,[ 00:48 ],1,159
34609,2014-05-25,[ 00:49 ],1,161
34610,2014-05-25,[ 00:50 ],1,160
34611,2014-05-25,[ 00:51 ],1,160
34612,2014-05-25,[ 00:52 ],1,161
34613,2014-05-25,[ 00:53 ],1,161
34614,2014-05-25,[ 00:54 ],1,160
34615,2014-05-25,[ 00:55 ],1,161
34616,2014-05-25,[ 00:56 ],1,161
34617,2014-05-25,[ 00:57 ],1,161
34618,2014-05-25,[ 00:58 ],1,162
34619,2014-05-25,[ 00:59 ],1,162
34620,2014-05-25,[ 01:00 ],1,163
34621,2014-05-25,[ 01:01 ],1,163
34622,2014-05-25,[ 01:02 ],1,162
34623,2014-05-25,[ 01:03 ],1,163
34624,2014-05-25,[ 01:04 ],1,162
34625,2014-05-25,[ 01:05 ],1,163
34626,2014-05-25,[ 01:06 ],1,161
34627,2014-05-25,[ 01:07 ],1,160
34628,2014-05-25,[ 01:08 ],1,161
34629,2014-05-25,[ 01:09 ],1,161
34630,2014-05-25,[ 01:10 ],1,161
34631,2014-05-25,[ 01:11 ],1,161
34632,2014-05-25,[ 01:12 ],1,160
34633,2014-05-25,[ 01:13 ],1,162
34634,2014-05-25,[ 01:14 ],1,160
34635,2014-05-25,[ 01:15 ],1,371
34636,2014-05-25,[ 01:16 ],1,372
34637,2014-05-25,[ 01:17 ],1,361
34638,2014-05-25,[ 01:18 ],1,359
34639,2014-05-25,[ 01:19 ],1,359
34640,2014-05-25,[ 01:20 ],1,358
34641,2014-05-25,[ 01:21 ],1,359
34642,2014-05-25,[ 01:22 ],1,359
34643,2014-05-25,[ 01:23 ],1,359
34644,2014-05-25,[ 01:24 ],1,359
34645,2014-05-25,[ 01:25 ],1,358
34646,2014-05-25,[ 01:26 ],1,153
34647,2014-05-25,[ 01:27 ],1,151
34648,2014-05-25,[ 01:28 ],1,152
34649,2014-05-25,[ 01:29 ],1,152
34650,2014-05-25,[ 01:30 ],1,152
34651,2014-05-25,[ 01:31 ],1,152
34652,2014-05-25,[ 01:32 ],1,153
34653,2014-05-25,[ 01:33 ],1,153
34654,2014-05-25,[ 01:34 ],1,155
34655,2014-05-25,[ 01:35 ],1,154
34656,2014-05-25,[ 01:36 ],1,152
34657,2014-05-25,[ 01:37 ],1,153
34658,2014-05-25,[ 01:38 ],1,152
34659,2014-05-25,[ 01:39 ],1,153
34660,2014-05-25,[ 01:40 ],1,270
34661,2014-05-25,[ 01:41 ],1,222
34662,2014-05-25,[ 01:42 ],1,218
34663,2014-05-25,[ 01:43 ],1,231
34664,2014-05-25,[ 01:44 ],1,226
34665,2014-05-25,[ 01:45 ],1,226
34666,2014-05-25,[ 01:46 ],1,226
34667,2014-05-25,[ 01:47 ],1,225
34668,2014-05-25,[ 01:48 ],1,223
34669,2014-05-25,[ 01:49 ],1,219
34670,2014-05-25,[ 01:50 ],1,219
34671,2014-05-25,[ 01:51 ],1,217
34672,2014-05-25,[ 01:52 ],1,215
34673,2014-05-25,[ 01:53 ],1,213
34674,2014-05-25,[ 01:54 ],1,212
34675,2014-05-25,[ 01:55 ],1,214
34676,2014-05-25,[ 01:56 ],1,208
34677,2014-05-25,[ 01:57 ],1,211
34678,2014-05-25,[ 01:58 ],1,207
34679,2014-05-25,[ 01:59 ],1,206
34680,2014-05-25,[ 02:00 ],1,206
34681,2014-05-25,[ 02:01 ],1,207
34682,2014-05-25,[ 02:02 ],1,205
34683,2014-05-25,[ 02:03 ],1,207
34684,2014-05-25,[ 02:04 ],1,205
34685,2014-05-25,[ 02:05 ],1,205
34686,2014-05-25,[ 02:06 ],1,203
34687,2014-05-25,[ 02:07 ],1,204
34688,2014-05-25,[ 02:08 ],1,203
34689,2014-05-25,[ 02:09 ],1,200
34690,2014-05-25,[ 02:10 ],1,202
34691,2014-05-25,[ 02:11 ],1,203
34692,2014-05-25,[ 02:12 ],1,203
34693,2014-05-25,[ 02:13 ],1,204
34694,2014-05-25,[ 02:14 ],1,208
34695,2014-05-25,[ 02:15 ],1,208
34696,2014-05-25,[ 02:16 ],1,156
34697,2014-05-25,[ 02:17 ],1,158
34698,2014-05-25,[ 02:18 ],1,158
34699,2014-05-25,[ 02:19 ],1,158
34700,2014-05-25,[ 02:20 ],1,157
34701,2014-05-25,[ 02:21 ],1,157
34702,2014-05-25,[ 02:22 ],1,159
34703,2014-05-25,[ 02:23 ],1,159
34704,2014-05-25,[ 02:24 ],1,158
34705,2014-05-25,[ 02:25 ],1,160
34706,2014-05-25,[ 02:26 ],1,159
34707,2014-05-25,[ 02:27 ],1,159
34708,2014-05-25,[ 02:28 ],1,158
34709,2014-05-25,[ 02:29 ],1,158
34710,2014-05-25,[ 02:30 ],1,157
34711,2014-05-25,[ 02:31 ],1,158
34712,2014-05-25,[ 02:32 ],1,156
34713,2014-05-25,[ 02:33 ],1,158
34714,2014-05-25,[ 02:34 ],1,156
34715,2014-05-25,[ 02:35 ],1,159
34716,2014-05-25,[ 02:36 ],1,158
34717,2014-05-25,[ 02:37 ],1,231
34718,2014-05-25,[ 02:38 ],1,221
34719,2014-05-25,[ 02:39 ],1,214
34720,2014-05-25,[ 02:40 ],1,216
34721,2014-05-25,[ 02:41 ],1,221
34722,2014-05-25,[ 02:42 ],1,221
34723,2014-05-25,[ 02:43 ],1,221
34724,2014-05-25,[ 02:44 ],1,221
34725,2014-05-25,[ 02:45 ],1,219
34726,2014-05-25,[ 02:46 ],1,218
34727,2014-05-25,[ 02:47 ],1,208
34728,2014-05-25,[ 02:48 ],1,207
34729,2014-05-25,[ 02:49 ],1,208
34730,2014-05-25,[ 02:50 ],1,210
34731,2014-05-25,[ 02:51 ],1,207
34732,2014-05-25,[ 02:52 ],1,208
34733,2014-05-25,[ 02:53 ],1,205
34734,2014-05-25,[ 02:54 ],1,210
34735,2014-05-25,[ 02:55 ],1,207
34736,2014-05-25,[ 02:56 ],1,207
34737,2014-05-25,[ 02:57 ],1,210
34738,2014-05-25,[ 02:58 ],1,208
34739,2014-05-25,[ 02:59 ],1,208
34740,2014-05-25,[ 03:00 ],1,211
34741,2014-05-25,[ 03:01 ],1,210
34742,2014-05-25,[ 03:02 ],1,207
34743,2014-05-25,[ 03:03 ],1,211
34744,2014-05-25,[ 03:04 ],1,210
34745,2014-05-25,[ 03:05 ],1,224
34746,2014-05-25,[ 03:06 ],1,223
34747,2014-05-25,[ 03:07 ],1,224
34748,2014-05-25,[ 03:08 ],1,224
34749,2014-05-25,[ 03:09 ],1,226
34750,2014-05-25,[ 03:10 ],1,227
34751,2014-05-25,[ 03:11 ],1,227
34752,2014-05-25,[ 03:12 ],1,225
34753,2014-05-25,[ 03:13 ],1,223
34754,2014-05-25,[ 03:14 ],1,223
34755,2014-05-25,[ 03:15 ],1,221
34756,2014-05-25,[ 03:16 ],1,219
34757,2014-05-25,[ 03:17 ],1,219
34758,2014-05-25,[ 03:18 ],1,218
34759,2014-05-25,[ 03:19 ],1,216
34760,2014-05-25,[ 03:20 ],1,163
34761,2014-05-25,[ 03:21 ],1,162
34762,2014-05-25,[ 03:22 ],1,162
34763,2014-05-25,[ 03:23 ],1,162
34764,2014-05-25,[ 03:24 ],1,165
34765,2014-05-25,[ 03:25 ],1,162
34766,2014-05-25,[ 03:26 ],1,162
34767,2014-05-25,[ 03:27 ],1,163
34768,2014-05-25,[ 03:28 ],1,163
34769,2014-05-25,[ 03:29 ],1,162
34770,2014-05-25,[ 03:30 ],1,163
34771,2014-05-25,[ 03:31 ],1,162
34772,2014-05-25,[ 03:32 ],1,162
34773,2014-05-25,[ 03:33 ],1,163
34774,2014-05-25,[ 03:34 ],1,163
34775,2014-05-25,[ 03:35 ],1,152
34776,2014-05-25,[ 03:36 ],1,150
34777,2014-05-25,[ 03:37 ],1,151
34778,2014-05-25,[ 03:38 ],1,153
34779,2014-05-25,[ 03:39 ],1,153
34780,2014-05-25,[ 03:40 ],1,153
34781,2014-05-25,[ 03:41 ],1,153
34782,2014-05-25,[ 03:42 ],1,152
34783,2014-05-25,[ 03:43 ],1,152
34784,2014-05-25,[ 03:44 ],1,152
34785,2014-05-25,[ 03:45 ],1,152
34786,2014-05-25,[ 03:46 ],1,151
34787,2014-05-25,[ 03:47 ],1,152
34788,2014-05-25,[ 03:48 ],1,152
34789,2014-05-25,[ 03:49 ],1,153
34790,2014-05-25,[ 03:50 ],1,152
34791,2014-05-25,[ 03:51 ],1,153
34792,2014-05-25,[ 03:52 ],1,152
34793,2014-05-25,[ 03:53 ],1,153
34794,2014-05-25,[ 03:54 ],1,151
34795,2014-05-25,[ 03:55 ],1,152
34796,2014-05-25,[ 03:56 ],1,152
34797,2014-05-25,[ 03:57 ],1,219
34798,2014-05-25,[ 03:58 ],1,207
34799,2014-05-25,[ 03:59 ],1,206
34800,2014-05-25,[ 04:00 ],1,210
34801,2014-05-25,[ 04:01 ],1,210
34802,2014-05-25,[ 04:02 ],1,208
34803,2014-05-25,[ 04:03 ],1,207
34804,2014-05-25,[ 04:04 ],1,207
34805,2014-05-25,[ 04:05 ],1,205
34806,2014-05-25,[ 04:06 ],1,203
34807,2014-05-25,[ 04:07 ],1,203
34808,2014-05-25,[ 04:08 ],1,203
34809,2014-05-25,[ 04:09 ],1,202
34810,2014-05-25,[ 04:10 ],1,150
34811,2014-05-25,[ 04:11 ],1,152
34812,2014-05-25,[ 04:12 ],1,152
34813,2014-05-25,[ 04:13 ],1,152
34814,2014-05-25,[ 04:14 ],1,157
34815,2014-05-25,[ 04:15 ],1,157
34816,2014-05-25,[ 04:16 ],1,159
34817,2014-05-25,[ 04:17 ],1,159
34818,2014-05-25,[ 04:18 ],1,172
34819,2014-05-25,[ 04:19 ],1,172
34820,2014-05-25,[ 04:20 ],1,172
34821,2014-05-25,[ 04:21 ],1,173
34822,2014-05-25,[ 04:22 ],1,172
34823,2014-05-25,[ 04:23 ],1,172
34824,2014-05-25,[ 04:24 ],1,173
34825,2014-05-25,[ 04:25 ],1,172
34826,2014-05-25,[ 04:26 ],1,171
34827,2014-05-25,[ 04:27 ],1,171
34828,2014-05-25,[ 04:28 ],1,171
34829,2014-05-25,[ 04:29 ],1,172
34830,2014-05-25,[ 04:30 ],1,173
34831,2014-05-25,[ 04:31 ],1,172
34832,2014-05-25,[ 04:32 ],1,171
34833,2014-05-25,[ 04:33 ],1,172
34834,2014-05-25,[ 04:34 ],1,171
34835,2014-05-25,[ 04:35 ],1,171
34836,2014-05-25,[ 04:36 ],1,159
34837,2014-05-25,[ 04:37 ],1,159
34838,2014-05-25,[ 04:38 ],1,159
34839,2014-05-25,[ 04:39 ],1,159
34840,2014-05-25,[ 04:40 ],1,158
34841,2014-05-25,[ 04:41 ],1,157
34842,2014-05-25,[ 04:42 ],1,159
34843,2014-05-25,[ 04:43 ],1,160
34844,2014-05-25,[ 04:44 ],1,159
34845,2014-05-25,[ 04:45 ],1,153
34846,2014-05-25,[ 04:46 ],1,150
34847,2014-05-25,[ 04:47 ],1,152
34848,2014-05-25,[ 04:48 ],1,152
34849,2014-05-25,[ 04:49 ],1,153
34850,2014-05-25,[ 04:50 ],1,151
34851,2014-05-25,[ 04:51 ],1,235
34852,2014-05-25,[ 04:52 ],1,211
34853,2014-05-25,[ 04:53 ],1,207
34854,2014-05-25,[ 04:54 ],1,210
34855,2014-05-25,[ 04:55 ],1,208
34856,2014-05-25,[ 04:56 ],1,208
34857,2014-05-25,[ 04:57 ],1,206
34858,2014-05-25,[ 04:58 ],1,206
34859,2014-05-25,[ 04:59 ],1,205
34860,2014-05-25,[ 05:00 ],1,207
34861,2014-05-25,[ 05:01 ],1,206
34862,2014-05-25,[ 05:02 ],1,206
34863,2014-05-25,[ 05:03 ],1,204
34864,2014-05-25,[ 05:04 ],1,163
34865,2014-05-25,[ 05:05 ],1,163
34866,2014-05-25,[ 05:06 ],1,165
34867,2014-05-25,[ 05:07 ],1,165
34868,2014-05-25,[ 05:08 ],1,163
34869,2014-05-25,[ 05:09 ],1,163
34870,2014-05-25,[ 05:10 ],1,165
34871,2014-05-25,[ 05:11 ],1,166
34872,2014-05-25,[ 05:12 ],1,163
34873,2014-05-25,[ 05:13 ],1,163
34874,2014-05-25,[ 05:14 ],1,165
34875,2014-05-25,[ 05:15 ],1,171
34876,2014-05-25,[ 05:16 ],1,174
34877,2014-05-25,[ 05:17 ],1,243
34878,2014-05-25,[ 05:18 ],1,240
34879,2014-05-25,[ 05:19 ],1,234
34880,2014-05-25,[ 05:20 ],1,238
34881,2014-05-25,[ 05:21 ],1,240
34882,2014-05-25,[ 05:22 ],1,240
34883,2014-05-25,[ 05:23 ],1,241
34884,2014-05-25,[ 05:24 ],1,240
34885,2014-05-25,[ 05:25 ],1,238
34886,2014-05-25,[ 05:26 ],1,238
34887,2014-05-25,[ 05:27 ],1,238
34888,2014-05-25,[ 05:28 ],1,236
34889,2014-05-25,[ 05:29 ],1,237
34890,2014-05-25,[ 05:30 ],1,236
34891,2014-05-25,[ 05:31 ],1,238
34892,2014-05-25,[ 05:32 ],1,236
34893,2014-05-25,[ 05:33 ],1,237
34894,2014-05-25,[ 05:34 ],1,236
34895,2014-05-25,[ 05:35 ],1,234
34896,2014-05-25,[ 05:36 ],1,237
34897,2014-05-25,[ 05:37 ],1,235
34898,2014-05-25,[ 05:38 ],1,234
34899,2014-05-25,[ 05:39 ],1,236
34900,2014-05-25,[ 05:40 ],1,235
34901,2014-05-25,[ 05:41 ],1,237
34902,2014-05-25,[ 05:42 ],1,235
34903,2014-05-25,[ 05:43 ],1,235
34904,2014-05-25,[ 05:44 ],1,237
34905,2014-05-25,[ 05:45 ],1,237
34906,2014-05-25,[ 05:46 ],1,235
34907,2014-05-25,[ 05:47 ],1,217
34908,2014-05-25,[ 05:48 ],1,217
34909,2014-05-25,[ 05:49 ],1,219
34910,2014-05-25,[ 05:50 ],1,219
34911,2014-05-25,[ 05:51 ],1,218
34912,2014-05-25,[ 05:52 ],1,216
34913,2014-05-25,[ 05:53 ],1,216
34914,2014-05-25,[ 05:54 ],1,214
34915,2014-05-25,[ 05:55 ],1,215
34916,2014-05-25,[ 05:56 ],1,216
34917,2014-05-25,[ 05:57 ],1,215
34918,2014-05-25,[ 05:58 ],1,159
34919,2014-05-25,[ 05:59 ],1,159
34920,2014-05-25,[ 06:00 ],1,156
34921,2014-05-25,[ 06:01 ],1,156
34922,2014-05-25,[ 06:02 ],1,155
34923,2014-05-25,[ 06:03 ],1,156
34924,2014-05-25,[ 06:04 ],1,153
34925,2014-05-25,[ 06:05 ],1,152
34926,2014-05-25,[ 06:06 ],1,153
34927,2014-05-25,[ 06:07 ],1,153
34928,2014-05-25,[ 06:08 ],1,152
34929,2014-05-25,[ 06:09 ],1,152
34930,2014-05-25,[ 06:10 ],1,152
34931,2014-05-25,[ 06:11 ],1,153
34932,2014-05-25,[ 06:12 ],1,152
34933,2014-05-25,[ 06:13 ],1,153
34934,2014-05-25,[ 06:14 ],1,149
34935,2014-05-25,[ 06:15 ],1,149
34936,2014-05-25,[ 06:16 ],1,149
34937,2014-05-25,[ 06:17 ],1,150
34938,2014-05-25,[ 06:18 ],1,151
34939,2014-05-25,[ 06:19 ],1,151
34940,2014-05-25,[ 06:20 ],1,152
34941,2014-05-25,[ 06:21 ],1,150
34942,2014-05-25,[ 06:22 ],1,152
34943,2014-05-25,[ 06:23 ],1,150
34944,2014-05-25,[ 06:24 ],1,151
34945,2014-05-25,[ 06:25 ],1,150
34946,2014-05-25,[ 06:26 ],1,149
34947,2014-05-25,[ 06:27 ],1,150
34948,2014-05-25,[ 06:28 ],1,151
34949,2014-05-25,[ 06:29 ],1,158
34950,2014-05-25,[ 06:30 ],1,158
34951,2014-05-25,[ 06:31 ],1,160
34952,2014-05-25,[ 06:32 ],1,160
34953,2014-05-25,[ 06:33 ],1,161
34954,2014-05-25,[ 06:34 ],1,161
34955,2014-05-25,[ 06:35 ],1,158
34956,2014-05-25,[ 06:36 ],1,158
34957,2014-05-25,[ 06:37 ],1,226
34958,2014-05-25,[ 06:38 ],1,226
34959,2014-05-25,[ 06:39 ],1,217
34960,2014-05-25,[ 06:40 ],1,218
34961,2014-05-25,[ 06:41 ],1,218
34962,2014-05-25,[ 06:42 ],1,217
34963,2014-05-25,[ 06:43 ],1,217
34964,2014-05-25,[ 06:44 ],1,215
34965,2014-05-25,[ 06:45 ],1,213
34966,2014-05-25,[ 06:46 ],1,213
34967,2014-05-25,[ 06:47 ],1,212
34968,2014-05-25,[ 06:48 ],1,213
34969,2014-05-25,[ 06:49 ],1,213
34970,2014-05-25,[ 06:50 ],1,160
34971,2014-05-25,[ 06:51 ],1,160
34972,2014-05-25,[ 06:52 ],1,184
34973,2014-05-25,[ 06:53 ],1,173
34974,2014-05-25,[ 06:54 ],1,173
34975,2014-05-25,[ 06:55 ],1,172
34976,2014-05-25,[ 06:56 ],1,173
34977,2014-05-25,[ 06:57 ],1,173
34978,2014-05-25,[ 06:58 ],1,171
34979,2014-05-25,[ 06:59 ],1,174
34980,2014-05-25,[ 07:00 ],1,174
34981,2014-05-25,[ 07:01 ],1,172
34982,2014-05-25,[ 07:02 ],1,174
34983,2014-05-25,[ 07:03 ],1,174
34984,2014-05-25,[ 07:04 ],1,174
34985,2014-05-25,[ 07:05 ],1,175
34986,2014-05-25,[ 07:06 ],1,174
34987,2014-05-25,[ 07:07 ],1,173
34988,2014-05-25,[ 07:08 ],1,171
34989,2014-05-25,[ 07:09 ],1,171
34990,2014-05-25,[ 07:10 ],1,171
34991,2014-05-25,[ 07:11 ],1,172
34992,2014-05-25,[ 07:12 ],1,173
34993,2014-05-25,[ 07:13 ],1,171
34994,2014-05-25,[ 07:14 ],1,173
34995,2014-05-25,[ 07:15 ],1,162
34996,2014-05-25,[ 07:16 ],1,165
34997,2014-05-25,[ 07:17 ],1,163
34998,2014-05-25,[ 07:18 ],1,163
34999,2014-05-25,[ 07:19 ],1,163
35000,2014-05-25,[ 07:20 ],1,163
35001,2014-05-25,[ 07:21 ],1,163
35002,2014-05-25,[ 07:22 ],1,163
35003,2014-05-25,[ 07:23 ],1,185
35004,2014-05-25,[ 07:24 ],1,163
35005,2014-05-25,[ 07:25 ],1,165
35006,2014-05-25,[ 07:26 ],1,165
35007,2014-05-25,[ 07:27 ],1,165
35008,2014-05-25,[ 07:28 ],1,165
35009,2014-05-25,[ 07:29 ],1,165
35010,2014-05-25,[ 07:30 ],1,163
35011,2014-05-25,[ 07:31 ],1,163
35012,2014-05-25,[ 07:32 ],1,163
35013,2014-05-25,[ 07:33 ],1,759
35014,2014-05-25,[ 07:34 ],1,222
35015,2014-05-25,[ 07:35 ],1,223
35016,2014-05-25,[ 07:36 ],1,223
35017,2014-05-25,[ 07:37 ],1,223
35018,2014-05-25,[ 07:38 ],1,223
35019,2014-05-25,[ 07:39 ],1,219
35020,2014-05-25,[ 07:40 ],1,222
35021,2014-05-25,[ 07:41 ],1,221
35022,2014-05-25,[ 07:42 ],1,222
35023,2014-05-25,[ 07:43 ],1,219
35024,2014-05-25,[ 07:44 ],1,222
35025,2014-05-25,[ 07:45 ],1,214
35026,2014-05-25,[ 07:46 ],1,193
35027,2014-05-25,[ 07:47 ],1,189
35028,2014-05-25,[ 07:48 ],1,189
35029,2014-05-25,[ 07:49 ],1,166
35030,2014-05-25,[ 07:50 ],1,165
35031,2014-05-25,[ 07:51 ],1,152
35032,2014-05-25,[ 07:52 ],1,153
35033,2014-05-25,[ 07:53 ],1,155
35034,2014-05-25,[ 07:54 ],1,154
35035,2014-05-25,[ 07:55 ],1,154
35036,2014-05-25,[ 07:56 ],1,155
35037,2014-05-25,[ 07:57 ],1,154
35038,2014-05-25,[ 07:58 ],1,218
35039,2014-05-25,[ 07:59 ],1,211
35040,2014-05-25,[ 08:00 ],1,242
35041,2014-05-25,[ 08:01 ],1,247
35042,2014-05-25,[ 08:02 ],1,247
35043,2014-05-25,[ 08:03 ],1,245
35044,2014-05-25,[ 08:04 ],1,213
35045,2014-05-25,[ 08:05 ],1,212
35046,2014-05-25,[ 08:06 ],1,207
35047,2014-05-25,[ 08:07 ],1,210
35048,2014-05-25,[ 08:08 ],1,205
35049,2014-05-25,[ 08:09 ],1,205
35050,2014-05-25,[ 08:10 ],1,203
35051,2014-05-25,[ 08:11 ],1,206
35052,2014-05-25,[ 08:12 ],1,205
35053,2014-05-25,[ 08:13 ],1,205
35054,2014-05-25,[ 08:14 ],1,205
35055,2014-05-25,[ 08:15 ],1,202
35056,2014-05-25,[ 08:16 ],1,203
35057,2014-05-25,[ 08:17 ],1,204
35058,2014-05-25,[ 08:18 ],1,206
35059,2014-05-25,[ 08:19 ],1,206
35060,2014-05-25,[ 08:20 ],1,204
35061,2014-05-25,[ 08:21 ],1,204
35062,2014-05-25,[ 08:22 ],1,205
35063,2014-05-25,[ 08:23 ],1,206
35064,2014-05-25,[ 08:24 ],1,206
35065,2014-05-25,[ 08:25 ],1,205
35066,2014-05-25,[ 08:26 ],1,205
35067,2014-05-25,[ 08:27 ],1,212
35068,2014-05-25,[ 08:28 ],1,246
35069,2014-05-25,[ 08:29 ],1,252
35070,2014-05-25,[ 08:30 ],1,254
35071,2014-05-25,[ 08:31 ],1,257
35072,2014-05-25,[ 08:32 ],1,254
35073,2014-05-25,[ 08:33 ],1,254
35074,2014-05-25,[ 08:34 ],1,252
35075,2014-05-25,[ 08:35 ],1,256
35076,2014-05-25,[ 08:36 ],1,253
35077,2014-05-25,[ 08:37 ],1,253
35078,2014-05-25,[ 08:38 ],1,250
35079,2014-05-25,[ 08:39 ],1,185
35080,2014-05-25,[ 08:40 ],1,185
35081,2014-05-25,[ 08:41 ],1,185
35082,2014-05-25,[ 08:42 ],1,186
35083,2014-05-25,[ 08:43 ],1,185
35084,2014-05-25,[ 08:44 ],1,185
35085,2014-05-25,[ 08:45 ],1,186
35086,2014-05-25,[ 08:46 ],1,184
35087,2014-05-25,[ 08:47 ],1,184
35088,2014-05-25,[ 08:48 ],1,184
35089,2014-05-25,[ 08:49 ],1,184
35090,2014-05-25,[ 08:50 ],1,184
35091,2014-05-25,[ 08:51 ],1,185
35092,2014-05-25,[ 08:52 ],1,186
35093,2014-05-25,[ 08:53 ],1,186
35094,2014-05-25,[ 08:54 ],1,185
35095,2014-05-25,[ 08:55 ],1,185
35096,2014-05-25,[ 08:56 ],1,185
35097,2014-05-25,[ 08:57 ],1,187
35098,2014-05-25,[ 08:58 ],1,185
35099,2014-05-25,[ 08:59 ],1,187
35100,2014-05-25,[ 09:00 ],1,185
35101,2014-05-25,[ 09:01 ],1,179
35102,2014-05-25,[ 09:02 ],1,180
35103,2014-05-25,[ 09:03 ],1,178
35104,2014-05-25,[ 09:04 ],1,179
35105,2014-05-25,[ 09:05 ],1,179
35106,2014-05-25,[ 09:06 ],1,178
35107,2014-05-25,[ 09:07 ],1,177
35108,2014-05-25,[ 09:08 ],1,177
35109,2014-05-25,[ 09:09 ],1,176
35110,2014-05-25,[ 09:10 ],1,178
35111,2014-05-25,[ 09:11 ],1,178
35112,2014-05-25,[ 09:12 ],1,177
35113,2014-05-25,[ 09:13 ],1,175
35114,2014-05-25,[ 09:14 ],1,176
35115,2014-05-25,[ 09:15 ],1,177
35116,2014-05-25,[ 09:16 ],1,178
35117,2014-05-25,[ 09:17 ],1,175
35118,2014-05-25,[ 09:18 ],1,178
35119,2014-05-25,[ 09:19 ],1,258
35120,2014-05-25,[ 09:20 ],1,258
35121,2014-05-25,[ 09:21 ],1,264
35122,2014-05-25,[ 09:22 ],1,262
35123,2014-05-25,[ 09:23 ],1,260
35124,2014-05-25,[ 09:24 ],1,261
35125,2014-05-25,[ 09:25 ],1,258
35126,2014-05-25,[ 09:26 ],1,258
35127,2014-05-25,[ 09:27 ],1,261
35128,2014-05-25,[ 09:28 ],1,258
35129,2014-05-25,[ 09:29 ],1,258
35130,2014-05-25,[ 09:30 ],1,254
35131,2014-05-25,[ 09:31 ],1,190
35132,2014-05-25,[ 09:32 ],1,188
35133,2014-05-25,[ 09:33 ],1,189
35134,2014-05-25,[ 09:34 ],1,190
35135,2014-05-25,[ 09:35 ],1,190
35136,2014-05-25,[ 09:36 ],1,189
35137,2014-05-25,[ 09:37 ],1,188
35138,2014-05-25,[ 09:38 ],1,189
35139,2014-05-25,[ 09:39 ],1,190
35140,2014-05-25,[ 09:40 ],1,190
35141,2014-05-25,[ 09:41 ],1,201
35142,2014-05-25,[ 09:42 ],1,203
35143,2014-05-25,[ 09:43 ],1,201
35144,2014-05-25,[ 09:44 ],1,203
35145,2014-05-25,[ 09:45 ],1,201
35146,2014-05-25,[ 09:46 ],1,202
35147,2014-05-25,[ 09:47 ],1,203
35148,2014-05-25,[ 09:48 ],1,202
35149,2014-05-25,[ 09:49 ],1,201
35150,2014-05-25,[ 09:50 ],1,200
35151,2014-05-25,[ 09:51 ],1,203
35152,2014-05-25,[ 09:52 ],1,203
35153,2014-05-25,[ 09:53 ],1,203
35154,2014-05-25,[ 09:54 ],1,203
35155,2014-05-25,[ 09:55 ],1,183
35156,2014-05-25,[ 09:56 ],1,185
35157,2014-05-25,[ 09:57 ],1,185
35158,2014-05-25,[ 09:58 ],1,185
35159,2014-05-25,[ 09:59 ],1,185
35160,2014-05-25,[ 10:00 ],1,185
35161,2014-05-25,[ 10:01 ],1,187
35162,2014-05-25,[ 10:02 ],1,187
35163,2014-05-25,[ 10:03 ],1,187
35164,2014-05-25,[ 10:04 ],1,185
35165,2014-05-25,[ 10:05 ],1,186
35166,2014-05-25,[ 10:06 ],1,185
35167,2014-05-25,[ 10:07 ],1,185
35168,2014-05-25,[ 10:08 ],1,185
35169,2014-05-25,[ 10:09 ],1,185
35170,2014-05-25,[ 10:10 ],1,185
35171,2014-05-25,[ 10:11 ],1,183
35172,2014-05-25,[ 10:12 ],1,182
35173,2014-05-25,[ 10:13 ],1,182
35174,2014-05-25,[ 10:14 ],1,185
35175,2014-05-25,[ 10:15 ],1,264
35176,2014-05-25,[ 10:16 ],1,260
35177,2014-05-25,[ 10:17 ],1,256
35178,2014-05-25,[ 10:18 ],1,257
35179,2014-05-25,[ 10:19 ],1,257
35180,2014-05-25,[ 10:20 ],1,253
35181,2014-05-25,[ 10:21 ],1,254
35182,2014-05-25,[ 10:22 ],1,254
35183,2014-05-25,[ 10:23 ],1,252
35184,2014-05-25,[ 10:24 ],1,251
35185,2014-05-25,[ 10:25 ],1,252
35186,2014-05-25,[ 10:26 ],1,252
35187,2014-05-25,[ 10:27 ],1,191
35188,2014-05-25,[ 10:28 ],1,182
35189,2014-05-25,[ 10:29 ],1,177
35190,2014-05-25,[ 10:30 ],1,175
35191,2014-05-25,[ 10:31 ],1,175
35192,2014-05-25,[ 10:32 ],1,176
35193,2014-05-25,[ 10:33 ],1,175
35194,2014-05-25,[ 10:34 ],1,176
35195,2014-05-25,[ 10:35 ],1,176
35196,2014-05-25,[ 10:36 ],1,176
35197,2014-05-25,[ 10:37 ],1,176
35198,2014-05-25,[ 10:38 ],1,176
35199,2014-05-25,[ 10:39 ],1,538
35200,2014-05-25,[ 10:40 ],1,243
35201,2014-05-25,[ 10:41 ],1,240
35202,2014-05-25,[ 10:42 ],1,204
35203,2014-05-25,[ 10:43 ],1,210
35204,2014-05-25,[ 10:44 ],1,212
35205,2014-05-25,[ 10:45 ],1,208
35206,2014-05-25,[ 10:46 ],1,210
35207,2014-05-25,[ 10:47 ],1,248
35208,2014-05-25,[ 10:48 ],1,245
35209,2014-05-25,[ 10:49 ],1,243
35210,2014-05-25,[ 10:50 ],1,242
35211,2014-05-25,[ 10:51 ],1,245
35212,2014-05-25,[ 10:52 ],1,246
35213,2014-05-25,[ 10:53 ],1,245
35214,2014-05-25,[ 10:54 ],1,245
35215,2014-05-25,[ 10:55 ],1,259
35216,2014-05-25,[ 10:56 ],1,259
35217,2014-05-25,[ 10:57 ],1,272
35218,2014-05-25,[ 10:58 ],1,272
35219,2014-05-25,[ 10:59 ],1,273
35220,2014-05-25,[ 11:00 ],1,277
35221,2014-05-25,[ 11:01 ],1,238
35222,2014-05-25,[ 11:02 ],1,237
35223,2014-05-25,[ 11:03 ],1,238
35224,2014-05-25,[ 11:04 ],1,236
35225,2014-05-25,[ 11:05 ],1,238
35226,2014-05-25,[ 11:06 ],1,237
35227,2014-05-25,[ 11:07 ],1,238
35228,2014-05-25,[ 11:08 ],1,235
35229,2014-05-25,[ 11:09 ],1,273
35230,2014-05-25,[ 11:10 ],1,277
35231,2014-05-25,[ 11:11 ],1,278
35232,2014-05-25,[ 11:12 ],1,276
35233,2014-05-25,[ 11:13 ],1,275
35234,2014-05-25,[ 11:14 ],1,274
35235,2014-05-25,[ 11:15 ],1,272
35236,2014-05-25,[ 11:16 ],1,269
35237,2014-05-25,[ 11:17 ],1,202
35238,2014-05-25,[ 11:18 ],1,201
35239,2014-05-25,[ 11:19 ],1,199
35240,2014-05-25,[ 11:20 ],1,200
35241,2014-05-25,[ 11:21 ],1,200
35242,2014-05-25,[ 11:22 ],1,199
35243,2014-05-25,[ 11:23 ],1,200
35244,2014-05-25,[ 11:24 ],1,201
35245,2014-05-25,[ 11:25 ],1,200
35246,2014-05-25,[ 11:26 ],1,199
35247,2014-05-25,[ 11:27 ],1,200
35248,2014-05-25,[ 11:28 ],1,196
35249,2014-05-25,[ 11:29 ],1,199
35250,2014-05-25,[ 11:30 ],1,196
35251,2014-05-25,[ 11:31 ],1,201
35252,2014-05-25,[ 11:32 ],1,199
35253,2014-05-25,[ 11:33 ],1,200
35254,2014-05-25,[ 11:34 ],1,200
35255,2014-05-25,[ 11:35 ],1,200
35256,2014-05-25,[ 11:36 ],1,200
35257,2014-05-25,[ 11:37 ],1,183
35258,2014-05-25,[ 11:38 ],1,185
35259,2014-05-25,[ 11:39 ],1,185
35260,2014-05-25,[ 11:40 ],1,184
35261,2014-05-25,[ 11:41 ],1,185
35262,2014-05-25,[ 11:42 ],1,183
35263,2014-05-25,[ 11:43 ],1,176
35264,2014-05-25,[ 11:44 ],1,177
35265,2014-05-25,[ 11:45 ],1,177
35266,2014-05-25,[ 11:46 ],1,177
35267,2014-05-25,[ 11:47 ],1,178
35268,2014-05-25,[ 11:48 ],1,173
35269,2014-05-25,[ 11:49 ],1,174
35270,2014-05-25,[ 11:50 ],1,176
35271,2014-05-25,[ 11:51 ],1,175
35272,2014-05-25,[ 11:52 ],1,185
35273,2014-05-25,[ 11:53 ],1,189
35274,2014-05-25,[ 11:54 ],1,188
35275,2014-05-25,[ 11:55 ],1,188
35276,2014-05-25,[ 11:56 ],1,276
35277,2014-05-25,[ 11:57 ],1,276
35278,2014-05-25,[ 11:58 ],1,262
35279,2014-05-25,[ 11:59 ],1,260
35280,2014-05-25,[ 12:00 ],1,262
35281,2014-05-25,[ 12:01 ],1,264
35282,2014-05-25,[ 12:02 ],1,264
35283,2014-05-25,[ 12:03 ],1,261
35284,2014-05-25,[ 12:04 ],1,260
35285,2014-05-25,[ 12:05 ],1,258
35286,2014-05-25,[ 12:06 ],1,258
35287,2014-05-25,[ 12:07 ],1,259
35288,2014-05-25,[ 12:08 ],1,252
35289,2014-05-25,[ 12:09 ],1,186
35290,2014-05-25,[ 12:10 ],1,188
35291,2014-05-25,[ 12:11 ],1,203
35292,2014-05-25,[ 12:12 ],1,196
35293,2014-05-25,[ 12:13 ],1,202
35294,2014-05-25,[ 12:14 ],1,199
35295,2014-05-25,[ 12:15 ],1,199
35296,2014-05-25,[ 12:16 ],1,199
35297,2014-05-25,[ 12:17 ],1,200
35298,2014-05-25,[ 12:18 ],1,200
35299,2014-05-25,[ 12:19 ],1,204
35300,2014-05-25,[ 12:20 ],1,200
35301,2014-05-25,[ 12:21 ],1,195
35302,2014-05-25,[ 12:22 ],1,204
35303,2014-05-25,[ 12:23 ],1,201
35304,2014-05-25,[ 12:24 ],1,201
35305,2014-05-25,[ 12:25 ],1,200
35306,2014-05-25,[ 12:26 ],1,201
35307,2014-05-25,[ 12:27 ],1,201
35308,2014-05-25,[ 12:28 ],1,201
35309,2014-05-25,[ 12:29 ],1,186
35310,2014-05-25,[ 12:30 ],1,187
35311,2014-05-25,[ 12:31 ],1,186
35312,2014-05-25,[ 12:32 ],1,186
35313,2014-05-25,[ 12:33 ],1,187
35314,2014-05-25,[ 12:34 ],1,188
35315,2014-05-25,[ 12:35 ],1,186
35316,2014-05-25,[ 12:36 ],1,188
35317,2014-05-25,[ 12:37 ],1,188
35318,2014-05-25,[ 12:38 ],1,187
35319,2014-05-25,[ 12:39 ],1,186
35320,2014-05-25,[ 12:40 ],1,187
35321,2014-05-25,[ 12:41 ],1,189
35322,2014-05-25,[ 12:42 ],1,183
35323,2014-05-25,[ 12:43 ],1,182
35324,2014-05-25,[ 12:44 ],1,183
35325,2014-05-25,[ 12:45 ],1,182
35326,2014-05-25,[ 12:46 ],1,183
35327,2014-05-25,[ 12:47 ],1,184
35328,2014-05-25,[ 12:48 ],1,184
35329,2014-05-25,[ 12:49 ],1,183
35330,2014-05-25,[ 12:50 ],1,185
35331,2014-05-25,[ 12:51 ],1,185
35332,2014-05-25,[ 12:52 ],1,182
35333,2014-05-25,[ 12:53 ],1,183
35334,2014-05-25,[ 12:54 ],1,274
35335,2014-05-25,[ 12:55 ],1,261
35336,2014-05-25,[ 12:56 ],1,256
35337,2014-05-25,[ 12:57 ],1,254
35338,2014-05-25,[ 12:58 ],1,256
35339,2014-05-25,[ 12:59 ],1,253
35340,2014-05-25,[ 13:00 ],1,253
35341,2014-05-25,[ 13:01 ],1,256
35342,2014-05-25,[ 13:02 ],1,254
35343,2014-05-25,[ 13:03 ],1,253
35344,2014-05-25,[ 13:04 ],1,253
35345,2014-05-25,[ 13:05 ],1,251
35346,2014-05-25,[ 13:06 ],1,181
35347,2014-05-25,[ 13:07 ],1,180
35348,2014-05-25,[ 13:08 ],1,183
35349,2014-05-25,[ 13:09 ],1,183
35350,2014-05-25,[ 13:10 ],1,182
35351,2014-05-25,[ 13:11 ],1,183
35352,2014-05-25,[ 13:12 ],1,182
35353,2014-05-25,[ 13:13 ],1,182
35354,2014-05-25,[ 13:14 ],1,182
35355,2014-05-25,[ 13:15 ],1,182
35356,2014-05-25,[ 13:16 ],1,183
35357,2014-05-25,[ 13:17 ],1,261
35358,2014-05-25,[ 13:18 ],1,253
35359,2014-05-25,[ 13:19 ],1,247
35360,2014-05-25,[ 13:20 ],1,253
35361,2014-05-25,[ 13:21 ],1,254
35362,2014-05-25,[ 13:22 ],1,254
35363,2014-05-25,[ 13:23 ],1,257
35364,2014-05-25,[ 13:24 ],1,256
35365,2014-05-25,[ 13:25 ],1,257
35366,2014-05-25,[ 13:26 ],1,256
35367,2014-05-25,[ 13:27 ],1,254
35368,2014-05-25,[ 13:28 ],1,253
35369,2014-05-25,[ 13:29 ],1,242
35370,2014-05-25,[ 13:30 ],1,241
35371,2014-05-25,[ 13:31 ],1,242
35372,2014-05-25,[ 13:32 ],1,241
35373,2014-05-25,[ 13:33 ],1,242
35374,2014-05-25,[ 13:34 ],1,241
35375,2014-05-25,[ 13:35 ],1,243
35376,2014-05-25,[ 13:36 ],1,241
35377,2014-05-25,[ 13:37 ],1,261
35378,2014-05-25,[ 13:38 ],1,260
35379,2014-05-25,[ 13:39 ],1,260
35380,2014-05-25,[ 13:40 ],1,260
35381,2014-05-25,[ 13:41 ],1,260
35382,2014-05-25,[ 13:42 ],1,260
35383,2014-05-25,[ 13:43 ],1,260
35384,2014-05-25,[ 13:44 ],1,261
35385,2014-05-25,[ 13:45 ],1,262
35386,2014-05-25,[ 13:46 ],1,260
35387,2014-05-25,[ 13:47 ],1,260
35388,2014-05-25,[ 13:48 ],1,259
35389,2014-05-25,[ 13:49 ],1,262
35390,2014-05-25,[ 13:50 ],1,262
35391,2014-05-25,[ 13:51 ],1,262
35392,2014-05-25,[ 13:52 ],1,261
35393,2014-05-25,[ 13:53 ],1,256
35394,2014-05-25,[ 13:54 ],1,257
35395,2014-05-25,[ 13:55 ],1,189
35396,2014-05-25,[ 13:56 ],1,195
35397,2014-05-25,[ 13:57 ],1,200
35398,2014-05-25,[ 13:58 ],1,196
35399,2014-05-25,[ 13:59 ],1,203
35400,2014-05-25,[ 14:00 ],1,203
35401,2014-05-25,[ 14:01 ],1,200
35402,2014-05-25,[ 14:02 ],1,204
35403,2014-05-25,[ 14:03 ],1,202
35404,2014-05-25,[ 14:04 ],1,202
35405,2014-05-25,[ 14:05 ],1,202
35406,2014-05-25,[ 14:06 ],1,204
35407,2014-05-25,[ 14:07 ],1,203
35408,2014-05-25,[ 14:08 ],1,200
35409,2014-05-25,[ 14:09 ],1,202
35410,2014-05-25,[ 14:10 ],1,185
35411,2014-05-25,[ 14:11 ],1,184
35412,2014-05-25,[ 14:12 ],1,185
35413,2014-05-25,[ 14:13 ],1,185
35414,2014-05-25,[ 14:14 ],1,185
35415,2014-05-25,[ 14:15 ],1,185
35416,2014-05-25,[ 14:16 ],1,183
35417,2014-05-25,[ 14:17 ],1,185
35418,2014-05-25,[ 14:18 ],1,185
35419,2014-05-25,[ 14:19 ],1,185
35420,2014-05-25,[ 14:20 ],1,185
35421,2014-05-25,[ 14:21 ],1,183
35422,2014-05-25,[ 14:22 ],1,185
35423,2014-05-25,[ 14:23 ],1,185
35424,2014-05-25,[ 14:24 ],1,186
35425,2014-05-25,[ 14:25 ],1,186
35426,2014-05-25,[ 14:26 ],1,186
35427,2014-05-25,[ 14:27 ],1,182
35428,2014-05-25,[ 14:28 ],1,182
35429,2014-05-25,[ 14:29 ],1,182
35430,2014-05-25,[ 14:30 ],1,184
35431,2014-05-25,[ 14:31 ],1,184
35432,2014-05-25,[ 14:32 ],1,185
35433,2014-05-25,[ 14:33 ],1,185
35434,2014-05-25,[ 14:34 ],1,184
35435,2014-05-25,[ 14:35 ],1,269
35436,2014-05-25,[ 14:36 ],1,264
35437,2014-05-25,[ 14:37 ],1,257
35438,2014-05-25,[ 14:38 ],1,257
35439,2014-05-25,[ 14:39 ],1,254
35440,2014-05-25,[ 14:40 ],1,254
35441,2014-05-25,[ 14:41 ],1,252
35442,2014-05-25,[ 14:42 ],1,253
35443,2014-05-25,[ 14:43 ],1,252
35444,2014-05-25,[ 14:44 ],1,248
35445,2014-05-25,[ 14:45 ],1,248
35446,2014-05-25,[ 14:46 ],1,250
35447,2014-05-25,[ 14:47 ],1,183
35448,2014-05-25,[ 14:48 ],1,183
35449,2014-05-25,[ 14:49 ],1,184
35450,2014-05-25,[ 14:50 ],1,184
35451,2014-05-25,[ 14:51 ],1,184
35452,2014-05-25,[ 14:52 ],1,183
35453,2014-05-25,[ 14:53 ],1,184
35454,2014-05-25,[ 14:54 ],1,199
35455,2014-05-25,[ 14:55 ],1,199
35456,2014-05-25,[ 14:56 ],1,199
35457,2014-05-25,[ 14:57 ],1,199
35458,2014-05-25,[ 14:58 ],1,196
35459,2014-05-25,[ 14:59 ],1,185
35460,2014-05-25,[ 15:00 ],1,188
35461,2014-05-25,[ 15:01 ],1,188
35462,2014-05-25,[ 15:02 ],1,188
35463,2014-05-25,[ 15:03 ],1,187
35464,2014-05-25,[ 15:04 ],1,188
35465,2014-05-25,[ 15:05 ],1,188
35466,2014-05-25,[ 15:06 ],1,186
35467,2014-05-25,[ 15:07 ],1,185
35468,2014-05-25,[ 15:08 ],1,186
35469,2014-05-25,[ 15:09 ],1,187
35470,2014-05-25,[ 15:10 ],1,187
35471,2014-05-25,[ 15:11 ],1,185
35472,2014-05-25,[ 15:12 ],1,184
35473,2014-05-25,[ 15:13 ],1,187
35474,2014-05-25,[ 15:14 ],1,185
35475,2014-05-25,[ 15:15 ],1,185
35476,2014-05-25,[ 15:16 ],1,186
35477,2014-05-25,[ 15:17 ],1,185
35478,2014-05-25,[ 15:18 ],1,185
35479,2014-05-25,[ 15:19 ],1,185
35480,2014-05-25,[ 15:20 ],1,185
35481,2014-05-25,[ 15:21 ],1,186
35482,2014-05-25,[ 15:22 ],1,185
35483,2014-05-25,[ 15:23 ],1,185
35484,2014-05-25,[ 15:24 ],1,187
35485,2014-05-25,[ 15:25 ],1,175
35486,2014-05-25,[ 15:26 ],1,175
35487,2014-05-25,[ 15:27 ],1,175
35488,2014-05-25,[ 15:28 ],1,176
35489,2014-05-25,[ 15:29 ],1,175
35490,2014-05-25,[ 15:30 ],1,176
35491,2014-05-25,[ 15:31 ],1,174
35492,2014-05-25,[ 15:32 ],1,174
35493,2014-05-25,[ 15:33 ],1,174
35494,2014-05-25,[ 15:34 ],1,260
35495,2014-05-25,[ 15:35 ],1,247
35496,2014-05-25,[ 15:36 ],1,246
35497,2014-05-25,[ 15:37 ],1,248
35498,2014-05-25,[ 15:38 ],1,245
35499,2014-05-25,[ 15:39 ],1,241
35500,2014-05-25,[ 15:40 ],1,240
35501,2014-05-25,[ 15:41 ],1,239
35502,2014-05-25,[ 15:42 ],1,240
35503,2014-05-25,[ 15:43 ],1,241
35504,2014-05-25,[ 15:44 ],1,240
35505,2014-05-25,[ 15:45 ],1,235
35506,2014-05-25,[ 15:46 ],1,174
35507,2014-05-25,[ 15:47 ],1,177
35508,2014-05-25,[ 15:48 ],1,177
35509,2014-05-25,[ 15:49 ],1,176
35510,2014-05-25,[ 15:50 ],1,176
35511,2014-05-25,[ 15:51 ],1,186
35512,2014-05-25,[ 15:52 ],1,185
35513,2014-05-25,[ 15:53 ],1,187
35514,2014-05-25,[ 15:54 ],1,186
35515,2014-05-25,[ 15:55 ],1,193
35516,2014-05-25,[ 15:56 ],1,425
35517,2014-05-25,[ 15:57 ],1,427
35518,2014-05-25,[ 15:58 ],1,434
35519,2014-05-25,[ 15:59 ],1,430
35520,2014-05-25,[ 16:00 ],1,430
35521,2014-05-25,[ 16:01 ],1,432
35522,2014-05-25,[ 16:02 ],1,429
35523,2014-05-25,[ 16:03 ],1,433
35524,2014-05-25,[ 16:04 ],1,433
35525,2014-05-25,[ 16:05 ],1,430
35526,2014-05-25,[ 16:06 ],1,430
35527,2014-05-25,[ 16:07 ],1,421
35528,2014-05-25,[ 16:08 ],1,201
35529,2014-05-25,[ 16:09 ],1,202
35530,2014-05-25,[ 16:10 ],1,200
35531,2014-05-25,[ 16:11 ],1,202
35532,2014-05-25,[ 16:12 ],1,201
35533,2014-05-25,[ 16:13 ],1,199
35534,2014-05-25,[ 16:14 ],1,202
35535,2014-05-25,[ 16:15 ],1,202
35536,2014-05-25,[ 16:16 ],1,201
35537,2014-05-25,[ 16:17 ],1,202
35538,2014-05-25,[ 16:18 ],1,202
35539,2014-05-25,[ 16:19 ],1,202
35540,2014-05-25,[ 16:20 ],1,203
35541,2014-05-25,[ 16:21 ],1,348
35542,2014-05-25,[ 16:22 ],1,269
35543,2014-05-25,[ 16:23 ],1,269
35544,2014-05-25,[ 16:24 ],1,265
35545,2014-05-25,[ 16:25 ],1,270
35546,2014-05-25,[ 16:26 ],1,271
35547,2014-05-25,[ 16:27 ],1,274
35548,2014-05-25,[ 16:28 ],1,272
35549,2014-05-25,[ 16:29 ],1,272
35550,2014-05-25,[ 16:30 ],1,272
35551,2014-05-25,[ 16:31 ],1,273
35552,2014-05-25,[ 16:32 ],1,272
35553,2014-05-25,[ 16:33 ],1,270
35554,2014-05-25,[ 16:34 ],1,271
35555,2014-05-25,[ 16:35 ],1,272
35556,2014-05-25,[ 16:36 ],1,272
35557,2014-05-25,[ 16:37 ],1,274
35558,2014-05-25,[ 16:38 ],1,272
35559,2014-05-25,[ 16:39 ],1,270
35560,2014-05-25,[ 16:40 ],1,256
35561,2014-05-25,[ 16:41 ],1,251
35562,2014-05-25,[ 16:42 ],1,253
35563,2014-05-25,[ 16:43 ],1,252
35564,2014-05-25,[ 16:44 ],1,252
35565,2014-05-25,[ 16:45 ],1,252
35566,2014-05-25,[ 16:46 ],1,251
35567,2014-05-25,[ 16:47 ],1,252
35568,2014-05-25,[ 16:48 ],1,253
35569,2014-05-25,[ 16:49 ],1,256
35570,2014-05-25,[ 16:50 ],1,257
35571,2014-05-25,[ 16:51 ],1,254
35572,2014-05-25,[ 16:52 ],1,253
35573,2014-05-25,[ 16:53 ],1,253
35574,2014-05-25,[ 16:54 ],1,253
35575,2014-05-25,[ 16:55 ],1,257
35576,2014-05-25,[ 16:56 ],1,254
35577,2014-05-25,[ 16:57 ],1,254
35578,2014-05-25,[ 16:58 ],1,243
35579,2014-05-25,[ 16:59 ],1,245
35580,2014-05-25,[ 17:00 ],1,249
35581,2014-05-25,[ 17:01 ],1,252
35582,2014-05-25,[ 17:02 ],1,252
35583,2014-05-25,[ 17:03 ],1,254
35584,2014-05-25,[ 17:04 ],1,250
35585,2014-05-25,[ 17:05 ],1,252
35586,2014-05-25,[ 17:06 ],1,247
35587,2014-05-25,[ 17:07 ],1,262
35588,2014-05-25,[ 17:08 ],1,264
35589,2014-05-25,[ 17:09 ],1,264
35590,2014-05-25,[ 17:10 ],1,261
35591,2014-05-25,[ 17:11 ],1,257
35592,2014-05-25,[ 17:12 ],1,258
35593,2014-05-25,[ 17:13 ],1,257
35594,2014-05-25,[ 17:14 ],1,256
35595,2014-05-25,[ 17:15 ],1,259
35596,2014-05-25,[ 17:16 ],1,260
35597,2014-05-25,[ 17:17 ],1,260
35598,2014-05-25,[ 17:18 ],1,258
35599,2014-05-25,[ 17:19 ],1,256
35600,2014-05-25,[ 17:20 ],1,259
35601,2014-05-25,[ 17:21 ],1,259
35602,2014-05-25,[ 17:22 ],1,259
35603,2014-05-25,[ 17:23 ],1,254
35604,2014-05-25,[ 17:24 ],1,253
35605,2014-05-25,[ 17:25 ],1,189
35606,2014-05-25,[ 17:26 ],1,187
35607,2014-05-25,[ 17:27 ],1,187
35608,2014-05-25,[ 17:28 ],1,188
35609,2014-05-25,[ 17:29 ],1,189
35610,2014-05-25,[ 17:30 ],1,189
35611,2014-05-25,[ 17:31 ],1,188
35612,2014-05-25,[ 17:32 ],1,187
35613,2014-05-25,[ 17:33 ],1,187
35614,2014-05-25,[ 17:34 ],1,185
35615,2014-05-25,[ 17:35 ],1,188
35616,2014-05-25,[ 17:36 ],1,188
35617,2014-05-25,[ 17:37 ],1,187
35618,2014-05-25,[ 17:38 ],1,186
35619,2014-05-25,[ 17:39 ],1,186
35620,2014-05-25,[ 17:40 ],1,203
35621,2014-05-25,[ 17:41 ],1,195
35622,2014-05-25,[ 17:42 ],1,194
35623,2014-05-25,[ 17:43 ],1,199
35624,2014-05-25,[ 17:44 ],1,199
35625,2014-05-25,[ 17:45 ],1,199
35626,2014-05-25,[ 17:46 ],1,196
35627,2014-05-25,[ 17:47 ],1,200
35628,2014-05-25,[ 17:48 ],1,196
35629,2014-05-25,[ 17:49 ],1,200
35630,2014-05-25,[ 17:50 ],1,200
35631,2014-05-25,[ 17:51 ],1,200
35632,2014-05-25,[ 17:52 ],1,201
35633,2014-05-25,[ 17:53 ],1,201
35634,2014-05-25,[ 17:54 ],1,196
35635,2014-05-25,[ 17:55 ],1,196
35636,2014-05-25,[ 17:56 ],1,195
35637,2014-05-25,[ 17:57 ],1,200
35638,2014-05-25,[ 17:58 ],1,200
35639,2014-05-25,[ 17:59 ],1,199
35640,2014-05-25,[ 18:00 ],1,201
35641,2014-05-25,[ 18:01 ],1,201
35642,2014-05-25,[ 18:02 ],1,202
35643,2014-05-25,[ 18:03 ],1,203
35644,2014-05-25,[ 18:04 ],1,201
35645,2014-05-25,[ 18:05 ],1,199
35646,2014-05-25,[ 18:06 ],1,199
35647,2014-05-25,[ 18:07 ],1,201
35648,2014-05-25,[ 18:08 ],1,200
35649,2014-05-25,[ 18:09 ],1,194
35650,2014-05-25,[ 18:10 ],1,182
35651,2014-05-25,[ 18:11 ],1,264
35652,2014-05-25,[ 18:12 ],1,264
35653,2014-05-25,[ 18:13 ],1,253
35654,2014-05-25,[ 18:14 ],1,257
35655,2014-05-25,[ 18:15 ],1,256
35656,2014-05-25,[ 18:16 ],1,260
35657,2014-05-25,[ 18:17 ],1,254
35658,2014-05-25,[ 18:18 ],1,251
35659,2014-05-25,[ 18:19 ],1,256
35660,2014-05-25,[ 18:20 ],1,254
35661,2014-05-25,[ 18:21 ],1,251
35662,2014-05-25,[ 18:22 ],1,250
35663,2014-05-25,[ 18:23 ],1,251
35664,2014-05-25,[ 18:24 ],1,185
35665,2014-05-25,[ 18:25 ],1,185
35666,2014-05-25,[ 18:26 ],1,185
35667,2014-05-25,[ 18:27 ],1,175
35668,2014-05-25,[ 18:28 ],1,177
35669,2014-05-25,[ 18:29 ],1,177
35670,2014-05-25,[ 18:30 ],1,177
35671,2014-05-25,[ 18:31 ],1,177
35672,2014-05-25,[ 18:32 ],1,175
35673,2014-05-25,[ 18:33 ],1,153
35674,2014-05-25,[ 18:34 ],1,155
35675,2014-05-25,[ 18:35 ],1,154
35676,2014-05-25,[ 18:36 ],1,156
35677,2014-05-25,[ 18:37 ],1,180
35678,2014-05-25,[ 18:38 ],1,165
35679,2014-05-25,[ 18:39 ],1,165
35680,2014-05-25,[ 18:40 ],1,189
35681,2014-05-25,[ 18:41 ],1,189
35682,2014-05-25,[ 18:42 ],1,190
35683,2014-05-25,[ 18:43 ],1,166
35684,2014-05-25,[ 18:44 ],1,165
35685,2014-05-25,[ 18:45 ],1,168
35686,2014-05-25,[ 18:46 ],1,165
35687,2014-05-25,[ 18:47 ],1,165
35688,2014-05-25,[ 18:48 ],1,167
35689,2014-05-25,[ 18:49 ],1,165
35690,2014-05-25,[ 18:50 ],1,167
35691,2014-05-25,[ 18:51 ],1,166
35692,2014-05-25,[ 18:52 ],1,165
35693,2014-05-25,[ 18:53 ],1,165
35694,2014-05-25,[ 18:54 ],1,166
35695,2014-05-25,[ 18:55 ],1,167
35696,2014-05-25,[ 18:56 ],1,165
35697,2014-05-25,[ 18:57 ],1,234
35698,2014-05-25,[ 18:58 ],1,231
35699,2014-05-25,[ 18:59 ],1,223
35700,2014-05-25,[ 19:00 ],1,313
35701,2014-05-25,[ 19:01 ],1,315
35702,2014-05-25,[ 19:02 ],1,312
35703,2014-05-25,[ 19:03 ],1,228
35704,2014-05-25,[ 19:04 ],1,227
35705,2014-05-25,[ 19:05 ],1,226
35706,2014-05-25,[ 19:06 ],1,223
35707,2014-05-25,[ 19:07 ],1,221
35708,2014-05-25,[ 19:08 ],1,224
35709,2014-05-25,[ 19:09 ],1,222
35710,2014-05-25,[ 19:10 ],1,218
35711,2014-05-25,[ 19:11 ],1,222
35712,2014-05-25,[ 19:12 ],1,222
35713,2014-05-25,[ 19:13 ],1,221
35714,2014-05-25,[ 19:14 ],1,221
35715,2014-05-25,[ 19:15 ],1,219
35716,2014-05-25,[ 19:16 ],1,222
35717,2014-05-25,[ 19:17 ],1,224
35718,2014-05-25,[ 19:18 ],1,218
35719,2014-05-25,[ 19:19 ],1,222
35720,2014-05-25,[ 19:20 ],1,219
35721,2014-05-25,[ 19:21 ],1,222
35722,2014-05-25,[ 19:22 ],1,222
35723,2014-05-25,[ 19:23 ],1,221
35724,2014-05-25,[ 19:24 ],1,221
35725,2014-05-25,[ 19:25 ],1,221
35726,2014-05-25,[ 19:26 ],1,243
35727,2014-05-25,[ 19:27 ],1,229
35728,2014-05-25,[ 19:28 ],1,234
35729,2014-05-25,[ 19:29 ],1,236
35730,2014-05-25,[ 19:30 ],1,236
35731,2014-05-25,[ 19:31 ],1,232
35732,2014-05-25,[ 19:32 ],1,232
35733,2014-05-25,[ 19:33 ],1,231
35734,2014-05-25,[ 19:34 ],1,213
35735,2014-05-25,[ 19:35 ],1,211
35736,2014-05-25,[ 19:36 ],1,211
35737,2014-05-25,[ 19:37 ],1,210
35738,2014-05-25,[ 19:38 ],1,159
35739,2014-05-25,[ 19:39 ],1,158
35740,2014-05-25,[ 19:40 ],1,158
35741,2014-05-25,[ 19:41 ],1,159
35742,2014-05-25,[ 19:42 ],1,159
35743,2014-05-25,[ 19:43 ],1,156
35744,2014-05-25,[ 19:44 ],1,158
35745,2014-05-25,[ 19:45 ],1,158
35746,2014-05-25,[ 19:46 ],1,159
35747,2014-05-25,[ 19:47 ],1,159
35748,2014-05-25,[ 19:48 ],1,158
35749,2014-05-25,[ 19:49 ],1,158
35750,2014-05-25,[ 19:50 ],1,160
35751,2014-05-25,[ 19:51 ],1,159
35752,2014-05-25,[ 19:52 ],1,158
35753,2014-05-25,[ 19:53 ],1,223
35754,2014-05-25,[ 19:54 ],1,212
35755,2014-05-25,[ 19:55 ],1,213
35756,2014-05-25,[ 19:56 ],1,214
35757,2014-05-25,[ 19:57 ],1,211
35758,2014-05-25,[ 19:58 ],1,211
35759,2014-05-25,[ 19:59 ],1,212
35760,2014-05-25,[ 20:00 ],1,213
35761,2014-05-25,[ 20:01 ],1,211
35762,2014-05-25,[ 20:02 ],1,210
35763,2014-05-25,[ 20:03 ],1,212
35764,2014-05-25,[ 20:04 ],1,212
35765,2014-05-25,[ 20:05 ],1,226
35766,2014-05-25,[ 20:06 ],1,226
35767,2014-05-25,[ 20:07 ],1,226
35768,2014-05-25,[ 20:08 ],1,226
35769,2014-05-25,[ 20:09 ],1,214
35770,2014-05-25,[ 20:10 ],1,227
35771,2014-05-25,[ 20:11 ],1,231
35772,2014-05-25,[ 20:12 ],1,228
35773,2014-05-25,[ 20:13 ],1,221
35774,2014-05-25,[ 20:14 ],1,217
35775,2014-05-25,[ 20:15 ],1,227
35776,2014-05-25,[ 20:16 ],1,222
35777,2014-05-25,[ 20:17 ],1,222
35778,2014-05-25,[ 20:18 ],1,226
35779,2014-05-25,[ 20:19 ],1,226
35780,2014-05-25,[ 20:20 ],1,297
35781,2014-05-25,[ 20:21 ],1,289
35782,2014-05-25,[ 20:22 ],1,287
35783,2014-05-25,[ 20:23 ],1,293
35784,2014-05-25,[ 20:24 ],1,293
35785,2014-05-25,[ 20:25 ],1,286
35786,2014-05-25,[ 20:26 ],1,286
35787,2014-05-25,[ 20:27 ],1,293
35788,2014-05-25,[ 20:28 ],1,282
35789,2014-05-25,[ 20:29 ],1,281
35790,2014-05-25,[ 20:30 ],1,283
35791,2014-05-25,[ 20:31 ],1,282
35792,2014-05-25,[ 20:32 ],1,215
35793,2014-05-25,[ 20:33 ],1,214
35794,2014-05-25,[ 20:34 ],1,213
35795,2014-05-25,[ 20:35 ],1,214
35796,2014-05-25,[ 20:36 ],1,213
35797,2014-05-25,[ 20:37 ],1,214
35798,2014-05-25,[ 20:38 ],1,214
35799,2014-05-25,[ 20:39 ],1,215
35800,2014-05-25,[ 20:40 ],1,212
35801,2014-05-25,[ 20:41 ],1,215
35802,2014-05-25,[ 20:42 ],1,224
35803,2014-05-25,[ 20:43 ],1,237
35804,2014-05-25,[ 20:44 ],1,225
35805,2014-05-25,[ 20:45 ],1,226
35806,2014-05-25,[ 20:46 ],1,243
35807,2014-05-25,[ 20:47 ],1,227
35808,2014-05-25,[ 20:48 ],1,228
35809,2014-05-25,[ 20:49 ],1,227
35810,2014-05-25,[ 20:50 ],1,227
35811,2014-05-25,[ 20:51 ],1,227
35812,2014-05-25,[ 20:52 ],1,227
35813,2014-05-25,[ 20:53 ],1,226
35814,2014-05-25,[ 20:54 ],1,228
35815,2014-05-25,[ 20:55 ],1,226
35816,2014-05-25,[ 20:56 ],1,227
35817,2014-05-25,[ 20:57 ],1,228
35818,2014-05-25,[ 20:58 ],1,227
35819,2014-05-25,[ 20:59 ],1,228
35820,2014-05-25,[ 21:00 ],1,228
35821,2014-05-25,[ 21:01 ],1,232
35822,2014-05-25,[ 21:02 ],1,234
35823,2014-05-25,[ 21:03 ],1,234
35824,2014-05-25,[ 21:04 ],1,231
35825,2014-05-25,[ 21:05 ],1,232
35826,2014-05-25,[ 21:06 ],1,227
35827,2014-05-25,[ 21:07 ],1,227
35828,2014-05-25,[ 21:08 ],1,227
35829,2014-05-25,[ 21:09 ],1,162
35830,2014-05-25,[ 21:10 ],1,159
35831,2014-05-25,[ 21:11 ],1,159
35832,2014-05-25,[ 21:12 ],1,159
35833,2014-05-25,[ 21:13 ],1,158
35834,2014-05-25,[ 21:14 ],1,158
35835,2014-05-25,[ 21:15 ],1,158
35836,2014-05-25,[ 21:16 ],1,161
35837,2014-05-25,[ 21:17 ],1,160
35838,2014-05-25,[ 21:18 ],1,246
35839,2014-05-25,[ 21:19 ],1,238
35840,2014-05-25,[ 21:20 ],1,236
35841,2014-05-25,[ 21:21 ],1,236
35842,2014-05-25,[ 21:22 ],1,234
35843,2014-05-25,[ 21:23 ],1,235
35844,2014-05-25,[ 21:24 ],1,231
35845,2014-05-25,[ 21:25 ],1,229
35846,2014-05-25,[ 21:26 ],1,234
35847,2014-05-25,[ 21:27 ],1,234
35848,2014-05-25,[ 21:28 ],1,231
35849,2014-05-25,[ 21:29 ],1,228
35850,2014-05-25,[ 21:30 ],1,173
35851,2014-05-25,[ 21:31 ],1,173
35852,2014-05-25,[ 21:32 ],1,172
35853,2014-05-25,[ 21:33 ],1,172
35854,2014-05-25,[ 21:34 ],1,172
35855,2014-05-25,[ 21:35 ],1,158
35856,2014-05-25,[ 21:36 ],1,158
35857,2014-05-25,[ 21:37 ],1,158
35858,2014-05-25,[ 21:38 ],1,160
35859,2014-05-25,[ 21:39 ],1,224
35860,2014-05-25,[ 21:40 ],1,216
35861,2014-05-25,[ 21:41 ],1,204
35862,2014-05-25,[ 21:42 ],1,204
35863,2014-05-25,[ 21:43 ],1,207
35864,2014-05-25,[ 21:44 ],1,208
35865,2014-05-25,[ 21:45 ],1,210
35866,2014-05-25,[ 21:46 ],1,208
35867,2014-05-25,[ 21:47 ],1,207
35868,2014-05-25,[ 21:48 ],1,204
35869,2014-05-25,[ 21:49 ],1,204
35870,2014-05-25,[ 21:50 ],1,206
35871,2014-05-25,[ 21:51 ],1,206
35872,2014-05-25,[ 21:52 ],1,204
35873,2014-05-25,[ 21:53 ],1,203
35874,2014-05-25,[ 21:54 ],1,206
35875,2014-05-25,[ 21:55 ],1,212
35876,2014-05-25,[ 21:56 ],1,215
35877,2014-05-25,[ 21:57 ],1,217
35878,2014-05-25,[ 21:58 ],1,216
35879,2014-05-25,[ 21:59 ],1,215
35880,2014-05-25,[ 22:00 ],1,218
35881,2014-05-25,[ 22:01 ],1,218
35882,2014-05-25,[ 22:02 ],1,217
35883,2014-05-25,[ 22:03 ],1,215
35884,2014-05-25,[ 22:04 ],1,219
35885,2014-05-25,[ 22:05 ],1,216
35886,2014-05-25,[ 22:06 ],1,215
35887,2014-05-25,[ 22:07 ],1,217
35888,2014-05-25,[ 22:08 ],1,215
35889,2014-05-25,[ 22:09 ],1,218
35890,2014-05-25,[ 22:10 ],1,216
35891,2014-05-25,[ 22:11 ],1,217
35892,2014-05-25,[ 22:12 ],1,217
35893,2014-05-25,[ 22:13 ],1,218
35894,2014-05-25,[ 22:14 ],1,214
35895,2014-05-25,[ 22:15 ],1,159
35896,2014-05-25,[ 22:16 ],1,159
35897,2014-05-25,[ 22:17 ],1,159
35898,2014-05-25,[ 22:18 ],1,160
35899,2014-05-25,[ 22:19 ],1,172
35900,2014-05-25,[ 22:20 ],1,173
35901,2014-05-25,[ 22:21 ],1,173
35902,2014-05-25,[ 22:22 ],1,172
35903,2014-05-25,[ 22:23 ],1,172
35904,2014-05-25,[ 22:24 ],1,172
35905,2014-05-25,[ 22:25 ],1,173
35906,2014-05-25,[ 22:26 ],1,173
35907,2014-05-25,[ 22:27 ],1,174
35908,2014-05-25,[ 22:28 ],1,174
35909,2014-05-25,[ 22:29 ],1,165
35910,2014-05-25,[ 22:30 ],1,165
35911,2014-05-25,[ 22:31 ],1,166
35912,2014-05-25,[ 22:32 ],1,166
35913,2014-05-25,[ 22:33 ],1,166
35914,2014-05-25,[ 22:34 ],1,165
35915,2014-05-25,[ 22:35 ],1,165
35916,2014-05-25,[ 22:36 ],1,165
35917,2014-05-25,[ 22:37 ],1,163
35918,2014-05-25,[ 22:38 ],1,163
35919,2014-05-25,[ 22:39 ],1,162
35920,2014-05-25,[ 22:40 ],1,163
35921,2014-05-25,[ 22:41 ],1,163
35922,2014-05-25,[ 22:42 ],1,163
35923,2014-05-25,[ 22:43 ],1,163
35924,2014-05-25,[ 22:44 ],1,163
35925,2014-05-25,[ 22:45 ],1,163
35926,2014-05-25,[ 22:46 ],1,163
35927,2014-05-25,[ 22:47 ],1,165
35928,2014-05-25,[ 22:48 ],1,236
35929,2014-05-25,[ 22:49 ],1,228
35930,2014-05-25,[ 22:50 ],1,222
35931,2014-05-25,[ 22:51 ],1,221
35932,2014-05-25,[ 22:52 ],1,222
35933,2014-05-25,[ 22:53 ],1,309
35934,2014-05-25,[ 22:54 ],1,298
35935,2014-05-25,[ 22:55 ],1,292
35936,2014-05-25,[ 22:56 ],1,289
35937,2014-05-25,[ 22:57 ],1,287
35938,2014-05-25,[ 22:58 ],1,300
35939,2014-05-25,[ 22:59 ],1,289
35940,2014-05-25,[ 23:00 ],1,221
35941,2014-05-25,[ 23:01 ],1,221
35942,2014-05-25,[ 23:02 ],1,218
35943,2014-05-25,[ 23:03 ],1,218
35944,2014-05-25,[ 23:04 ],1,216
35945,2014-05-25,[ 23:05 ],1,216
35946,2014-05-25,[ 23:06 ],1,200
35947,2014-05-25,[ 23:07 ],1,201
35948,2014-05-25,[ 23:08 ],1,200
35949,2014-05-25,[ 23:09 ],1,196
35950,2014-05-25,[ 23:10 ],1,200
35951,2014-05-25,[ 23:11 ],1,201
35952,2014-05-25,[ 23:12 ],1,200
35953,2014-05-25,[ 23:13 ],1,211
35954,2014-05-25,[ 23:14 ],1,210
35955,2014-05-25,[ 23:15 ],1,210
35956,2014-05-25,[ 23:16 ],1,211
35957,2014-05-25,[ 23:17 ],1,208
35958,2014-05-25,[ 23:18 ],1,208
35959,2014-05-25,[ 23:19 ],1,211
35960,2014-05-25,[ 23:20 ],1,211
35961,2014-05-25,[ 23:21 ],1,212
35962,2014-05-25,[ 23:22 ],1,212
35963,2014-05-25,[ 23:23 ],1,225
35964,2014-05-25,[ 23:24 ],1,229
35965,2014-05-25,[ 23:25 ],1,217
35966,2014-05-25,[ 23:26 ],1,219
35967,2014-05-25,[ 23:27 ],1,219
35968,2014-05-25,[ 23:28 ],1,219
35969,2014-05-25,[ 23:29 ],1,211
35970,2014-05-25,[ 23:30 ],1,210
35971,2014-05-25,[ 23:31 ],1,203
35972,2014-05-25,[ 23:32 ],1,199
35973,2014-05-25,[ 23:33 ],1,214
35974,2014-05-25,[ 23:34 ],1,218
35975,2014-05-25,[ 23:35 ],1,215
35976,2014-05-25,[ 23:36 ],1,217
35977,2014-05-25,[ 23:37 ],1,217
35978,2014-05-25,[ 23:38 ],1,218
35979,2014-05-25,[ 23:39 ],1,218
35980,2014-05-25,[ 23:40 ],1,218
35981,2014-05-25,[ 23:41 ],1,217
35982,2014-05-25,[ 23:42 ],1,217
35983,2014-05-25,[ 23:43 ],1,234
35984,2014-05-25,[ 23:44 ],1,163
35985,2014-05-25,[ 23:45 ],1,168
35986,2014-05-25,[ 23:46 ],1,165
35987,2014-05-25,[ 23:47 ],1,166
35988,2014-05-25,[ 23:48 ],1,967
35989,2014-05-25,[ 23:49 ],1,223
35990,2014-05-25,[ 23:50 ],1,224
35991,2014-05-25,[ 23:51 ],1,225
35992,2014-05-25,[ 23:52 ],1,222
35993,2014-05-25,[ 23:53 ],1,223
35994,2014-05-25,[ 23:54 ],1,222
35995,2014-05-25,[ 23:55 ],1,221
35996,2014-05-25,[ 23:56 ],1,216
35997,2014-05-25,[ 23:57 ],1,221
35998,2014-05-25,[ 23:58 ],1,219
35999,2014-05-25,[ 23:59 ],1,215
36000,2014-05-26,[ 00:00 ],1,166
36001,2014-05-26,[ 00:01 ],1,165
36002,2014-05-26,[ 00:02 ],1,165
36003,2014-05-26,[ 00:03 ],1,166
36004,2014-05-26,[ 00:04 ],1,166
36005,2014-05-26,[ 00:05 ],1,154
36006,2014-05-26,[ 00:06 ],1,152
36007,2014-05-26,[ 00:07 ],1,152
36008,2014-05-26,[ 00:08 ],1,152
36009,2014-05-26,[ 00:09 ],1,153
36010,2014-05-26,[ 00:10 ],1,153
36011,2014-05-26,[ 00:11 ],1,153
36012,2014-05-26,[ 00:12 ],1,152
36013,2014-05-26,[ 00:13 ],1,223
36014,2014-05-26,[ 00:14 ],1,206
36015,2014-05-26,[ 00:15 ],1,204
36016,2014-05-26,[ 00:16 ],1,203
36017,2014-05-26,[ 00:17 ],1,204
36018,2014-05-26,[ 00:18 ],1,204
36019,2014-05-26,[ 00:19 ],1,370
36020,2014-05-26,[ 00:20 ],1,276
36021,2014-05-26,[ 00:21 ],1,272
36022,2014-05-26,[ 00:22 ],1,272
36023,2014-05-26,[ 00:23 ],1,274
36024,2014-05-26,[ 00:24 ],1,277
36025,2014-05-26,[ 00:25 ],1,274
36026,2014-05-26,[ 00:26 ],1,274
36027,2014-05-26,[ 00:27 ],1,270
36028,2014-05-26,[ 00:28 ],1,272
36029,2014-05-26,[ 00:29 ],1,281
36030,2014-05-26,[ 00:30 ],1,280
36031,2014-05-26,[ 00:31 ],1,281
36032,2014-05-26,[ 00:32 ],1,283
36033,2014-05-26,[ 00:33 ],1,283
36034,2014-05-26,[ 00:34 ],1,284
36035,2014-05-26,[ 00:35 ],1,282
36036,2014-05-26,[ 00:36 ],1,280
36037,2014-05-26,[ 00:37 ],1,284
36038,2014-05-26,[ 00:38 ],1,283
36039,2014-05-26,[ 00:39 ],1,285
36040,2014-05-26,[ 00:40 ],1,285
36041,2014-05-26,[ 00:41 ],1,282
36042,2014-05-26,[ 00:42 ],1,283
36043,2014-05-26,[ 00:43 ],1,297
36044,2014-05-26,[ 00:44 ],1,304
36045,2014-05-26,[ 00:45 ],1,293
36046,2014-05-26,[ 00:46 ],1,294
36047,2014-05-26,[ 00:47 ],1,292
36048,2014-05-26,[ 00:48 ],1,292
36049,2014-05-26,[ 00:49 ],1,292
36050,2014-05-26,[ 00:50 ],1,285
36051,2014-05-26,[ 00:51 ],1,288
36052,2014-05-26,[ 00:52 ],1,293
36053,2014-05-26,[ 00:53 ],1,281
36054,2014-05-26,[ 00:54 ],1,281
36055,2014-05-26,[ 00:55 ],1,277
36056,2014-05-26,[ 00:56 ],1,211
36057,2014-05-26,[ 00:57 ],1,210
36058,2014-05-26,[ 00:58 ],1,213
36059,2014-05-26,[ 00:59 ],1,213
36060,2014-05-26,[ 01:00 ],1,208
36061,2014-05-26,[ 01:01 ],1,211
36062,2014-05-26,[ 01:02 ],1,214
36063,2014-05-26,[ 01:03 ],1,229
36064,2014-05-26,[ 01:04 ],1,162
36065,2014-05-26,[ 01:05 ],1,162
36066,2014-05-26,[ 01:06 ],1,163
36067,2014-05-26,[ 01:07 ],1,161
36068,2014-05-26,[ 01:08 ],1,161
36069,2014-05-26,[ 01:09 ],1,161
36070,2014-05-26,[ 01:10 ],1,161
36071,2014-05-26,[ 01:11 ],1,160
36072,2014-05-26,[ 01:12 ],1,161
36073,2014-05-26,[ 01:13 ],1,161
36074,2014-05-26,[ 01:14 ],1,161
36075,2014-05-26,[ 01:15 ],1,160
36076,2014-05-26,[ 01:16 ],1,160
36077,2014-05-26,[ 01:17 ],1,159
36078,2014-05-26,[ 01:18 ],1,154
36079,2014-05-26,[ 01:19 ],1,154
36080,2014-05-26,[ 01:20 ],1,152
36081,2014-05-26,[ 01:21 ],1,153
36082,2014-05-26,[ 01:22 ],1,154
36083,2014-05-26,[ 01:23 ],1,153
36084,2014-05-26,[ 01:24 ],1,154
36085,2014-05-26,[ 01:25 ],1,153
36086,2014-05-26,[ 01:26 ],1,153
36087,2014-05-26,[ 01:27 ],1,153
36088,2014-05-26,[ 01:28 ],1,153
36089,2014-05-26,[ 01:29 ],1,152
36090,2014-05-26,[ 01:30 ],1,153
36091,2014-05-26,[ 01:31 ],1,153
36092,2014-05-26,[ 01:32 ],1,152
36093,2014-05-26,[ 01:33 ],1,153
36094,2014-05-26,[ 01:34 ],1,153
36095,2014-05-26,[ 01:35 ],1,153
36096,2014-05-26,[ 01:36 ],1,153
36097,2014-05-26,[ 01:37 ],1,152
36098,2014-05-26,[ 01:38 ],1,870
36099,2014-05-26,[ 01:39 ],1,213
36100,2014-05-26,[ 01:40 ],1,207
36101,2014-05-26,[ 01:41 ],1,207
36102,2014-05-26,[ 01:42 ],1,206
36103,2014-05-26,[ 01:43 ],1,207
36104,2014-05-26,[ 01:44 ],1,207
36105,2014-05-26,[ 01:45 ],1,206
36106,2014-05-26,[ 01:46 ],1,205
36107,2014-05-26,[ 01:47 ],1,204
36108,2014-05-26,[ 01:48 ],1,202
36109,2014-05-26,[ 01:49 ],1,200
36110,2014-05-26,[ 01:50 ],1,152
36111,2014-05-26,[ 01:51 ],1,152
36112,2014-05-26,[ 01:52 ],1,152
36113,2014-05-26,[ 01:53 ],1,151
36114,2014-05-26,[ 01:54 ],1,152
36115,2014-05-26,[ 01:55 ],1,152
36116,2014-05-26,[ 01:56 ],1,151
36117,2014-05-26,[ 01:57 ],1,151
36118,2014-05-26,[ 01:58 ],1,152
36119,2014-05-26,[ 01:59 ],1,152
36120,2014-05-26,[ 02:00 ],1,153
36121,2014-05-26,[ 02:01 ],1,154
36122,2014-05-26,[ 02:02 ],1,153
36123,2014-05-26,[ 02:03 ],1,154
36124,2014-05-26,[ 02:04 ],1,152
36125,2014-05-26,[ 02:05 ],1,153
36126,2014-05-26,[ 02:06 ],1,152
36127,2014-05-26,[ 02:07 ],1,151
36128,2014-05-26,[ 02:08 ],1,152
36129,2014-05-26,[ 02:09 ],1,152
36130,2014-05-26,[ 02:10 ],1,151
36131,2014-05-26,[ 02:11 ],1,152
36132,2014-05-26,[ 02:12 ],1,152
36133,2014-05-26,[ 02:13 ],1,151
36134,2014-05-26,[ 02:14 ],1,158
36135,2014-05-26,[ 02:15 ],1,158
36136,2014-05-26,[ 02:16 ],1,159
36137,2014-05-26,[ 02:17 ],1,159
36138,2014-05-26,[ 02:18 ],1,159
36139,2014-05-26,[ 02:19 ],1,161
36140,2014-05-26,[ 02:20 ],1,160
36141,2014-05-26,[ 02:21 ],1,160
36142,2014-05-26,[ 02:22 ],1,161
36143,2014-05-26,[ 02:23 ],1,161
36144,2014-05-26,[ 02:24 ],1,162
36145,2014-05-26,[ 02:25 ],1,162
36146,2014-05-26,[ 02:26 ],1,161
36147,2014-05-26,[ 02:27 ],1,160
36148,2014-05-26,[ 02:28 ],1,161
36149,2014-05-26,[ 02:29 ],1,161
36150,2014-05-26,[ 02:30 ],1,160
36151,2014-05-26,[ 02:31 ],1,161
36152,2014-05-26,[ 02:32 ],1,159
36153,2014-05-26,[ 02:33 ],1,159
36154,2014-05-26,[ 02:34 ],1,160
36155,2014-05-26,[ 02:35 ],1,160
36156,2014-05-26,[ 02:36 ],1,159
36157,2014-05-26,[ 02:37 ],1,161
36158,2014-05-26,[ 02:38 ],1,160
36159,2014-05-26,[ 02:39 ],1,232
36160,2014-05-26,[ 02:40 ],1,221
36161,2014-05-26,[ 02:41 ],1,218
36162,2014-05-26,[ 02:42 ],1,218
36163,2014-05-26,[ 02:43 ],1,216
36164,2014-05-26,[ 02:44 ],1,216
36165,2014-05-26,[ 02:45 ],1,216
36166,2014-05-26,[ 02:46 ],1,211
36167,2014-05-26,[ 02:47 ],1,204
36168,2014-05-26,[ 02:48 ],1,204
36169,2014-05-26,[ 02:49 ],1,204
36170,2014-05-26,[ 02:50 ],1,202
36171,2014-05-26,[ 02:51 ],1,151
36172,2014-05-26,[ 02:52 ],1,151
36173,2014-05-26,[ 02:53 ],1,151
36174,2014-05-26,[ 02:54 ],1,151
36175,2014-05-26,[ 02:55 ],1,151
36176,2014-05-26,[ 02:56 ],1,151
36177,2014-05-26,[ 02:57 ],1,151
36178,2014-05-26,[ 02:58 ],1,151
36179,2014-05-26,[ 02:59 ],1,152
36180,2014-05-26,[ 03:00 ],1,152
36181,2014-05-26,[ 03:01 ],1,213
36182,2014-05-26,[ 03:02 ],1,208
36183,2014-05-26,[ 03:03 ],1,204
36184,2014-05-26,[ 03:04 ],1,205
36185,2014-05-26,[ 03:05 ],1,223
36186,2014-05-26,[ 03:06 ],1,224
36187,2014-05-26,[ 03:07 ],1,223
36188,2014-05-26,[ 03:08 ],1,223
36189,2014-05-26,[ 03:09 ],1,225
36190,2014-05-26,[ 03:10 ],1,223
36191,2014-05-26,[ 03:11 ],1,223
36192,2014-05-26,[ 03:12 ],1,222
36193,2014-05-26,[ 03:13 ],1,223
36194,2014-05-26,[ 03:14 ],1,222
36195,2014-05-26,[ 03:15 ],1,221
36196,2014-05-26,[ 03:16 ],1,222
36197,2014-05-26,[ 03:17 ],1,224
36198,2014-05-26,[ 03:18 ],1,222
36199,2014-05-26,[ 03:19 ],1,221
36200,2014-05-26,[ 03:20 ],1,222
36201,2014-05-26,[ 03:21 ],1,219
36202,2014-05-26,[ 03:22 ],1,221
36203,2014-05-26,[ 03:23 ],1,222
36204,2014-05-26,[ 03:24 ],1,222
36205,2014-05-26,[ 03:25 ],1,223
36206,2014-05-26,[ 03:26 ],1,222
36207,2014-05-26,[ 03:27 ],1,223
36208,2014-05-26,[ 03:28 ],1,223
36209,2014-05-26,[ 03:29 ],1,221
36210,2014-05-26,[ 03:30 ],1,222
36211,2014-05-26,[ 03:31 ],1,222
36212,2014-05-26,[ 03:32 ],1,221
36213,2014-05-26,[ 03:33 ],1,221
36214,2014-05-26,[ 03:34 ],1,223
36215,2014-05-26,[ 03:35 ],1,222
36216,2014-05-26,[ 03:36 ],1,153
36217,2014-05-26,[ 03:37 ],1,152
36218,2014-05-26,[ 03:38 ],1,151
36219,2014-05-26,[ 03:39 ],1,151
36220,2014-05-26,[ 03:40 ],1,152
36221,2014-05-26,[ 03:41 ],1,150
36222,2014-05-26,[ 03:42 ],1,153
36223,2014-05-26,[ 03:43 ],1,151
36224,2014-05-26,[ 03:44 ],1,151
36225,2014-05-26,[ 03:45 ],1,151
36226,2014-05-26,[ 03:46 ],1,152
36227,2014-05-26,[ 03:47 ],1,151
36228,2014-05-26,[ 03:48 ],1,151
36229,2014-05-26,[ 03:49 ],1,150
36230,2014-05-26,[ 03:50 ],1,153
36231,2014-05-26,[ 03:51 ],1,152
36232,2014-05-26,[ 03:52 ],1,152
36233,2014-05-26,[ 03:53 ],1,151
36234,2014-05-26,[ 03:54 ],1,150
36235,2014-05-26,[ 03:55 ],1,150
36236,2014-05-26,[ 03:56 ],1,151
36237,2014-05-26,[ 03:57 ],1,150
36238,2014-05-26,[ 03:58 ],1,150
36239,2014-05-26,[ 03:59 ],1,151
36240,2014-05-26,[ 04:00 ],1,153
36241,2014-05-26,[ 04:01 ],1,153
36242,2014-05-26,[ 04:02 ],1,151
36243,2014-05-26,[ 04:03 ],1,152
36244,2014-05-26,[ 04:04 ],1,155
36245,2014-05-26,[ 04:05 ],1,155
36246,2014-05-26,[ 04:06 ],1,151
36247,2014-05-26,[ 04:07 ],1,152
36248,2014-05-26,[ 04:08 ],1,152
36249,2014-05-26,[ 04:09 ],1,151
36250,2014-05-26,[ 04:10 ],1,151
36251,2014-05-26,[ 04:11 ],1,151
36252,2014-05-26,[ 04:12 ],1,152
36253,2014-05-26,[ 04:13 ],1,218
36254,2014-05-26,[ 04:14 ],1,214
36255,2014-05-26,[ 04:15 ],1,216
36256,2014-05-26,[ 04:16 ],1,215
36257,2014-05-26,[ 04:17 ],1,214
36258,2014-05-26,[ 04:18 ],1,212
36259,2014-05-26,[ 04:19 ],1,232
36260,2014-05-26,[ 04:20 ],1,231
36261,2014-05-26,[ 04:21 ],1,226
36262,2014-05-26,[ 04:22 ],1,228
36263,2014-05-26,[ 04:23 ],1,227
36264,2014-05-26,[ 04:24 ],1,171
36265,2014-05-26,[ 04:25 ],1,170
36266,2014-05-26,[ 04:26 ],1,171
36267,2014-05-26,[ 04:27 ],1,172
36268,2014-05-26,[ 04:28 ],1,173
36269,2014-05-26,[ 04:29 ],1,170
36270,2014-05-26,[ 04:30 ],1,170
36271,2014-05-26,[ 04:31 ],1,170
36272,2014-05-26,[ 04:32 ],1,171
36273,2014-05-26,[ 04:33 ],1,171
36274,2014-05-26,[ 04:34 ],1,171
36275,2014-05-26,[ 04:35 ],1,171
36276,2014-05-26,[ 04:36 ],1,157
36277,2014-05-26,[ 04:37 ],1,156
36278,2014-05-26,[ 04:38 ],1,157
36279,2014-05-26,[ 04:39 ],1,157
36280,2014-05-26,[ 04:40 ],1,159
36281,2014-05-26,[ 04:41 ],1,157
36282,2014-05-26,[ 04:42 ],1,158
36283,2014-05-26,[ 04:43 ],1,156
36284,2014-05-26,[ 04:44 ],1,158
36285,2014-05-26,[ 04:45 ],1,150
36286,2014-05-26,[ 04:46 ],1,151
36287,2014-05-26,[ 04:47 ],1,151
36288,2014-05-26,[ 04:48 ],1,151
36289,2014-05-26,[ 04:49 ],1,150
36290,2014-05-26,[ 04:50 ],1,152
36291,2014-05-26,[ 04:51 ],1,151
36292,2014-05-26,[ 04:52 ],1,152
36293,2014-05-26,[ 04:53 ],1,151
36294,2014-05-26,[ 04:54 ],1,151
36295,2014-05-26,[ 04:55 ],1,150
36296,2014-05-26,[ 04:56 ],1,149
36297,2014-05-26,[ 04:57 ],1,149
36298,2014-05-26,[ 04:58 ],1,152
36299,2014-05-26,[ 04:59 ],1,152
36300,2014-05-26,[ 05:00 ],1,151
36301,2014-05-26,[ 05:01 ],1,153
36302,2014-05-26,[ 05:02 ],1,153
36303,2014-05-26,[ 05:03 ],1,151
36304,2014-05-26,[ 05:04 ],1,163
36305,2014-05-26,[ 05:05 ],1,163
36306,2014-05-26,[ 05:06 ],1,163
36307,2014-05-26,[ 05:07 ],1,162
36308,2014-05-26,[ 05:08 ],1,162
36309,2014-05-26,[ 05:09 ],1,163
36310,2014-05-26,[ 05:10 ],1,163
36311,2014-05-26,[ 05:11 ],1,162
36312,2014-05-26,[ 05:12 ],1,163
36313,2014-05-26,[ 05:13 ],1,163
36314,2014-05-26,[ 05:14 ],1,163
36315,2014-05-26,[ 05:15 ],1,239
36316,2014-05-26,[ 05:16 ],1,234
36317,2014-05-26,[ 05:17 ],1,236
36318,2014-05-26,[ 05:18 ],1,236
36319,2014-05-26,[ 05:19 ],1,232
36320,2014-05-26,[ 05:20 ],1,232
36321,2014-05-26,[ 05:21 ],1,234
36322,2014-05-26,[ 05:22 ],1,232
36323,2014-05-26,[ 05:23 ],1,234
36324,2014-05-26,[ 05:24 ],1,234
36325,2014-05-26,[ 05:25 ],1,234
36326,2014-05-26,[ 05:26 ],1,171
36327,2014-05-26,[ 05:27 ],1,173
36328,2014-05-26,[ 05:28 ],1,173
36329,2014-05-26,[ 05:29 ],1,172
36330,2014-05-26,[ 05:30 ],1,173
36331,2014-05-26,[ 05:31 ],1,171
36332,2014-05-26,[ 05:32 ],1,170
36333,2014-05-26,[ 05:33 ],1,172
36334,2014-05-26,[ 05:34 ],1,171
36335,2014-05-26,[ 05:35 ],1,173
36336,2014-05-26,[ 05:36 ],1,173
36337,2014-05-26,[ 05:37 ],1,171
36338,2014-05-26,[ 05:38 ],1,172
36339,2014-05-26,[ 05:39 ],1,172
36340,2014-05-26,[ 05:40 ],1,172
36341,2014-05-26,[ 05:41 ],1,172
36342,2014-05-26,[ 05:42 ],1,171
36343,2014-05-26,[ 05:43 ],1,172
36344,2014-05-26,[ 05:44 ],1,172
36345,2014-05-26,[ 05:45 ],1,247
36346,2014-05-26,[ 05:46 ],1,247
36347,2014-05-26,[ 05:47 ],1,212
36348,2014-05-26,[ 05:48 ],1,214
36349,2014-05-26,[ 05:49 ],1,217
36350,2014-05-26,[ 05:50 ],1,217
36351,2014-05-26,[ 05:51 ],1,219
36352,2014-05-26,[ 05:52 ],1,218
36353,2014-05-26,[ 05:53 ],1,216
36354,2014-05-26,[ 05:54 ],1,216
36355,2014-05-26,[ 05:55 ],1,215
36356,2014-05-26,[ 05:56 ],1,215
36357,2014-05-26,[ 05:57 ],1,216
36358,2014-05-26,[ 05:58 ],1,214
36359,2014-05-26,[ 05:59 ],1,215
36360,2014-05-26,[ 06:00 ],1,207
36361,2014-05-26,[ 06:01 ],1,207
36362,2014-05-26,[ 06:02 ],1,206
36363,2014-05-26,[ 06:03 ],1,207
36364,2014-05-26,[ 06:04 ],1,205
36365,2014-05-26,[ 06:05 ],1,204
36366,2014-05-26,[ 06:06 ],1,204
36367,2014-05-26,[ 06:07 ],1,204
36368,2014-05-26,[ 06:08 ],1,204
36369,2014-05-26,[ 06:09 ],1,206
36370,2014-05-26,[ 06:10 ],1,206
36371,2014-05-26,[ 06:11 ],1,206
36372,2014-05-26,[ 06:12 ],1,205
36373,2014-05-26,[ 06:13 ],1,206
36374,2014-05-26,[ 06:14 ],1,205
36375,2014-05-26,[ 06:15 ],1,205
36376,2014-05-26,[ 06:16 ],1,205
36377,2014-05-26,[ 06:17 ],1,205
36378,2014-05-26,[ 06:18 ],1,204
36379,2014-05-26,[ 06:19 ],1,207
36380,2014-05-26,[ 06:20 ],1,203
36381,2014-05-26,[ 06:21 ],1,199
36382,2014-05-26,[ 06:22 ],1,149
36383,2014-05-26,[ 06:23 ],1,149
36384,2014-05-26,[ 06:24 ],1,149
36385,2014-05-26,[ 06:25 ],1,151
36386,2014-05-26,[ 06:26 ],1,149
36387,2014-05-26,[ 06:27 ],1,150
36388,2014-05-26,[ 06:28 ],1,150
36389,2014-05-26,[ 06:29 ],1,156
36390,2014-05-26,[ 06:30 ],1,158
36391,2014-05-26,[ 06:31 ],1,157
36392,2014-05-26,[ 06:32 ],1,158
36393,2014-05-26,[ 06:33 ],1,158
36394,2014-05-26,[ 06:34 ],1,156
36395,2014-05-26,[ 06:35 ],1,159
36396,2014-05-26,[ 06:36 ],1,158
36397,2014-05-26,[ 06:37 ],1,371
36398,2014-05-26,[ 06:38 ],1,371
36399,2014-05-26,[ 06:39 ],1,371
36400,2014-05-26,[ 06:40 ],1,370
36401,2014-05-26,[ 06:41 ],1,372
36402,2014-05-26,[ 06:42 ],1,371
36403,2014-05-26,[ 06:43 ],1,374
36404,2014-05-26,[ 06:44 ],1,370
36405,2014-05-26,[ 06:45 ],1,374
36406,2014-05-26,[ 06:46 ],1,366
36407,2014-05-26,[ 06:47 ],1,370
36408,2014-05-26,[ 06:48 ],1,368
36409,2014-05-26,[ 06:49 ],1,160
36410,2014-05-26,[ 06:50 ],1,158
36411,2014-05-26,[ 06:51 ],1,159
36412,2014-05-26,[ 06:52 ],1,171
36413,2014-05-26,[ 06:53 ],1,171
36414,2014-05-26,[ 06:54 ],1,172
36415,2014-05-26,[ 06:55 ],1,169
36416,2014-05-26,[ 06:56 ],1,173
36417,2014-05-26,[ 06:57 ],1,172
36418,2014-05-26,[ 06:58 ],1,172
36419,2014-05-26,[ 06:59 ],1,172
36420,2014-05-26,[ 07:00 ],1,173
36421,2014-05-26,[ 07:01 ],1,175
36422,2014-05-26,[ 07:02 ],1,283
36423,2014-05-26,[ 07:03 ],1,243
36424,2014-05-26,[ 07:04 ],1,251
36425,2014-05-26,[ 07:05 ],1,258
36426,2014-05-26,[ 07:06 ],1,256
36427,2014-05-26,[ 07:07 ],1,253
36428,2014-05-26,[ 07:08 ],1,253
36429,2014-05-26,[ 07:09 ],1,252
36430,2014-05-26,[ 07:10 ],1,249
36431,2014-05-26,[ 07:11 ],1,247
36432,2014-05-26,[ 07:12 ],1,245
36433,2014-05-26,[ 07:13 ],1,240
36434,2014-05-26,[ 07:14 ],1,239
36435,2014-05-26,[ 07:15 ],1,224
36436,2014-05-26,[ 07:16 ],1,224
36437,2014-05-26,[ 07:17 ],1,223
36438,2014-05-26,[ 07:18 ],1,219
36439,2014-05-26,[ 07:19 ],1,219
36440,2014-05-26,[ 07:20 ],1,221
36441,2014-05-26,[ 07:21 ],1,218
36442,2014-05-26,[ 07:22 ],1,243
36443,2014-05-26,[ 07:23 ],1,219
36444,2014-05-26,[ 07:24 ],1,218
36445,2014-05-26,[ 07:25 ],1,218
36446,2014-05-26,[ 07:26 ],1,217
36447,2014-05-26,[ 07:27 ],1,215
36448,2014-05-26,[ 07:28 ],1,217
36449,2014-05-26,[ 07:29 ],1,215
36450,2014-05-26,[ 07:30 ],1,217
36451,2014-05-26,[ 07:31 ],1,214
36452,2014-05-26,[ 07:32 ],1,213
36453,2014-05-26,[ 07:33 ],1,166
36454,2014-05-26,[ 07:34 ],1,166
36455,2014-05-26,[ 07:35 ],1,166
36456,2014-05-26,[ 07:36 ],1,166
36457,2014-05-26,[ 07:37 ],1,163
36458,2014-05-26,[ 07:38 ],1,165
36459,2014-05-26,[ 07:39 ],1,165
36460,2014-05-26,[ 07:40 ],1,163
36461,2014-05-26,[ 07:41 ],1,163
36462,2014-05-26,[ 07:42 ],1,163
36463,2014-05-26,[ 07:43 ],1,163
36464,2014-05-26,[ 07:44 ],1,167
36465,2014-05-26,[ 07:45 ],1,163
36466,2014-05-26,[ 07:46 ],1,163
36467,2014-05-26,[ 07:47 ],1,163
36468,2014-05-26,[ 07:48 ],1,165
36469,2014-05-26,[ 07:49 ],1,165
36470,2014-05-26,[ 07:50 ],1,166
36471,2014-05-26,[ 07:51 ],1,152
36472,2014-05-26,[ 07:52 ],1,151
36473,2014-05-26,[ 07:53 ],1,151
36474,2014-05-26,[ 07:54 ],1,152
36475,2014-05-26,[ 07:55 ],1,150
36476,2014-05-26,[ 07:56 ],1,152
36477,2014-05-26,[ 07:57 ],1,152
36478,2014-05-26,[ 07:58 ],1,150
36479,2014-05-26,[ 07:59 ],1,152
36480,2014-05-26,[ 08:00 ],1,153
36481,2014-05-26,[ 08:01 ],1,154
36482,2014-05-26,[ 08:02 ],1,154
36483,2014-05-26,[ 08:03 ],1,152
36484,2014-05-26,[ 08:04 ],1,152
36485,2014-05-26,[ 08:05 ],1,150
36486,2014-05-26,[ 08:06 ],1,153
36487,2014-05-26,[ 08:07 ],1,150
36488,2014-05-26,[ 08:08 ],1,150
36489,2014-05-26,[ 08:09 ],1,153
36490,2014-05-26,[ 08:10 ],1,149
36491,2014-05-26,[ 08:11 ],1,151
36492,2014-05-26,[ 08:12 ],1,152
36493,2014-05-26,[ 08:13 ],1,151
36494,2014-05-26,[ 08:14 ],1,151
36495,2014-05-26,[ 08:15 ],1,151
36496,2014-05-26,[ 08:16 ],1,151
36497,2014-05-26,[ 08:17 ],1,151
36498,2014-05-26,[ 08:18 ],1,151
36499,2014-05-26,[ 08:19 ],1,149
36500,2014-05-26,[ 08:20 ],1,151
36501,2014-05-26,[ 08:21 ],1,150
36502,2014-05-26,[ 08:22 ],1,151
36503,2014-05-26,[ 08:23 ],1,151
36504,2014-05-26,[ 08:24 ],1,150
36505,2014-05-26,[ 08:25 ],1,215
36506,2014-05-26,[ 08:26 ],1,213
36507,2014-05-26,[ 08:27 ],1,202
36508,2014-05-26,[ 08:28 ],1,211
36509,2014-05-26,[ 08:29 ],1,214
36510,2014-05-26,[ 08:30 ],1,213
36511,2014-05-26,[ 08:31 ],1,213
36512,2014-05-26,[ 08:32 ],1,214
36513,2014-05-26,[ 08:33 ],1,213
36514,2014-05-26,[ 08:34 ],1,213
36515,2014-05-26,[ 08:35 ],1,215
36516,2014-05-26,[ 08:36 ],1,213
36517,2014-05-26,[ 08:37 ],1,213
36518,2014-05-26,[ 08:38 ],1,214
36519,2014-05-26,[ 08:39 ],1,214
36520,2014-05-26,[ 08:40 ],1,214
36521,2014-05-26,[ 08:41 ],1,214
36522,2014-05-26,[ 08:42 ],1,214
36523,2014-05-26,[ 08:43 ],1,213
36524,2014-05-26,[ 08:44 ],1,214
36525,2014-05-26,[ 08:45 ],1,214
36526,2014-05-26,[ 08:46 ],1,214
36527,2014-05-26,[ 08:47 ],1,213
36528,2014-05-26,[ 08:48 ],1,215
36529,2014-05-26,[ 08:49 ],1,213
36530,2014-05-26,[ 08:50 ],1,212
36531,2014-05-26,[ 08:51 ],1,214
36532,2014-05-26,[ 08:52 ],1,213
36533,2014-05-26,[ 08:53 ],1,211
36534,2014-05-26,[ 08:54 ],1,211
36535,2014-05-26,[ 08:55 ],1,211
36536,2014-05-26,[ 08:56 ],1,213
36537,2014-05-26,[ 08:57 ],1,216
36538,2014-05-26,[ 08:58 ],1,213
36539,2014-05-26,[ 08:59 ],1,211
36540,2014-05-26,[ 09:00 ],1,212
36541,2014-05-26,[ 09:01 ],1,203
36542,2014-05-26,[ 09:02 ],1,203
36543,2014-05-26,[ 09:03 ],1,200
36544,2014-05-26,[ 09:04 ],1,201
36545,2014-05-26,[ 09:05 ],1,201
36546,2014-05-26,[ 09:06 ],1,149
36547,2014-05-26,[ 09:07 ],1,149
36548,2014-05-26,[ 09:08 ],1,153
36549,2014-05-26,[ 09:09 ],1,153
36550,2014-05-26,[ 09:10 ],1,151
36551,2014-05-26,[ 09:11 ],1,152
36552,2014-05-26,[ 09:12 ],1,150
36553,2014-05-26,[ 09:13 ],1,150
36554,2014-05-26,[ 09:14 ],1,151
36555,2014-05-26,[ 09:15 ],1,150
36556,2014-05-26,[ 09:16 ],1,150
36557,2014-05-26,[ 09:17 ],1,150
36558,2014-05-26,[ 09:18 ],1,150
36559,2014-05-26,[ 09:19 ],1,152
36560,2014-05-26,[ 09:20 ],1,162
36561,2014-05-26,[ 09:21 ],1,163
36562,2014-05-26,[ 09:22 ],1,163
36563,2014-05-26,[ 09:23 ],1,163
36564,2014-05-26,[ 09:24 ],1,163
36565,2014-05-26,[ 09:25 ],1,165
36566,2014-05-26,[ 09:26 ],1,163
36567,2014-05-26,[ 09:27 ],1,165
36568,2014-05-26,[ 09:28 ],1,163
36569,2014-05-26,[ 09:29 ],1,163
36570,2014-05-26,[ 09:30 ],1,163
36571,2014-05-26,[ 09:31 ],1,165
36572,2014-05-26,[ 09:32 ],1,163
36573,2014-05-26,[ 09:33 ],1,163
36574,2014-05-26,[ 09:34 ],1,163
36575,2014-05-26,[ 09:35 ],1,167
36576,2014-05-26,[ 09:36 ],1,167
36577,2014-05-26,[ 09:37 ],1,162
36578,2014-05-26,[ 09:38 ],1,163
36579,2014-05-26,[ 09:39 ],1,163
36580,2014-05-26,[ 09:40 ],1,163
36581,2014-05-26,[ 09:41 ],1,171
36582,2014-05-26,[ 09:42 ],1,170
36583,2014-05-26,[ 09:43 ],1,170
36584,2014-05-26,[ 09:44 ],1,171
36585,2014-05-26,[ 09:45 ],1,171
36586,2014-05-26,[ 09:46 ],1,173
36587,2014-05-26,[ 09:47 ],1,171
36588,2014-05-26,[ 09:48 ],1,169
36589,2014-05-26,[ 09:49 ],1,254
36590,2014-05-26,[ 09:50 ],1,254
36591,2014-05-26,[ 09:51 ],1,232
36592,2014-05-26,[ 09:52 ],1,234
36593,2014-05-26,[ 09:53 ],1,234
36594,2014-05-26,[ 09:54 ],1,229
36595,2014-05-26,[ 09:55 ],1,212
36596,2014-05-26,[ 09:56 ],1,214
36597,2014-05-26,[ 09:57 ],1,212
36598,2014-05-26,[ 09:58 ],1,213
36599,2014-05-26,[ 09:59 ],1,213
36600,2014-05-26,[ 10:00 ],1,211
36601,2014-05-26,[ 10:01 ],1,160
36602,2014-05-26,[ 10:02 ],1,160
36603,2014-05-26,[ 10:03 ],1,159
36604,2014-05-26,[ 10:04 ],1,158
36605,2014-05-26,[ 10:05 ],1,158
36606,2014-05-26,[ 10:06 ],1,156
36607,2014-05-26,[ 10:07 ],1,158
36608,2014-05-26,[ 10:08 ],1,158
36609,2014-05-26,[ 10:09 ],1,159
36610,2014-05-26,[ 10:10 ],1,158
36611,2014-05-26,[ 10:11 ],1,159
36612,2014-05-26,[ 10:12 ],1,159
36613,2014-05-26,[ 10:13 ],1,158
36614,2014-05-26,[ 10:14 ],1,158
36615,2014-05-26,[ 10:15 ],1,160
36616,2014-05-26,[ 10:16 ],1,158
36617,2014-05-26,[ 10:17 ],1,158
36618,2014-05-26,[ 10:18 ],1,160
36619,2014-05-26,[ 10:19 ],1,160
36620,2014-05-26,[ 10:20 ],1,161
36621,2014-05-26,[ 10:21 ],1,160
36622,2014-05-26,[ 10:22 ],1,160
36623,2014-05-26,[ 10:23 ],1,160
36624,2014-05-26,[ 10:24 ],1,159
36625,2014-05-26,[ 10:25 ],1,160
36626,2014-05-26,[ 10:26 ],1,158
36627,2014-05-26,[ 10:27 ],1,160
36628,2014-05-26,[ 10:28 ],1,158
36629,2014-05-26,[ 10:29 ],1,154
36630,2014-05-26,[ 10:30 ],1,152
36631,2014-05-26,[ 10:31 ],1,152
36632,2014-05-26,[ 10:32 ],1,153
36633,2014-05-26,[ 10:33 ],1,152
36634,2014-05-26,[ 10:34 ],1,151
36635,2014-05-26,[ 10:35 ],1,153
36636,2014-05-26,[ 10:36 ],1,153
36637,2014-05-26,[ 10:37 ],1,153
36638,2014-05-26,[ 10:38 ],1,154
36639,2014-05-26,[ 10:39 ],1,154
36640,2014-05-26,[ 10:40 ],1,152
36641,2014-05-26,[ 10:41 ],1,151
36642,2014-05-26,[ 10:42 ],1,151
36643,2014-05-26,[ 10:43 ],1,153
36644,2014-05-26,[ 10:44 ],1,152
36645,2014-05-26,[ 10:45 ],1,152
36646,2014-05-26,[ 10:46 ],1,152
36647,2014-05-26,[ 10:47 ],1,152
36648,2014-05-26,[ 10:48 ],1,150
36649,2014-05-26,[ 10:49 ],1,152
36650,2014-05-26,[ 10:50 ],1,228
36651,2014-05-26,[ 10:51 ],1,228
36652,2014-05-26,[ 10:52 ],1,205
36653,2014-05-26,[ 10:53 ],1,206
36654,2014-05-26,[ 10:54 ],1,206
36655,2014-05-26,[ 10:55 ],1,222
36656,2014-05-26,[ 10:56 ],1,221
36657,2014-05-26,[ 10:57 ],1,234
36658,2014-05-26,[ 10:58 ],1,231
36659,2014-05-26,[ 10:59 ],1,234
36660,2014-05-26,[ 11:00 ],1,236
36661,2014-05-26,[ 11:01 ],1,272
36662,2014-05-26,[ 11:02 ],1,203
36663,2014-05-26,[ 11:03 ],1,173
36664,2014-05-26,[ 11:04 ],1,173
36665,2014-05-26,[ 11:05 ],1,175
36666,2014-05-26,[ 11:06 ],1,174
36667,2014-05-26,[ 11:07 ],1,172
36668,2014-05-26,[ 11:08 ],1,172
36669,2014-05-26,[ 11:09 ],1,172
36670,2014-05-26,[ 11:10 ],1,173
36671,2014-05-26,[ 11:11 ],1,239
36672,2014-05-26,[ 11:12 ],1,239
36673,2014-05-26,[ 11:13 ],1,232
36674,2014-05-26,[ 11:14 ],1,234
36675,2014-05-26,[ 11:15 ],1,235
36676,2014-05-26,[ 11:16 ],1,237
36677,2014-05-26,[ 11:17 ],1,273
36678,2014-05-26,[ 11:18 ],1,277
36679,2014-05-26,[ 11:19 ],1,275
36680,2014-05-26,[ 11:20 ],1,235
36681,2014-05-26,[ 11:21 ],1,235
36682,2014-05-26,[ 11:22 ],1,236
36683,2014-05-26,[ 11:23 ],1,236
36684,2014-05-26,[ 11:24 ],1,234
36685,2014-05-26,[ 11:25 ],1,234
36686,2014-05-26,[ 11:26 ],1,235
36687,2014-05-26,[ 11:27 ],1,236
36688,2014-05-26,[ 11:28 ],1,235
36689,2014-05-26,[ 11:29 ],1,274
36690,2014-05-26,[ 11:30 ],1,270
36691,2014-05-26,[ 11:31 ],1,273
36692,2014-05-26,[ 11:32 ],1,266
36693,2014-05-26,[ 11:33 ],1,234
36694,2014-05-26,[ 11:34 ],1,234
36695,2014-05-26,[ 11:35 ],1,237
36696,2014-05-26,[ 11:36 ],1,216
36697,2014-05-26,[ 11:37 ],1,216
36698,2014-05-26,[ 11:38 ],1,214
36699,2014-05-26,[ 11:39 ],1,221
36700,2014-05-26,[ 11:40 ],1,215
36701,2014-05-26,[ 11:41 ],1,257
36702,2014-05-26,[ 11:42 ],1,254
36703,2014-05-26,[ 11:43 ],1,243
36704,2014-05-26,[ 11:44 ],1,245
36705,2014-05-26,[ 11:45 ],1,206
36706,2014-05-26,[ 11:46 ],1,153
36707,2014-05-26,[ 11:47 ],1,152
36708,2014-05-26,[ 11:48 ],1,222
36709,2014-05-26,[ 11:49 ],1,206
36710,2014-05-26,[ 11:50 ],1,204
36711,2014-05-26,[ 11:51 ],1,202
36712,2014-05-26,[ 11:52 ],1,219
36713,2014-05-26,[ 11:53 ],1,236
36714,2014-05-26,[ 11:54 ],1,256
36715,2014-05-26,[ 11:55 ],1,256
36716,2014-05-26,[ 11:56 ],1,256
36717,2014-05-26,[ 11:57 ],1,221
36718,2014-05-26,[ 11:58 ],1,222
36719,2014-05-26,[ 11:59 ],1,218
36720,2014-05-26,[ 12:00 ],1,221
36721,2014-05-26,[ 12:01 ],1,216
36722,2014-05-26,[ 12:02 ],1,218
36723,2014-05-26,[ 12:03 ],1,218
36724,2014-05-26,[ 12:04 ],1,219
36725,2014-05-26,[ 12:05 ],1,218
36726,2014-05-26,[ 12:06 ],1,250
36727,2014-05-26,[ 12:07 ],1,252
36728,2014-05-26,[ 12:08 ],1,252
36729,2014-05-26,[ 12:09 ],1,215
36730,2014-05-26,[ 12:10 ],1,216
36731,2014-05-26,[ 12:11 ],1,226
36732,2014-05-26,[ 12:12 ],1,227
36733,2014-05-26,[ 12:13 ],1,226
36734,2014-05-26,[ 12:14 ],1,228
36735,2014-05-26,[ 12:15 ],1,228
36736,2014-05-26,[ 12:16 ],1,228
36737,2014-05-26,[ 12:17 ],1,259
36738,2014-05-26,[ 12:18 ],1,276
36739,2014-05-26,[ 12:19 ],1,282
36740,2014-05-26,[ 12:20 ],1,272
36741,2014-05-26,[ 12:21 ],1,238
36742,2014-05-26,[ 12:22 ],1,238
36743,2014-05-26,[ 12:23 ],1,237
36744,2014-05-26,[ 12:24 ],1,307
36745,2014-05-26,[ 12:25 ],1,307
36746,2014-05-26,[ 12:26 ],1,307
36747,2014-05-26,[ 12:27 ],1,311
36748,2014-05-26,[ 12:28 ],1,295
36749,2014-05-26,[ 12:29 ],1,288
36750,2014-05-26,[ 12:30 ],1,321
36751,2014-05-26,[ 12:31 ],1,319
36752,2014-05-26,[ 12:32 ],1,320
36753,2014-05-26,[ 12:33 ],1,320
36754,2014-05-26,[ 12:34 ],1,285
36755,2014-05-26,[ 12:35 ],1,283
36756,2014-05-26,[ 12:36 ],1,216
36757,2014-05-26,[ 12:37 ],1,217
36758,2014-05-26,[ 12:38 ],1,217
36759,2014-05-26,[ 12:39 ],1,216
36760,2014-05-26,[ 12:40 ],1,213
36761,2014-05-26,[ 12:41 ],1,201
36762,2014-05-26,[ 12:42 ],1,199
36763,2014-05-26,[ 12:43 ],1,206
36764,2014-05-26,[ 12:44 ],1,239
36765,2014-05-26,[ 12:45 ],1,243
36766,2014-05-26,[ 12:46 ],1,243
36767,2014-05-26,[ 12:47 ],1,239
36768,2014-05-26,[ 12:48 ],1,211
36769,2014-05-26,[ 12:49 ],1,211
36770,2014-05-26,[ 12:50 ],1,210
36771,2014-05-26,[ 12:51 ],1,210
36772,2014-05-26,[ 12:52 ],1,210
36773,2014-05-26,[ 12:53 ],1,207
36774,2014-05-26,[ 12:54 ],1,207
36775,2014-05-26,[ 12:55 ],1,211
36776,2014-05-26,[ 12:56 ],1,210
36777,2014-05-26,[ 12:57 ],1,207
36778,2014-05-26,[ 12:58 ],1,210
36779,2014-05-26,[ 12:59 ],1,208
36780,2014-05-26,[ 13:00 ],1,208
36781,2014-05-26,[ 13:01 ],1,210
36782,2014-05-26,[ 13:02 ],1,208
36783,2014-05-26,[ 13:03 ],1,211
36784,2014-05-26,[ 13:04 ],1,211
36785,2014-05-26,[ 13:05 ],1,210
36786,2014-05-26,[ 13:06 ],1,240
36787,2014-05-26,[ 13:07 ],1,246
36788,2014-05-26,[ 13:08 ],1,243
36789,2014-05-26,[ 13:09 ],1,210
36790,2014-05-26,[ 13:10 ],1,211
36791,2014-05-26,[ 13:11 ],1,210
36792,2014-05-26,[ 13:12 ],1,210
36793,2014-05-26,[ 13:13 ],1,210
36794,2014-05-26,[ 13:14 ],1,208
36795,2014-05-26,[ 13:15 ],1,206
36796,2014-05-26,[ 13:16 ],1,211
36797,2014-05-26,[ 13:17 ],1,212
36798,2014-05-26,[ 13:18 ],1,211
36799,2014-05-26,[ 13:19 ],1,210
36800,2014-05-26,[ 13:20 ],1,208
36801,2014-05-26,[ 13:21 ],1,208
36802,2014-05-26,[ 13:22 ],1,211
36803,2014-05-26,[ 13:23 ],1,246
36804,2014-05-26,[ 13:24 ],1,246
36805,2014-05-26,[ 13:25 ],1,246
36806,2014-05-26,[ 13:26 ],1,241
36807,2014-05-26,[ 13:27 ],1,298
36808,2014-05-26,[ 13:28 ],1,288
36809,2014-05-26,[ 13:29 ],1,273
36810,2014-05-26,[ 13:30 ],1,270
36811,2014-05-26,[ 13:31 ],1,271
36812,2014-05-26,[ 13:32 ],1,269
36813,2014-05-26,[ 13:33 ],1,269
36814,2014-05-26,[ 13:34 ],1,270
36815,2014-05-26,[ 13:35 ],1,270
36816,2014-05-26,[ 13:36 ],1,316
36817,2014-05-26,[ 13:37 ],1,318
36818,2014-05-26,[ 13:38 ],1,316
36819,2014-05-26,[ 13:39 ],1,249
36820,2014-05-26,[ 13:40 ],1,214
36821,2014-05-26,[ 13:41 ],1,216
36822,2014-05-26,[ 13:42 ],1,216
36823,2014-05-26,[ 13:43 ],1,215
36824,2014-05-26,[ 13:44 ],1,216
36825,2014-05-26,[ 13:45 ],1,215
36826,2014-05-26,[ 13:46 ],1,217
36827,2014-05-26,[ 13:47 ],1,218
36828,2014-05-26,[ 13:48 ],1,217
36829,2014-05-26,[ 13:49 ],1,249
36830,2014-05-26,[ 13:50 ],1,251
36831,2014-05-26,[ 13:51 ],1,251
36832,2014-05-26,[ 13:52 ],1,253
36833,2014-05-26,[ 13:53 ],1,217
36834,2014-05-26,[ 13:54 ],1,216
36835,2014-05-26,[ 13:55 ],1,216
36836,2014-05-26,[ 13:56 ],1,226
36837,2014-05-26,[ 13:57 ],1,348
36838,2014-05-26,[ 13:58 ],1,302
36839,2014-05-26,[ 13:59 ],1,294
36840,2014-05-26,[ 14:00 ],1,301
36841,2014-05-26,[ 14:01 ],1,302
36842,2014-05-26,[ 14:02 ],1,299
36843,2014-05-26,[ 14:03 ],1,302
36844,2014-05-26,[ 14:04 ],1,304
36845,2014-05-26,[ 14:05 ],1,333
36846,2014-05-26,[ 14:06 ],1,342
36847,2014-05-26,[ 14:07 ],1,340
36848,2014-05-26,[ 14:08 ],1,318
36849,2014-05-26,[ 14:09 ],1,234
36850,2014-05-26,[ 14:10 ],1,215
36851,2014-05-26,[ 14:11 ],1,214
36852,2014-05-26,[ 14:12 ],1,215
36853,2014-05-26,[ 14:13 ],1,215
36854,2014-05-26,[ 14:14 ],1,217
36855,2014-05-26,[ 14:15 ],1,214
36856,2014-05-26,[ 14:16 ],1,214
36857,2014-05-26,[ 14:17 ],1,214
36858,2014-05-26,[ 14:18 ],1,213
36859,2014-05-26,[ 14:19 ],1,217
36860,2014-05-26,[ 14:20 ],1,216
36861,2014-05-26,[ 14:21 ],1,254
36862,2014-05-26,[ 14:22 ],1,252
36863,2014-05-26,[ 14:23 ],1,253
36864,2014-05-26,[ 14:24 ],1,215
36865,2014-05-26,[ 14:25 ],1,215
36866,2014-05-26,[ 14:26 ],1,214
36867,2014-05-26,[ 14:27 ],1,213
36868,2014-05-26,[ 14:28 ],1,214
36869,2014-05-26,[ 14:29 ],1,216
36870,2014-05-26,[ 14:30 ],1,216
36871,2014-05-26,[ 14:31 ],1,214
36872,2014-05-26,[ 14:32 ],1,212
36873,2014-05-26,[ 14:33 ],1,212
36874,2014-05-26,[ 14:34 ],1,157
36875,2014-05-26,[ 14:35 ],1,159
36876,2014-05-26,[ 14:36 ],1,159
36877,2014-05-26,[ 14:37 ],1,158
36878,2014-05-26,[ 14:38 ],1,156
36879,2014-05-26,[ 14:39 ],1,158
36880,2014-05-26,[ 14:40 ],1,160
36881,2014-05-26,[ 14:41 ],1,158
36882,2014-05-26,[ 14:42 ],1,161
36883,2014-05-26,[ 14:43 ],1,160
36884,2014-05-26,[ 14:44 ],1,160
36885,2014-05-26,[ 14:45 ],1,161
36886,2014-05-26,[ 14:46 ],1,160
36887,2014-05-26,[ 14:47 ],1,161
36888,2014-05-26,[ 14:48 ],1,160
36889,2014-05-26,[ 14:49 ],1,161
36890,2014-05-26,[ 14:50 ],1,160
36891,2014-05-26,[ 14:51 ],1,161
36892,2014-05-26,[ 14:52 ],1,161
36893,2014-05-26,[ 14:53 ],1,171
36894,2014-05-26,[ 14:54 ],1,172
36895,2014-05-26,[ 14:55 ],1,173
36896,2014-05-26,[ 14:56 ],1,173
36897,2014-05-26,[ 14:57 ],1,174
36898,2014-05-26,[ 14:58 ],1,166
36899,2014-05-26,[ 14:59 ],1,166
36900,2014-05-26,[ 15:00 ],1,166
36901,2014-05-26,[ 15:01 ],1,168
36902,2014-05-26,[ 15:02 ],1,166
36903,2014-05-26,[ 15:03 ],1,167
36904,2014-05-26,[ 15:04 ],1,166
36905,2014-05-26,[ 15:05 ],1,166
36906,2014-05-26,[ 15:06 ],1,165
36907,2014-05-26,[ 15:07 ],1,163
36908,2014-05-26,[ 15:08 ],1,165
36909,2014-05-26,[ 15:09 ],1,163
36910,2014-05-26,[ 15:10 ],1,166
36911,2014-05-26,[ 15:11 ],1,163
36912,2014-05-26,[ 15:12 ],1,163
36913,2014-05-26,[ 15:13 ],1,165
36914,2014-05-26,[ 15:14 ],1,165
36915,2014-05-26,[ 15:15 ],1,163
36916,2014-05-26,[ 15:16 ],1,232
36917,2014-05-26,[ 15:17 ],1,232
36918,2014-05-26,[ 15:18 ],1,221
36919,2014-05-26,[ 15:19 ],1,222
36920,2014-05-26,[ 15:20 ],1,221
36921,2014-05-26,[ 15:21 ],1,223
36922,2014-05-26,[ 15:22 ],1,217
36923,2014-05-26,[ 15:23 ],1,218
36924,2014-05-26,[ 15:24 ],1,200
36925,2014-05-26,[ 15:25 ],1,203
36926,2014-05-26,[ 15:26 ],1,203
36927,2014-05-26,[ 15:27 ],1,202
36928,2014-05-26,[ 15:28 ],1,151
36929,2014-05-26,[ 15:29 ],1,152
36930,2014-05-26,[ 15:30 ],1,152
36931,2014-05-26,[ 15:31 ],1,154
36932,2014-05-26,[ 15:32 ],1,151
36933,2014-05-26,[ 15:33 ],1,149
36934,2014-05-26,[ 15:34 ],1,152
36935,2014-05-26,[ 15:35 ],1,149
36936,2014-05-26,[ 15:36 ],1,151
36937,2014-05-26,[ 15:37 ],1,151
36938,2014-05-26,[ 15:38 ],1,150
36939,2014-05-26,[ 15:39 ],1,150
36940,2014-05-26,[ 15:40 ],1,151
36941,2014-05-26,[ 15:41 ],1,152
36942,2014-05-26,[ 15:42 ],1,152
36943,2014-05-26,[ 15:43 ],1,151
36944,2014-05-26,[ 15:44 ],1,151
36945,2014-05-26,[ 15:45 ],1,151
36946,2014-05-26,[ 15:46 ],1,150
36947,2014-05-26,[ 15:47 ],1,150
36948,2014-05-26,[ 15:48 ],1,151
36949,2014-05-26,[ 15:49 ],1,151
36950,2014-05-26,[ 15:50 ],1,151
36951,2014-05-26,[ 15:51 ],1,163
36952,2014-05-26,[ 15:52 ],1,165
36953,2014-05-26,[ 15:53 ],1,165
36954,2014-05-26,[ 15:54 ],1,162
36955,2014-05-26,[ 15:55 ],1,174
36956,2014-05-26,[ 15:56 ],1,171
36957,2014-05-26,[ 15:57 ],1,170
36958,2014-05-26,[ 15:58 ],1,171
36959,2014-05-26,[ 15:59 ],1,171
36960,2014-05-26,[ 16:00 ],1,172
36961,2014-05-26,[ 16:01 ],1,172
36962,2014-05-26,[ 16:02 ],1,174
36963,2014-05-26,[ 16:03 ],1,172
36964,2014-05-26,[ 16:04 ],1,174
36965,2014-05-26,[ 16:05 ],1,174
36966,2014-05-26,[ 16:06 ],1,173
36967,2014-05-26,[ 16:07 ],1,171
36968,2014-05-26,[ 16:08 ],1,173
36969,2014-05-26,[ 16:09 ],1,173
36970,2014-05-26,[ 16:10 ],1,172
36971,2014-05-26,[ 16:11 ],1,172
36972,2014-05-26,[ 16:12 ],1,171
36973,2014-05-26,[ 16:13 ],1,173
36974,2014-05-26,[ 16:14 ],1,173
36975,2014-05-26,[ 16:15 ],1,173
36976,2014-05-26,[ 16:16 ],1,173
36977,2014-05-26,[ 16:17 ],1,173
36978,2014-05-26,[ 16:18 ],1,173
36979,2014-05-26,[ 16:19 ],1,246
36980,2014-05-26,[ 16:20 ],1,231
36981,2014-05-26,[ 16:21 ],1,235
36982,2014-05-26,[ 16:22 ],1,236
36983,2014-05-26,[ 16:23 ],1,232
36984,2014-05-26,[ 16:24 ],1,235
36985,2014-05-26,[ 16:25 ],1,229
36986,2014-05-26,[ 16:26 ],1,231
36987,2014-05-26,[ 16:27 ],1,232
36988,2014-05-26,[ 16:28 ],1,232
36989,2014-05-26,[ 16:29 ],1,234
36990,2014-05-26,[ 16:30 ],1,171
36991,2014-05-26,[ 16:31 ],1,172
36992,2014-05-26,[ 16:32 ],1,172
36993,2014-05-26,[ 16:33 ],1,173
36994,2014-05-26,[ 16:34 ],1,173
36995,2014-05-26,[ 16:35 ],1,173
36996,2014-05-26,[ 16:36 ],1,174
36997,2014-05-26,[ 16:37 ],1,173
36998,2014-05-26,[ 16:38 ],1,173
36999,2014-05-26,[ 16:39 ],1,171
37000,2014-05-26,[ 16:40 ],1,161
37001,2014-05-26,[ 16:41 ],1,158
37002,2014-05-26,[ 16:42 ],1,159
37003,2014-05-26,[ 16:43 ],1,219
37004,2014-05-26,[ 16:44 ],1,217
37005,2014-05-26,[ 16:45 ],1,214
37006,2014-05-26,[ 16:46 ],1,216
37007,2014-05-26,[ 16:47 ],1,217
37008,2014-05-26,[ 16:48 ],1,219
37009,2014-05-26,[ 16:49 ],1,221
37010,2014-05-26,[ 16:50 ],1,219
37011,2014-05-26,[ 16:51 ],1,222
37012,2014-05-26,[ 16:52 ],1,217
37013,2014-05-26,[ 16:53 ],1,214
37014,2014-05-26,[ 16:54 ],1,218
37015,2014-05-26,[ 16:55 ],1,216
37016,2014-05-26,[ 16:56 ],1,215
37017,2014-05-26,[ 16:57 ],1,217
37018,2014-05-26,[ 16:58 ],1,207
37019,2014-05-26,[ 16:59 ],1,208
37020,2014-05-26,[ 17:00 ],1,208
37021,2014-05-26,[ 17:01 ],1,210
37022,2014-05-26,[ 17:02 ],1,207
37023,2014-05-26,[ 17:03 ],1,207
37024,2014-05-26,[ 17:04 ],1,210
37025,2014-05-26,[ 17:05 ],1,208
37026,2014-05-26,[ 17:06 ],1,204
37027,2014-05-26,[ 17:07 ],1,219
37028,2014-05-26,[ 17:08 ],1,221
37029,2014-05-26,[ 17:09 ],1,223
37030,2014-05-26,[ 17:10 ],1,219
37031,2014-05-26,[ 17:11 ],1,223
37032,2014-05-26,[ 17:12 ],1,222
37033,2014-05-26,[ 17:13 ],1,225
37034,2014-05-26,[ 17:14 ],1,226
37035,2014-05-26,[ 17:15 ],1,226
37036,2014-05-26,[ 17:16 ],1,222
37037,2014-05-26,[ 17:17 ],1,222
37038,2014-05-26,[ 17:18 ],1,167
37039,2014-05-26,[ 17:19 ],1,166
37040,2014-05-26,[ 17:20 ],1,165
37041,2014-05-26,[ 17:21 ],1,165
37042,2014-05-26,[ 17:22 ],1,165
37043,2014-05-26,[ 17:23 ],1,163
37044,2014-05-26,[ 17:24 ],1,163
37045,2014-05-26,[ 17:25 ],1,165
37046,2014-05-26,[ 17:26 ],1,162
37047,2014-05-26,[ 17:27 ],1,162
37048,2014-05-26,[ 17:28 ],1,162
37049,2014-05-26,[ 17:29 ],1,162
37050,2014-05-26,[ 17:30 ],1,162
37051,2014-05-26,[ 17:31 ],1,161
37052,2014-05-26,[ 17:32 ],1,163
37053,2014-05-26,[ 17:33 ],1,161
37054,2014-05-26,[ 17:34 ],1,161
37055,2014-05-26,[ 17:35 ],1,159
37056,2014-05-26,[ 17:36 ],1,161
37057,2014-05-26,[ 17:37 ],1,160
37058,2014-05-26,[ 17:38 ],1,160
37059,2014-05-26,[ 17:39 ],1,162
37060,2014-05-26,[ 17:40 ],1,174
37061,2014-05-26,[ 17:41 ],1,170
37062,2014-05-26,[ 17:42 ],1,170
37063,2014-05-26,[ 17:43 ],1,171
37064,2014-05-26,[ 17:44 ],1,170
37065,2014-05-26,[ 17:45 ],1,171
37066,2014-05-26,[ 17:46 ],1,172
37067,2014-05-26,[ 17:47 ],1,171
37068,2014-05-26,[ 17:48 ],1,171
37069,2014-05-26,[ 17:49 ],1,171
37070,2014-05-26,[ 17:50 ],1,171
37071,2014-05-26,[ 17:51 ],1,171
37072,2014-05-26,[ 17:52 ],1,171
37073,2014-05-26,[ 17:53 ],1,172
37074,2014-05-26,[ 17:54 ],1,172
37075,2014-05-26,[ 17:55 ],1,172
37076,2014-05-26,[ 17:56 ],1,171
37077,2014-05-26,[ 17:57 ],1,170
37078,2014-05-26,[ 17:58 ],1,172
37079,2014-05-26,[ 17:59 ],1,252
37080,2014-05-26,[ 18:00 ],1,237
37081,2014-05-26,[ 18:01 ],1,237
37082,2014-05-26,[ 18:02 ],1,238
37083,2014-05-26,[ 18:03 ],1,236
37084,2014-05-26,[ 18:04 ],1,236
37085,2014-05-26,[ 18:05 ],1,234
37086,2014-05-26,[ 18:06 ],1,228
37087,2014-05-26,[ 18:07 ],1,231
37088,2014-05-26,[ 18:08 ],1,232
37089,2014-05-26,[ 18:09 ],1,231
37090,2014-05-26,[ 18:10 ],1,158
37091,2014-05-26,[ 18:11 ],1,158
37092,2014-05-26,[ 18:12 ],1,160
37093,2014-05-26,[ 18:13 ],1,159
37094,2014-05-26,[ 18:14 ],1,157
37095,2014-05-26,[ 18:15 ],1,158
37096,2014-05-26,[ 18:16 ],1,158
37097,2014-05-26,[ 18:17 ],1,157
37098,2014-05-26,[ 18:18 ],1,158
37099,2014-05-26,[ 18:19 ],1,156
37100,2014-05-26,[ 18:20 ],1,158
37101,2014-05-26,[ 18:21 ],1,159
37102,2014-05-26,[ 18:22 ],1,159
37103,2014-05-26,[ 18:23 ],1,235
37104,2014-05-26,[ 18:24 ],1,217
37105,2014-05-26,[ 18:25 ],1,216
37106,2014-05-26,[ 18:26 ],1,214
37107,2014-05-26,[ 18:27 ],1,204
37108,2014-05-26,[ 18:28 ],1,210
37109,2014-05-26,[ 18:29 ],1,208
37110,2014-05-26,[ 18:30 ],1,206
37111,2014-05-26,[ 18:31 ],1,203
37112,2014-05-26,[ 18:32 ],1,203
37113,2014-05-26,[ 18:33 ],1,203
37114,2014-05-26,[ 18:34 ],1,202
37115,2014-05-26,[ 18:35 ],1,201
37116,2014-05-26,[ 18:36 ],1,204
37117,2014-05-26,[ 18:37 ],1,215
37118,2014-05-26,[ 18:38 ],1,217
37119,2014-05-26,[ 18:39 ],1,217
37120,2014-05-26,[ 18:40 ],1,216
37121,2014-05-26,[ 18:41 ],1,215
37122,2014-05-26,[ 18:42 ],1,214
37123,2014-05-26,[ 18:43 ],1,215
37124,2014-05-26,[ 18:44 ],1,216
37125,2014-05-26,[ 18:45 ],1,213
37126,2014-05-26,[ 18:46 ],1,214
37127,2014-05-26,[ 18:47 ],1,213
37128,2014-05-26,[ 18:48 ],1,212
37129,2014-05-26,[ 18:49 ],1,214
37130,2014-05-26,[ 18:50 ],1,214
37131,2014-05-26,[ 18:51 ],1,216
37132,2014-05-26,[ 18:52 ],1,216
37133,2014-05-26,[ 18:53 ],1,234
37134,2014-05-26,[ 18:54 ],1,240
37135,2014-05-26,[ 18:55 ],1,224
37136,2014-05-26,[ 18:56 ],1,229
37137,2014-05-26,[ 18:57 ],1,229
37138,2014-05-26,[ 18:58 ],1,225
37139,2014-05-26,[ 18:59 ],1,221
37140,2014-05-26,[ 19:00 ],1,222
37141,2014-05-26,[ 19:01 ],1,1357
37142,2014-05-26,[ 19:02 ],1,298
37143,2014-05-26,[ 19:03 ],1,311
37144,2014-05-26,[ 19:04 ],1,226
37145,2014-05-26,[ 19:05 ],1,219
37146,2014-05-26,[ 19:06 ],1,224
37147,2014-05-26,[ 19:07 ],1,223
37148,2014-05-26,[ 19:08 ],1,221
37149,2014-05-26,[ 19:09 ],1,217
37150,2014-05-26,[ 19:10 ],1,218
37151,2014-05-26,[ 19:11 ],1,218
37152,2014-05-26,[ 19:12 ],1,216
37153,2014-05-26,[ 19:13 ],1,162
37154,2014-05-26,[ 19:14 ],1,166
37155,2014-05-26,[ 19:15 ],1,239
37156,2014-05-26,[ 19:16 ],1,236
37157,2014-05-26,[ 19:17 ],1,232
37158,2014-05-26,[ 19:18 ],1,163
37159,2014-05-26,[ 19:19 ],1,163
37160,2014-05-26,[ 19:20 ],1,163
37161,2014-05-26,[ 19:21 ],1,162
37162,2014-05-26,[ 19:22 ],1,161
37163,2014-05-26,[ 19:23 ],1,163
37164,2014-05-26,[ 19:24 ],1,160
37165,2014-05-26,[ 19:25 ],1,166
37166,2014-05-26,[ 19:26 ],1,169
37167,2014-05-26,[ 19:27 ],1,171
37168,2014-05-26,[ 19:28 ],1,171
37169,2014-05-26,[ 19:29 ],1,237
37170,2014-05-26,[ 19:30 ],1,237
37171,2014-05-26,[ 19:31 ],1,232
37172,2014-05-26,[ 19:32 ],1,235
37173,2014-05-26,[ 19:33 ],1,234
37174,2014-05-26,[ 19:34 ],1,237
37175,2014-05-26,[ 19:35 ],1,217
37176,2014-05-26,[ 19:36 ],1,219
37177,2014-05-26,[ 19:37 ],1,221
37178,2014-05-26,[ 19:38 ],1,217
37179,2014-05-26,[ 19:39 ],1,217
37180,2014-05-26,[ 19:40 ],1,217
37181,2014-05-26,[ 19:41 ],1,215
37182,2014-05-26,[ 19:42 ],1,215
37183,2014-05-26,[ 19:43 ],1,215
37184,2014-05-26,[ 19:44 ],1,215
37185,2014-05-26,[ 19:45 ],1,214
37186,2014-05-26,[ 19:46 ],1,215
37187,2014-05-26,[ 19:47 ],1,214
37188,2014-05-26,[ 19:48 ],1,214
37189,2014-05-26,[ 19:49 ],1,215
37190,2014-05-26,[ 19:50 ],1,215
37191,2014-05-26,[ 19:51 ],1,216
37192,2014-05-26,[ 19:52 ],1,217
37193,2014-05-26,[ 19:53 ],1,213
37194,2014-05-26,[ 19:54 ],1,214
37195,2014-05-26,[ 19:55 ],1,218
37196,2014-05-26,[ 19:56 ],1,214
37197,2014-05-26,[ 19:57 ],1,214
37198,2014-05-26,[ 19:58 ],1,212
37199,2014-05-26,[ 19:59 ],1,216
37200,2014-05-26,[ 20:00 ],1,218
37201,2014-05-26,[ 20:01 ],1,219
37202,2014-05-26,[ 20:02 ],1,218
37203,2014-05-26,[ 20:03 ],1,215
37204,2014-05-26,[ 20:04 ],1,216
37205,2014-05-26,[ 20:05 ],1,173
37206,2014-05-26,[ 20:06 ],1,172
37207,2014-05-26,[ 20:07 ],1,173
37208,2014-05-26,[ 20:08 ],1,170
37209,2014-05-26,[ 20:09 ],1,165
37210,2014-05-26,[ 20:10 ],1,165
37211,2014-05-26,[ 20:11 ],1,163
37212,2014-05-26,[ 20:12 ],1,163
37213,2014-05-26,[ 20:13 ],1,163
37214,2014-05-26,[ 20:14 ],1,163
37215,2014-05-26,[ 20:15 ],1,163
37216,2014-05-26,[ 20:16 ],1,162
37217,2014-05-26,[ 20:17 ],1,162
37218,2014-05-26,[ 20:18 ],1,166
37219,2014-05-26,[ 20:19 ],1,161
37220,2014-05-26,[ 20:20 ],1,161
37221,2014-05-26,[ 20:21 ],1,161
37222,2014-05-26,[ 20:22 ],1,162
37223,2014-05-26,[ 20:23 ],1,162
37224,2014-05-26,[ 20:24 ],1,163
37225,2014-05-26,[ 20:25 ],1,162
37226,2014-05-26,[ 20:26 ],1,163
37227,2014-05-26,[ 20:27 ],1,161
37228,2014-05-26,[ 20:28 ],1,163
37229,2014-05-26,[ 20:29 ],1,161
37230,2014-05-26,[ 20:30 ],1,162
37231,2014-05-26,[ 20:31 ],1,163
37232,2014-05-26,[ 20:32 ],1,161
37233,2014-05-26,[ 20:33 ],1,162
37234,2014-05-26,[ 20:34 ],1,161
37235,2014-05-26,[ 20:35 ],1,163
37236,2014-05-26,[ 20:36 ],1,163
37237,2014-05-26,[ 20:37 ],1,163
37238,2014-05-26,[ 20:38 ],1,160
37239,2014-05-26,[ 20:39 ],1,160
37240,2014-05-26,[ 20:40 ],1,161
37241,2014-05-26,[ 20:41 ],1,160
37242,2014-05-26,[ 20:42 ],1,168
37243,2014-05-26,[ 20:43 ],1,170
37244,2014-05-26,[ 20:44 ],1,172
37245,2014-05-26,[ 20:45 ],1,171
37246,2014-05-26,[ 20:46 ],1,247
37247,2014-05-26,[ 20:47 ],1,241
37248,2014-05-26,[ 20:48 ],1,231
37249,2014-05-26,[ 20:49 ],1,232
37250,2014-05-26,[ 20:50 ],1,234
37251,2014-05-26,[ 20:51 ],1,234
37252,2014-05-26,[ 20:52 ],1,234
37253,2014-05-26,[ 20:53 ],1,229
37254,2014-05-26,[ 20:54 ],1,228
37255,2014-05-26,[ 20:55 ],1,226
37256,2014-05-26,[ 20:56 ],1,231
37257,2014-05-26,[ 20:57 ],1,224
37258,2014-05-26,[ 20:58 ],1,172
37259,2014-05-26,[ 20:59 ],1,171
37260,2014-05-26,[ 21:00 ],1,173
37261,2014-05-26,[ 21:01 ],1,173
37262,2014-05-26,[ 21:02 ],1,173
37263,2014-05-26,[ 21:03 ],1,177
37264,2014-05-26,[ 21:04 ],1,173
37265,2014-05-26,[ 21:05 ],1,172
37266,2014-05-26,[ 21:06 ],1,171
37267,2014-05-26,[ 21:07 ],1,171
37268,2014-05-26,[ 21:08 ],1,157
37269,2014-05-26,[ 21:09 ],1,159
37270,2014-05-26,[ 21:10 ],1,159
37271,2014-05-26,[ 21:11 ],1,159
37272,2014-05-26,[ 21:12 ],1,158
37273,2014-05-26,[ 21:13 ],1,159
37274,2014-05-26,[ 21:14 ],1,158
37275,2014-05-26,[ 21:15 ],1,159
37276,2014-05-26,[ 21:16 ],1,159
37277,2014-05-26,[ 21:17 ],1,159
37278,2014-05-26,[ 21:18 ],1,389
37279,2014-05-26,[ 21:19 ],1,389
37280,2014-05-26,[ 21:20 ],1,391
37281,2014-05-26,[ 21:21 ],1,389
37282,2014-05-26,[ 21:22 ],1,386
37283,2014-05-26,[ 21:23 ],1,385
37284,2014-05-26,[ 21:24 ],1,386
37285,2014-05-26,[ 21:25 ],1,386
37286,2014-05-26,[ 21:26 ],1,389
37287,2014-05-26,[ 21:27 ],1,389
37288,2014-05-26,[ 21:28 ],1,386
37289,2014-05-26,[ 21:29 ],1,383
37290,2014-05-26,[ 21:30 ],1,172
37291,2014-05-26,[ 21:31 ],1,172
37292,2014-05-26,[ 21:32 ],1,172
37293,2014-05-26,[ 21:33 ],1,172
37294,2014-05-26,[ 21:34 ],1,172
37295,2014-05-26,[ 21:35 ],1,174
37296,2014-05-26,[ 21:36 ],1,160
37297,2014-05-26,[ 21:37 ],1,161
37298,2014-05-26,[ 21:38 ],1,158
37299,2014-05-26,[ 21:39 ],1,160
37300,2014-05-26,[ 21:40 ],1,159
37301,2014-05-26,[ 21:41 ],1,154
37302,2014-05-26,[ 21:42 ],1,153
37303,2014-05-26,[ 21:43 ],1,285
37304,2014-05-26,[ 21:44 ],1,213
37305,2014-05-26,[ 21:45 ],1,218
37306,2014-05-26,[ 21:46 ],1,223
37307,2014-05-26,[ 21:47 ],1,223
37308,2014-05-26,[ 21:48 ],1,224
37309,2014-05-26,[ 21:49 ],1,224
37310,2014-05-26,[ 21:50 ],1,222
37311,2014-05-26,[ 21:51 ],1,218
37312,2014-05-26,[ 21:52 ],1,217
37313,2014-05-26,[ 21:53 ],1,214
37314,2014-05-26,[ 21:54 ],1,213
37315,2014-05-26,[ 21:55 ],1,223
37316,2014-05-26,[ 21:56 ],1,216
37317,2014-05-26,[ 21:57 ],1,217
37318,2014-05-26,[ 21:58 ],1,213
37319,2014-05-26,[ 21:59 ],1,217
37320,2014-05-26,[ 22:00 ],1,217
37321,2014-05-26,[ 22:01 ],1,218
37322,2014-05-26,[ 22:02 ],1,215
37323,2014-05-26,[ 22:03 ],1,214
37324,2014-05-26,[ 22:04 ],1,217
37325,2014-05-26,[ 22:05 ],1,216
37326,2014-05-26,[ 22:06 ],1,213
37327,2014-05-26,[ 22:07 ],1,215
37328,2014-05-26,[ 22:08 ],1,214
37329,2014-05-26,[ 22:09 ],1,212
37330,2014-05-26,[ 22:10 ],1,211
37331,2014-05-26,[ 22:11 ],1,212
37332,2014-05-26,[ 22:12 ],1,205
37333,2014-05-26,[ 22:13 ],1,160
37334,2014-05-26,[ 22:14 ],1,160
37335,2014-05-26,[ 22:15 ],1,161
37336,2014-05-26,[ 22:16 ],1,160
37337,2014-05-26,[ 22:17 ],1,159
37338,2014-05-26,[ 22:18 ],1,159
37339,2014-05-26,[ 22:19 ],1,172
37340,2014-05-26,[ 22:20 ],1,172
37341,2014-05-26,[ 22:21 ],1,171
37342,2014-05-26,[ 22:22 ],1,942
37343,2014-05-26,[ 22:23 ],1,229
37344,2014-05-26,[ 22:24 ],1,229
37345,2014-05-26,[ 22:25 ],1,234
37346,2014-05-26,[ 22:26 ],1,234
37347,2014-05-26,[ 22:27 ],1,237
37348,2014-05-26,[ 22:28 ],1,237
37349,2014-05-26,[ 22:29 ],1,226
37350,2014-05-26,[ 22:30 ],1,222
37351,2014-05-26,[ 22:31 ],1,219
37352,2014-05-26,[ 22:32 ],1,221
37353,2014-05-26,[ 22:33 ],1,224
37354,2014-05-26,[ 22:34 ],1,223
37355,2014-05-26,[ 22:35 ],1,222
37356,2014-05-26,[ 22:36 ],1,223
37357,2014-05-26,[ 22:37 ],1,223
37358,2014-05-26,[ 22:38 ],1,219
37359,2014-05-26,[ 22:39 ],1,224
37360,2014-05-26,[ 22:40 ],1,224
37361,2014-05-26,[ 22:41 ],1,222
37362,2014-05-26,[ 22:42 ],1,222
37363,2014-05-26,[ 22:43 ],1,221
37364,2014-05-26,[ 22:44 ],1,222
37365,2014-05-26,[ 22:45 ],1,222
37366,2014-05-26,[ 22:46 ],1,222
37367,2014-05-26,[ 22:47 ],1,221
37368,2014-05-26,[ 22:48 ],1,221
37369,2014-05-26,[ 22:49 ],1,221
37370,2014-05-26,[ 22:50 ],1,224
37371,2014-05-26,[ 22:51 ],1,225
37372,2014-05-26,[ 22:52 ],1,223
37373,2014-05-26,[ 22:53 ],1,225
37374,2014-05-26,[ 22:54 ],1,224
37375,2014-05-26,[ 22:55 ],1,163
37376,2014-05-26,[ 22:56 ],1,163
37377,2014-05-26,[ 22:57 ],1,163
37378,2014-05-26,[ 22:58 ],1,163
37379,2014-05-26,[ 22:59 ],1,163
37380,2014-05-26,[ 23:00 ],1,163
37381,2014-05-26,[ 23:01 ],1,166
37382,2014-05-26,[ 23:02 ],1,165
37383,2014-05-26,[ 23:03 ],1,165
37384,2014-05-26,[ 23:04 ],1,163
37385,2014-05-26,[ 23:05 ],1,163
37386,2014-05-26,[ 23:06 ],1,150
37387,2014-05-26,[ 23:07 ],1,149
37388,2014-05-26,[ 23:08 ],1,150
37389,2014-05-26,[ 23:09 ],1,151
37390,2014-05-26,[ 23:10 ],1,152
37391,2014-05-26,[ 23:11 ],1,152
37392,2014-05-26,[ 23:12 ],1,151
37393,2014-05-26,[ 23:13 ],1,156
37394,2014-05-26,[ 23:14 ],1,158
37395,2014-05-26,[ 23:15 ],1,157
37396,2014-05-26,[ 23:16 ],1,158
37397,2014-05-26,[ 23:17 ],1,160
37398,2014-05-26,[ 23:18 ],1,157
37399,2014-05-26,[ 23:19 ],1,157
37400,2014-05-26,[ 23:20 ],1,158
37401,2014-05-26,[ 23:21 ],1,159
37402,2014-05-26,[ 23:22 ],1,159
37403,2014-05-26,[ 23:23 ],1,159
37404,2014-05-26,[ 23:24 ],1,158
37405,2014-05-26,[ 23:25 ],1,159
37406,2014-05-26,[ 23:26 ],1,159
37407,2014-05-26,[ 23:27 ],1,157
37408,2014-05-26,[ 23:28 ],1,158
37409,2014-05-26,[ 23:29 ],1,150
37410,2014-05-26,[ 23:30 ],1,225
37411,2014-05-26,[ 23:31 ],1,204
37412,2014-05-26,[ 23:32 ],1,207
37413,2014-05-26,[ 23:33 ],1,207
37414,2014-05-26,[ 23:34 ],1,214
37415,2014-05-26,[ 23:35 ],1,217
37416,2014-05-26,[ 23:36 ],1,217
37417,2014-05-26,[ 23:37 ],1,217
37418,2014-05-26,[ 23:38 ],1,215
37419,2014-05-26,[ 23:39 ],1,214
37420,2014-05-26,[ 23:40 ],1,213
37421,2014-05-26,[ 23:41 ],1,214
37422,2014-05-26,[ 23:42 ],1,162
37423,2014-05-26,[ 23:43 ],1,163
37424,2014-05-26,[ 23:44 ],1,161
37425,2014-05-26,[ 23:45 ],1,163
37426,2014-05-26,[ 23:46 ],1,163
37427,2014-05-26,[ 23:47 ],1,162
37428,2014-05-26,[ 23:48 ],1,163
37429,2014-05-26,[ 23:49 ],1,161
37430,2014-05-26,[ 23:50 ],1,163
37431,2014-05-26,[ 23:51 ],1,162
37432,2014-05-26,[ 23:52 ],1,162
37433,2014-05-26,[ 23:53 ],1,163
37434,2014-05-26,[ 23:54 ],1,162
37435,2014-05-26,[ 23:55 ],1,163
37436,2014-05-26,[ 23:56 ],1,163
37437,2014-05-26,[ 23:57 ],1,162
37438,2014-05-26,[ 23:58 ],1,162
37439,2014-05-26,[ 23:59 ],1,161
37440,2014-05-27,[ 00:00 ],0,162
37441,2014-05-27,[ 00:01 ],0,163
37442,2014-05-27,[ 00:02 ],0,163
37443,2014-05-27,[ 00:03 ],0,165
37444,2014-05-27,[ 00:04 ],0,153
37445,2014-05-27,[ 00:05 ],0,152
37446,2014-05-27,[ 00:06 ],0,152
37447,2014-05-27,[ 00:07 ],0,151
37448,2014-05-27,[ 00:08 ],0,151
37449,2014-05-27,[ 00:09 ],0,152
37450,2014-05-27,[ 00:10 ],0,153
37451,2014-05-27,[ 00:11 ],0,152
37452,2014-05-27,[ 00:12 ],0,149
37453,2014-05-27,[ 00:13 ],0,150
37454,2014-05-27,[ 00:14 ],0,150
37455,2014-05-27,[ 00:15 ],0,149
37456,2014-05-27,[ 00:16 ],0,150
37457,2014-05-27,[ 00:17 ],0,149
37458,2014-05-27,[ 00:18 ],0,149
37459,2014-05-27,[ 00:19 ],0,150
37460,2014-05-27,[ 00:20 ],0,149
37461,2014-05-27,[ 00:21 ],0,150
37462,2014-05-27,[ 00:22 ],0,150
37463,2014-05-27,[ 00:23 ],0,149
37464,2014-05-27,[ 00:24 ],0,149
37465,2014-05-27,[ 00:25 ],0,150
37466,2014-05-27,[ 00:26 ],0,149
37467,2014-05-27,[ 00:27 ],0,150
37468,2014-05-27,[ 00:28 ],0,150
37469,2014-05-27,[ 00:29 ],0,157
37470,2014-05-27,[ 00:30 ],0,156
37471,2014-05-27,[ 00:31 ],0,156
37472,2014-05-27,[ 00:32 ],0,226
37473,2014-05-27,[ 00:33 ],0,221
37474,2014-05-27,[ 00:34 ],0,213
37475,2014-05-27,[ 00:35 ],0,216
37476,2014-05-27,[ 00:36 ],0,211
37477,2014-05-27,[ 00:37 ],0,214
37478,2014-05-27,[ 00:38 ],0,212
37479,2014-05-27,[ 00:39 ],0,212
37480,2014-05-27,[ 00:40 ],0,212
37481,2014-05-27,[ 00:41 ],0,211
37482,2014-05-27,[ 00:42 ],0,208
37483,2014-05-27,[ 00:43 ],0,207
37484,2014-05-27,[ 00:44 ],0,157
37485,2014-05-27,[ 00:45 ],0,158
37486,2014-05-27,[ 00:46 ],0,157
37487,2014-05-27,[ 00:47 ],0,156
37488,2014-05-27,[ 00:48 ],0,156
37489,2014-05-27,[ 00:49 ],0,156
37490,2014-05-27,[ 00:50 ],0,157
37491,2014-05-27,[ 00:51 ],0,157
37492,2014-05-27,[ 00:52 ],0,155
37493,2014-05-27,[ 00:53 ],0,156
37494,2014-05-27,[ 00:54 ],0,157
37495,2014-05-27,[ 00:55 ],0,157
37496,2014-05-27,[ 00:56 ],0,156
37497,2014-05-27,[ 00:57 ],0,155
37498,2014-05-27,[ 00:58 ],0,156
37499,2014-05-27,[ 00:59 ],0,156
37500,2014-05-27,[ 01:00 ],0,157
37501,2014-05-27,[ 01:01 ],0,157
37502,2014-05-27,[ 01:02 ],0,158
37503,2014-05-27,[ 01:03 ],0,158
37504,2014-05-27,[ 01:04 ],0,157
37505,2014-05-27,[ 01:05 ],0,157
37506,2014-05-27,[ 01:06 ],0,156
37507,2014-05-27,[ 01:07 ],0,156
37508,2014-05-27,[ 01:08 ],0,156
37509,2014-05-27,[ 01:09 ],0,225
37510,2014-05-27,[ 01:10 ],0,213
37511,2014-05-27,[ 01:11 ],0,212
37512,2014-05-27,[ 01:12 ],0,213
37513,2014-05-27,[ 01:13 ],0,216
37514,2014-05-27,[ 01:14 ],0,215
37515,2014-05-27,[ 01:15 ],0,215
37516,2014-05-27,[ 01:16 ],0,215
37517,2014-05-27,[ 01:17 ],0,205
37518,2014-05-27,[ 01:18 ],0,204
37519,2014-05-27,[ 01:19 ],0,202
37520,2014-05-27,[ 01:20 ],0,202
37521,2014-05-27,[ 01:21 ],0,199
37522,2014-05-27,[ 01:22 ],0,202
37523,2014-05-27,[ 01:23 ],0,201
37524,2014-05-27,[ 01:24 ],0,201
37525,2014-05-27,[ 01:25 ],0,201
37526,2014-05-27,[ 01:26 ],0,201
37527,2014-05-27,[ 01:27 ],0,202
37528,2014-05-27,[ 01:28 ],0,202
37529,2014-05-27,[ 01:29 ],0,200
37530,2014-05-27,[ 01:30 ],0,200
37531,2014-05-27,[ 01:31 ],0,200
37532,2014-05-27,[ 01:32 ],0,203
37533,2014-05-27,[ 01:33 ],0,201
37534,2014-05-27,[ 01:34 ],0,203
37535,2014-05-27,[ 01:35 ],0,205
37536,2014-05-27,[ 01:36 ],0,203
37537,2014-05-27,[ 01:37 ],0,202
37538,2014-05-27,[ 01:38 ],0,204
37539,2014-05-27,[ 01:39 ],0,206
37540,2014-05-27,[ 01:40 ],0,207
37541,2014-05-27,[ 01:41 ],0,210
37542,2014-05-27,[ 01:42 ],0,205
37543,2014-05-27,[ 01:43 ],0,204
37544,2014-05-27,[ 01:44 ],0,200
37545,2014-05-27,[ 01:45 ],0,196
37546,2014-05-27,[ 01:46 ],0,150
37547,2014-05-27,[ 01:47 ],0,150
37548,2014-05-27,[ 01:48 ],0,151
37549,2014-05-27,[ 01:49 ],0,150
37550,2014-05-27,[ 01:50 ],0,149
37551,2014-05-27,[ 01:51 ],0,149
37552,2014-05-27,[ 01:52 ],0,149
37553,2014-05-27,[ 01:53 ],0,149
37554,2014-05-27,[ 01:54 ],0,149
37555,2014-05-27,[ 01:55 ],0,148
37556,2014-05-27,[ 01:56 ],0,149
37557,2014-05-27,[ 01:57 ],0,149
37558,2014-05-27,[ 01:58 ],0,149
37559,2014-05-27,[ 01:59 ],0,149
37560,2014-05-27,[ 02:00 ],0,150
37561,2014-05-27,[ 02:01 ],0,151
37562,2014-05-27,[ 02:02 ],0,151
37563,2014-05-27,[ 02:03 ],0,151
37564,2014-05-27,[ 02:04 ],0,150
37565,2014-05-27,[ 02:05 ],0,150
37566,2014-05-27,[ 02:06 ],0,150
37567,2014-05-27,[ 02:07 ],0,149
37568,2014-05-27,[ 02:08 ],0,148
37569,2014-05-27,[ 02:09 ],0,149
37570,2014-05-27,[ 02:10 ],0,149
37571,2014-05-27,[ 02:11 ],0,150
37572,2014-05-27,[ 02:12 ],0,150
37573,2014-05-27,[ 02:13 ],0,154
37574,2014-05-27,[ 02:14 ],0,158
37575,2014-05-27,[ 02:15 ],0,158
37576,2014-05-27,[ 02:16 ],0,158
37577,2014-05-27,[ 02:17 ],0,158
37578,2014-05-27,[ 02:18 ],0,159
37579,2014-05-27,[ 02:19 ],0,158
37580,2014-05-27,[ 02:20 ],0,157
37581,2014-05-27,[ 02:21 ],0,158
37582,2014-05-27,[ 02:22 ],0,158
37583,2014-05-27,[ 02:23 ],0,159
37584,2014-05-27,[ 02:24 ],0,159
37585,2014-05-27,[ 02:25 ],0,159
37586,2014-05-27,[ 02:26 ],0,159
37587,2014-05-27,[ 02:27 ],0,158
37588,2014-05-27,[ 02:28 ],0,159
37589,2014-05-27,[ 02:29 ],0,226
37590,2014-05-27,[ 02:30 ],0,225
37591,2014-05-27,[ 02:31 ],0,216
37592,2014-05-27,[ 02:32 ],0,216
37593,2014-05-27,[ 02:33 ],0,215
37594,2014-05-27,[ 02:34 ],0,216
37595,2014-05-27,[ 02:35 ],0,216
37596,2014-05-27,[ 02:36 ],0,214
37597,2014-05-27,[ 02:37 ],0,212
37598,2014-05-27,[ 02:38 ],0,210
37599,2014-05-27,[ 02:39 ],0,213
37600,2014-05-27,[ 02:40 ],0,208
37601,2014-05-27,[ 02:41 ],0,159
37602,2014-05-27,[ 02:42 ],0,157
37603,2014-05-27,[ 02:43 ],0,158
37604,2014-05-27,[ 02:44 ],0,159
37605,2014-05-27,[ 02:45 ],0,158
37606,2014-05-27,[ 02:46 ],0,150
37607,2014-05-27,[ 02:47 ],0,149
37608,2014-05-27,[ 02:48 ],0,149
37609,2014-05-27,[ 02:49 ],0,149
37610,2014-05-27,[ 02:50 ],0,150
37611,2014-05-27,[ 02:51 ],0,149
37612,2014-05-27,[ 02:52 ],0,150
37613,2014-05-27,[ 02:53 ],0,150
37614,2014-05-27,[ 02:54 ],0,151
37615,2014-05-27,[ 02:55 ],0,150
37616,2014-05-27,[ 02:56 ],0,149
37617,2014-05-27,[ 02:57 ],0,149
37618,2014-05-27,[ 02:58 ],0,150
37619,2014-05-27,[ 02:59 ],0,151
37620,2014-05-27,[ 03:00 ],0,151
37621,2014-05-27,[ 03:01 ],0,151
37622,2014-05-27,[ 03:02 ],0,151
37623,2014-05-27,[ 03:03 ],0,152
37624,2014-05-27,[ 03:04 ],0,151
37625,2014-05-27,[ 03:05 ],0,162
37626,2014-05-27,[ 03:06 ],0,161
37627,2014-05-27,[ 03:07 ],0,162
37628,2014-05-27,[ 03:08 ],0,162
37629,2014-05-27,[ 03:09 ],0,163
37630,2014-05-27,[ 03:10 ],0,163
37631,2014-05-27,[ 03:11 ],0,161
37632,2014-05-27,[ 03:12 ],0,162
37633,2014-05-27,[ 03:13 ],0,162
37634,2014-05-27,[ 03:14 ],0,163
37635,2014-05-27,[ 03:15 ],0,162
37636,2014-05-27,[ 03:16 ],0,162
37637,2014-05-27,[ 03:17 ],0,162
37638,2014-05-27,[ 03:18 ],0,160
37639,2014-05-27,[ 03:19 ],0,162
37640,2014-05-27,[ 03:20 ],0,162
37641,2014-05-27,[ 03:21 ],0,162
37642,2014-05-27,[ 03:22 ],0,162
37643,2014-05-27,[ 03:23 ],0,163
37644,2014-05-27,[ 03:24 ],0,163
37645,2014-05-27,[ 03:25 ],0,162
37646,2014-05-27,[ 03:26 ],0,161
37647,2014-05-27,[ 03:27 ],0,163
37648,2014-05-27,[ 03:28 ],0,162
37649,2014-05-27,[ 03:29 ],0,163
37650,2014-05-27,[ 03:30 ],0,163
37651,2014-05-27,[ 03:31 ],0,163
37652,2014-05-27,[ 03:32 ],0,236
37653,2014-05-27,[ 03:33 ],0,210
37654,2014-05-27,[ 03:34 ],0,206
37655,2014-05-27,[ 03:35 ],0,206
37656,2014-05-27,[ 03:36 ],0,205
37657,2014-05-27,[ 03:37 ],0,205
37658,2014-05-27,[ 03:38 ],0,204
37659,2014-05-27,[ 03:39 ],0,204
37660,2014-05-27,[ 03:40 ],0,203
37661,2014-05-27,[ 03:41 ],0,202
37662,2014-05-27,[ 03:42 ],0,201
37663,2014-05-27,[ 03:43 ],0,150
37664,2014-05-27,[ 03:44 ],0,150
37665,2014-05-27,[ 03:45 ],0,149
37666,2014-05-27,[ 03:46 ],0,149
37667,2014-05-27,[ 03:47 ],0,149
37668,2014-05-27,[ 03:48 ],0,149
37669,2014-05-27,[ 03:49 ],0,150
37670,2014-05-27,[ 03:50 ],0,150
37671,2014-05-27,[ 03:51 ],0,149
37672,2014-05-27,[ 03:52 ],0,151
37673,2014-05-27,[ 03:53 ],0,150
37674,2014-05-27,[ 03:54 ],0,151
37675,2014-05-27,[ 03:55 ],0,150
37676,2014-05-27,[ 03:56 ],0,150
37677,2014-05-27,[ 03:57 ],0,150
37678,2014-05-27,[ 03:58 ],0,224
37679,2014-05-27,[ 03:59 ],0,206
37680,2014-05-27,[ 04:00 ],0,207
37681,2014-05-27,[ 04:01 ],0,208
37682,2014-05-27,[ 04:02 ],0,207
37683,2014-05-27,[ 04:03 ],0,211
37684,2014-05-27,[ 04:04 ],0,207
37685,2014-05-27,[ 04:05 ],0,210
37686,2014-05-27,[ 04:06 ],0,206
37687,2014-05-27,[ 04:07 ],0,205
37688,2014-05-27,[ 04:08 ],0,204
37689,2014-05-27,[ 04:09 ],0,203
37690,2014-05-27,[ 04:10 ],0,203
37691,2014-05-27,[ 04:11 ],0,204
37692,2014-05-27,[ 04:12 ],0,206
37693,2014-05-27,[ 04:13 ],0,204
37694,2014-05-27,[ 04:14 ],0,213
37695,2014-05-27,[ 04:15 ],0,212
37696,2014-05-27,[ 04:16 ],0,213
37697,2014-05-27,[ 04:17 ],0,215
37698,2014-05-27,[ 04:18 ],0,214
37699,2014-05-27,[ 04:19 ],0,228
37700,2014-05-27,[ 04:20 ],0,231
37701,2014-05-27,[ 04:21 ],0,232
37702,2014-05-27,[ 04:22 ],0,232
37703,2014-05-27,[ 04:23 ],0,232
37704,2014-05-27,[ 04:24 ],0,232
37705,2014-05-27,[ 04:25 ],0,234
37706,2014-05-27,[ 04:26 ],0,234
37707,2014-05-27,[ 04:27 ],0,235
37708,2014-05-27,[ 04:28 ],0,232
37709,2014-05-27,[ 04:29 ],0,231
37710,2014-05-27,[ 04:30 ],0,235
37711,2014-05-27,[ 04:31 ],0,231
37712,2014-05-27,[ 04:32 ],0,228
37713,2014-05-27,[ 04:33 ],0,171
37714,2014-05-27,[ 04:34 ],0,171
37715,2014-05-27,[ 04:35 ],0,170
37716,2014-05-27,[ 04:36 ],0,157
37717,2014-05-27,[ 04:37 ],0,156
37718,2014-05-27,[ 04:38 ],0,157
37719,2014-05-27,[ 04:39 ],0,156
37720,2014-05-27,[ 04:40 ],0,156
37721,2014-05-27,[ 04:41 ],0,156
37722,2014-05-27,[ 04:42 ],0,156
37723,2014-05-27,[ 04:43 ],0,157
37724,2014-05-27,[ 04:44 ],0,156
37725,2014-05-27,[ 04:45 ],0,148
37726,2014-05-27,[ 04:46 ],0,149
37727,2014-05-27,[ 04:47 ],0,148
37728,2014-05-27,[ 04:48 ],0,150
37729,2014-05-27,[ 04:49 ],0,150
37730,2014-05-27,[ 04:50 ],0,150
37731,2014-05-27,[ 04:51 ],0,149
37732,2014-05-27,[ 04:52 ],0,149
37733,2014-05-27,[ 04:53 ],0,148
37734,2014-05-27,[ 04:54 ],0,148
37735,2014-05-27,[ 04:55 ],0,148
37736,2014-05-27,[ 04:56 ],0,150
37737,2014-05-27,[ 04:57 ],0,149
37738,2014-05-27,[ 04:58 ],0,150
37739,2014-05-27,[ 04:59 ],0,149
37740,2014-05-27,[ 05:00 ],0,151
37741,2014-05-27,[ 05:01 ],0,149
37742,2014-05-27,[ 05:02 ],0,149
37743,2014-05-27,[ 05:03 ],0,163
37744,2014-05-27,[ 05:04 ],0,163
37745,2014-05-27,[ 05:05 ],0,161
37746,2014-05-27,[ 05:06 ],0,160
37747,2014-05-27,[ 05:07 ],0,158
37748,2014-05-27,[ 05:08 ],0,162
37749,2014-05-27,[ 05:09 ],0,161
37750,2014-05-27,[ 05:10 ],0,161
37751,2014-05-27,[ 05:11 ],0,162
37752,2014-05-27,[ 05:12 ],0,162
37753,2014-05-27,[ 05:13 ],0,163
37754,2014-05-27,[ 05:14 ],0,229
37755,2014-05-27,[ 05:15 ],0,231
37756,2014-05-27,[ 05:16 ],0,234
37757,2014-05-27,[ 05:17 ],0,234
37758,2014-05-27,[ 05:18 ],0,232
37759,2014-05-27,[ 05:19 ],0,234
37760,2014-05-27,[ 05:20 ],0,235
37761,2014-05-27,[ 05:21 ],0,232
37762,2014-05-27,[ 05:22 ],0,234
37763,2014-05-27,[ 05:23 ],0,229
37764,2014-05-27,[ 05:24 ],0,228
37765,2014-05-27,[ 05:25 ],0,172
37766,2014-05-27,[ 05:26 ],0,169
37767,2014-05-27,[ 05:27 ],0,171
37768,2014-05-27,[ 05:28 ],0,171
37769,2014-05-27,[ 05:29 ],0,171
37770,2014-05-27,[ 05:30 ],0,171
37771,2014-05-27,[ 05:31 ],0,171
37772,2014-05-27,[ 05:32 ],0,170
37773,2014-05-27,[ 05:33 ],0,171
37774,2014-05-27,[ 05:34 ],0,171
37775,2014-05-27,[ 05:35 ],0,171
37776,2014-05-27,[ 05:36 ],0,170
37777,2014-05-27,[ 05:37 ],0,170
37778,2014-05-27,[ 05:38 ],0,170
37779,2014-05-27,[ 05:39 ],0,169
37780,2014-05-27,[ 05:40 ],0,170
37781,2014-05-27,[ 05:41 ],0,171
37782,2014-05-27,[ 05:42 ],0,169
37783,2014-05-27,[ 05:43 ],0,171
37784,2014-05-27,[ 05:44 ],0,171
37785,2014-05-27,[ 05:45 ],0,171
37786,2014-05-27,[ 05:46 ],0,170
37787,2014-05-27,[ 05:47 ],0,156
37788,2014-05-27,[ 05:48 ],0,156
37789,2014-05-27,[ 05:49 ],0,156
37790,2014-05-27,[ 05:50 ],0,157
37791,2014-05-27,[ 05:51 ],0,157
37792,2014-05-27,[ 05:52 ],0,156
37793,2014-05-27,[ 05:53 ],0,161
37794,2014-05-27,[ 05:54 ],0,157
37795,2014-05-27,[ 05:55 ],0,157
37796,2014-05-27,[ 05:56 ],0,162
37797,2014-05-27,[ 05:57 ],0,158
37798,2014-05-27,[ 05:58 ],0,156
37799,2014-05-27,[ 05:59 ],0,154
37800,2014-05-27,[ 06:00 ],0,153
37801,2014-05-27,[ 06:01 ],0,154
37802,2014-05-27,[ 06:02 ],0,154
37803,2014-05-27,[ 06:03 ],0,152
37804,2014-05-27,[ 06:04 ],0,150
37805,2014-05-27,[ 06:05 ],0,150
37806,2014-05-27,[ 06:06 ],0,149
37807,2014-05-27,[ 06:07 ],0,149
37808,2014-05-27,[ 06:08 ],0,148
37809,2014-05-27,[ 06:09 ],0,149
37810,2014-05-27,[ 06:10 ],0,150
37811,2014-05-27,[ 06:11 ],0,149
37812,2014-05-27,[ 06:12 ],0,147
37813,2014-05-27,[ 06:13 ],0,149
37814,2014-05-27,[ 06:14 ],0,149
37815,2014-05-27,[ 06:15 ],0,149
37816,2014-05-27,[ 06:16 ],0,216
37817,2014-05-27,[ 06:17 ],0,207
37818,2014-05-27,[ 06:18 ],0,202
37819,2014-05-27,[ 06:19 ],0,205
37820,2014-05-27,[ 06:20 ],0,204
37821,2014-05-27,[ 06:21 ],0,200
37822,2014-05-27,[ 06:22 ],0,202
37823,2014-05-27,[ 06:23 ],0,203
37824,2014-05-27,[ 06:24 ],0,200
37825,2014-05-27,[ 06:25 ],0,202
37826,2014-05-27,[ 06:26 ],0,200
37827,2014-05-27,[ 06:27 ],0,196
37828,2014-05-27,[ 06:28 ],0,149
37829,2014-05-27,[ 06:29 ],0,156
37830,2014-05-27,[ 06:30 ],0,156
37831,2014-05-27,[ 06:31 ],0,159
37832,2014-05-27,[ 06:32 ],0,158
37833,2014-05-27,[ 06:33 ],0,159
37834,2014-05-27,[ 06:34 ],0,158
37835,2014-05-27,[ 06:35 ],0,161
37836,2014-05-27,[ 06:36 ],0,158
37837,2014-05-27,[ 06:37 ],0,157
37838,2014-05-27,[ 06:38 ],0,156
37839,2014-05-27,[ 06:39 ],0,157
37840,2014-05-27,[ 06:40 ],0,157
37841,2014-05-27,[ 06:41 ],0,158
37842,2014-05-27,[ 06:42 ],0,158
37843,2014-05-27,[ 06:43 ],0,158
37844,2014-05-27,[ 06:44 ],0,160
37845,2014-05-27,[ 06:45 ],0,159
37846,2014-05-27,[ 06:46 ],0,157
37847,2014-05-27,[ 06:47 ],0,160
37848,2014-05-27,[ 06:48 ],0,221
37849,2014-05-27,[ 06:49 ],0,219
37850,2014-05-27,[ 06:50 ],0,212
37851,2014-05-27,[ 06:51 ],0,248
37852,2014-05-27,[ 06:52 ],0,231
37853,2014-05-27,[ 06:53 ],0,235
37854,2014-05-27,[ 06:54 ],0,235
37855,2014-05-27,[ 06:55 ],0,236
37856,2014-05-27,[ 06:56 ],0,235
37857,2014-05-27,[ 06:57 ],0,231
37858,2014-05-27,[ 06:58 ],0,232
37859,2014-05-27,[ 06:59 ],0,229
37860,2014-05-27,[ 07:00 ],0,234
37861,2014-05-27,[ 07:01 ],0,232
37862,2014-05-27,[ 07:02 ],0,232
37863,2014-05-27,[ 07:03 ],0,235
37864,2014-05-27,[ 07:04 ],0,238
37865,2014-05-27,[ 07:05 ],0,234
37866,2014-05-27,[ 07:06 ],0,235
37867,2014-05-27,[ 07:07 ],0,232
37868,2014-05-27,[ 07:08 ],0,234
37869,2014-05-27,[ 07:09 ],0,234
37870,2014-05-27,[ 07:10 ],0,234
37871,2014-05-27,[ 07:11 ],0,229
37872,2014-05-27,[ 07:12 ],0,232
37873,2014-05-27,[ 07:13 ],0,231
37874,2014-05-27,[ 07:14 ],0,232
37875,2014-05-27,[ 07:15 ],0,218
37876,2014-05-27,[ 07:16 ],0,219
37877,2014-05-27,[ 07:17 ],0,224
37878,2014-05-27,[ 07:18 ],0,223
37879,2014-05-27,[ 07:19 ],0,218
37880,2014-05-27,[ 07:20 ],0,225
37881,2014-05-27,[ 07:21 ],0,224
37882,2014-05-27,[ 07:22 ],0,218
37883,2014-05-27,[ 07:23 ],0,219
37884,2014-05-27,[ 07:24 ],0,215
37885,2014-05-27,[ 07:25 ],0,162
37886,2014-05-27,[ 07:26 ],0,162
37887,2014-05-27,[ 07:27 ],0,163
37888,2014-05-27,[ 07:28 ],0,162
37889,2014-05-27,[ 07:29 ],0,163
37890,2014-05-27,[ 07:30 ],0,161
37891,2014-05-27,[ 07:31 ],0,162
37892,2014-05-27,[ 07:32 ],0,162
37893,2014-05-27,[ 07:33 ],0,163
37894,2014-05-27,[ 07:34 ],0,165
37895,2014-05-27,[ 07:35 ],0,163
37896,2014-05-27,[ 07:36 ],0,162
37897,2014-05-27,[ 07:37 ],0,163
37898,2014-05-27,[ 07:38 ],0,163
37899,2014-05-27,[ 07:39 ],0,163
37900,2014-05-27,[ 07:40 ],0,159
37901,2014-05-27,[ 07:41 ],0,159
37902,2014-05-27,[ 07:42 ],0,163
37903,2014-05-27,[ 07:43 ],0,161
37904,2014-05-27,[ 07:44 ],0,160
37905,2014-05-27,[ 07:45 ],0,161
37906,2014-05-27,[ 07:46 ],0,161
37907,2014-05-27,[ 07:47 ],0,163
37908,2014-05-27,[ 07:48 ],0,163
37909,2014-05-27,[ 07:49 ],0,163
37910,2014-05-27,[ 07:50 ],0,162
37911,2014-05-27,[ 07:51 ],0,150
37912,2014-05-27,[ 07:52 ],0,150
37913,2014-05-27,[ 07:53 ],0,149
37914,2014-05-27,[ 07:54 ],0,150
37915,2014-05-27,[ 07:55 ],0,149
37916,2014-05-27,[ 07:56 ],0,149
37917,2014-05-27,[ 07:57 ],0,149
37918,2014-05-27,[ 07:58 ],0,149
37919,2014-05-27,[ 07:59 ],0,151
37920,2014-05-27,[ 08:00 ],0,152
37921,2014-05-27,[ 08:01 ],0,153
37922,2014-05-27,[ 08:02 ],0,153
37923,2014-05-27,[ 08:03 ],0,151
37924,2014-05-27,[ 08:04 ],0,151
37925,2014-05-27,[ 08:05 ],0,151
37926,2014-05-27,[ 08:06 ],0,148
37927,2014-05-27,[ 08:07 ],0,152
37928,2014-05-27,[ 08:08 ],0,217
37929,2014-05-27,[ 08:09 ],0,210
37930,2014-05-27,[ 08:10 ],0,203
37931,2014-05-27,[ 08:11 ],0,205
37932,2014-05-27,[ 08:12 ],0,205
37933,2014-05-27,[ 08:13 ],0,202
37934,2014-05-27,[ 08:14 ],0,204
37935,2014-05-27,[ 08:15 ],0,204
37936,2014-05-27,[ 08:16 ],0,201
37937,2014-05-27,[ 08:17 ],0,201
37938,2014-05-27,[ 08:18 ],0,202
37939,2014-05-27,[ 08:19 ],0,201
37940,2014-05-27,[ 08:20 ],0,151
37941,2014-05-27,[ 08:21 ],0,151
37942,2014-05-27,[ 08:22 ],0,151
37943,2014-05-27,[ 08:23 ],0,152
37944,2014-05-27,[ 08:24 ],0,153
37945,2014-05-27,[ 08:25 ],0,152
37946,2014-05-27,[ 08:26 ],0,151
37947,2014-05-27,[ 08:27 ],0,159
37948,2014-05-27,[ 08:28 ],0,158
37949,2014-05-27,[ 08:29 ],0,160
37950,2014-05-27,[ 08:30 ],0,158
37951,2014-05-27,[ 08:31 ],0,156
37952,2014-05-27,[ 08:32 ],0,157
37953,2014-05-27,[ 08:33 ],0,158
37954,2014-05-27,[ 08:34 ],0,158
37955,2014-05-27,[ 08:35 ],0,158
37956,2014-05-27,[ 08:36 ],0,158
37957,2014-05-27,[ 08:37 ],0,158
37958,2014-05-27,[ 08:38 ],0,159
37959,2014-05-27,[ 08:39 ],0,158
37960,2014-05-27,[ 08:40 ],0,157
37961,2014-05-27,[ 08:41 ],0,159
37962,2014-05-27,[ 08:42 ],0,159
37963,2014-05-27,[ 08:43 ],0,160
37964,2014-05-27,[ 08:44 ],0,157
37965,2014-05-27,[ 08:45 ],0,157
37966,2014-05-27,[ 08:46 ],0,160
37967,2014-05-27,[ 08:47 ],0,159
37968,2014-05-27,[ 08:48 ],0,160
37969,2014-05-27,[ 08:49 ],0,157
37970,2014-05-27,[ 08:50 ],0,158
37971,2014-05-27,[ 08:51 ],0,158
37972,2014-05-27,[ 08:52 ],0,158
37973,2014-05-27,[ 08:53 ],0,158
37974,2014-05-27,[ 08:54 ],0,159
37975,2014-05-27,[ 08:55 ],0,158
37976,2014-05-27,[ 08:56 ],0,159
37977,2014-05-27,[ 08:57 ],0,158
37978,2014-05-27,[ 08:58 ],0,159
37979,2014-05-27,[ 08:59 ],0,159
37980,2014-05-27,[ 09:00 ],0,157
37981,2014-05-27,[ 09:01 ],0,155
37982,2014-05-27,[ 09:02 ],0,152
37983,2014-05-27,[ 09:03 ],0,155
37984,2014-05-27,[ 09:04 ],0,154
37985,2014-05-27,[ 09:05 ],0,152
37986,2014-05-27,[ 09:06 ],0,151
37987,2014-05-27,[ 09:07 ],0,151
37988,2014-05-27,[ 09:08 ],0,151
37989,2014-05-27,[ 09:09 ],0,153
37990,2014-05-27,[ 09:10 ],0,152
37991,2014-05-27,[ 09:11 ],0,932
37992,2014-05-27,[ 09:12 ],0,205
37993,2014-05-27,[ 09:13 ],0,205
37994,2014-05-27,[ 09:14 ],0,206
37995,2014-05-27,[ 09:15 ],0,205
37996,2014-05-27,[ 09:16 ],0,203
37997,2014-05-27,[ 09:17 ],0,205
37998,2014-05-27,[ 09:18 ],0,204
37999,2014-05-27,[ 09:19 ],0,205
38000,2014-05-27,[ 09:20 ],0,219
38001,2014-05-27,[ 09:21 ],0,218
38002,2014-05-27,[ 09:22 ],0,218
38003,2014-05-27,[ 09:23 ],0,165
38004,2014-05-27,[ 09:24 ],0,165
38005,2014-05-27,[ 09:25 ],0,166
38006,2014-05-27,[ 09:26 ],0,163
38007,2014-05-27,[ 09:27 ],0,165
38008,2014-05-27,[ 09:28 ],0,165
38009,2014-05-27,[ 09:29 ],0,165
38010,2014-05-27,[ 09:30 ],0,166
38011,2014-05-27,[ 09:31 ],0,165
38012,2014-05-27,[ 09:32 ],0,165
38013,2014-05-27,[ 09:33 ],0,163
38014,2014-05-27,[ 09:34 ],0,162
38015,2014-05-27,[ 09:35 ],0,163
38016,2014-05-27,[ 09:36 ],0,165
38017,2014-05-27,[ 09:37 ],0,163
38018,2014-05-27,[ 09:38 ],0,165
38019,2014-05-27,[ 09:39 ],0,165
38020,2014-05-27,[ 09:40 ],0,226
38021,2014-05-27,[ 09:41 ],0,237
38022,2014-05-27,[ 09:42 ],0,227
38023,2014-05-27,[ 09:43 ],0,231
38024,2014-05-27,[ 09:44 ],0,235
38025,2014-05-27,[ 09:45 ],0,236
38026,2014-05-27,[ 09:46 ],0,237
38027,2014-05-27,[ 09:47 ],0,236
38028,2014-05-27,[ 09:48 ],0,235
38029,2014-05-27,[ 09:49 ],0,232
38030,2014-05-27,[ 09:50 ],0,235
38031,2014-05-27,[ 09:51 ],0,234
38032,2014-05-27,[ 09:52 ],0,232
38033,2014-05-27,[ 09:53 ],0,234
38034,2014-05-27,[ 09:54 ],0,231
38035,2014-05-27,[ 09:55 ],0,216
38036,2014-05-27,[ 09:56 ],0,216
38037,2014-05-27,[ 09:57 ],0,216
38038,2014-05-27,[ 09:58 ],0,216
38039,2014-05-27,[ 09:59 ],0,216
38040,2014-05-27,[ 10:00 ],0,218
38041,2014-05-27,[ 10:01 ],0,217
38042,2014-05-27,[ 10:02 ],0,216
38043,2014-05-27,[ 10:03 ],0,219
38044,2014-05-27,[ 10:04 ],0,216
38045,2014-05-27,[ 10:05 ],0,215
38046,2014-05-27,[ 10:06 ],0,217
38047,2014-05-27,[ 10:07 ],0,217
38048,2014-05-27,[ 10:08 ],0,216
38049,2014-05-27,[ 10:09 ],0,217
38050,2014-05-27,[ 10:10 ],0,215
38051,2014-05-27,[ 10:11 ],0,217
38052,2014-05-27,[ 10:12 ],0,217
38053,2014-05-27,[ 10:13 ],0,215
38054,2014-05-27,[ 10:14 ],0,214
38055,2014-05-27,[ 10:15 ],0,213
38056,2014-05-27,[ 10:16 ],0,213
38057,2014-05-27,[ 10:17 ],0,161
38058,2014-05-27,[ 10:18 ],0,160
38059,2014-05-27,[ 10:19 ],0,160
38060,2014-05-27,[ 10:20 ],0,160
38061,2014-05-27,[ 10:21 ],0,160
38062,2014-05-27,[ 10:22 ],0,161
38063,2014-05-27,[ 10:23 ],0,162
38064,2014-05-27,[ 10:24 ],0,160
38065,2014-05-27,[ 10:25 ],0,161
38066,2014-05-27,[ 10:26 ],0,160
38067,2014-05-27,[ 10:27 ],0,160
38068,2014-05-27,[ 10:28 ],0,162
38069,2014-05-27,[ 10:29 ],0,153
38070,2014-05-27,[ 10:30 ],0,153
38071,2014-05-27,[ 10:31 ],0,152
38072,2014-05-27,[ 10:32 ],0,154
38073,2014-05-27,[ 10:33 ],0,153
38074,2014-05-27,[ 10:34 ],0,154
38075,2014-05-27,[ 10:35 ],0,154
38076,2014-05-27,[ 10:36 ],0,154
38077,2014-05-27,[ 10:37 ],0,153
38078,2014-05-27,[ 10:38 ],0,155
38079,2014-05-27,[ 10:39 ],0,153
38080,2014-05-27,[ 10:40 ],0,155
38081,2014-05-27,[ 10:41 ],0,156
38082,2014-05-27,[ 10:42 ],0,155
38083,2014-05-27,[ 10:43 ],0,155
38084,2014-05-27,[ 10:44 ],0,153
38085,2014-05-27,[ 10:45 ],0,153
38086,2014-05-27,[ 10:46 ],0,155
38087,2014-05-27,[ 10:47 ],0,155
38088,2014-05-27,[ 10:48 ],0,154
38089,2014-05-27,[ 10:49 ],0,154
38090,2014-05-27,[ 10:50 ],0,155
38091,2014-05-27,[ 10:51 ],0,153
38092,2014-05-27,[ 10:52 ],0,151
38093,2014-05-27,[ 10:53 ],0,152
38094,2014-05-27,[ 10:54 ],0,161
38095,2014-05-27,[ 10:55 ],0,165
38096,2014-05-27,[ 10:56 ],0,163
38097,2014-05-27,[ 10:57 ],0,171
38098,2014-05-27,[ 10:58 ],0,171
38099,2014-05-27,[ 10:59 ],0,243
38100,2014-05-27,[ 11:00 ],0,238
38101,2014-05-27,[ 11:01 ],0,238
38102,2014-05-27,[ 11:02 ],0,237
38103,2014-05-27,[ 11:03 ],0,237
38104,2014-05-27,[ 11:04 ],0,238
38105,2014-05-27,[ 11:05 ],0,234
38106,2014-05-27,[ 11:06 ],0,232
38107,2014-05-27,[ 11:07 ],0,232
38108,2014-05-27,[ 11:08 ],0,234
38109,2014-05-27,[ 11:09 ],0,231
38110,2014-05-27,[ 11:10 ],0,226
38111,2014-05-27,[ 11:11 ],0,171
38112,2014-05-27,[ 11:12 ],0,171
38113,2014-05-27,[ 11:13 ],0,172
38114,2014-05-27,[ 11:14 ],0,172
38115,2014-05-27,[ 11:15 ],0,172
38116,2014-05-27,[ 11:16 ],0,171
38117,2014-05-27,[ 11:17 ],0,172
38118,2014-05-27,[ 11:18 ],0,171
38119,2014-05-27,[ 11:19 ],0,172
38120,2014-05-27,[ 11:20 ],0,172
38121,2014-05-27,[ 11:21 ],0,172
38122,2014-05-27,[ 11:22 ],0,173
38123,2014-05-27,[ 11:23 ],0,172
38124,2014-05-27,[ 11:24 ],0,171
38125,2014-05-27,[ 11:25 ],0,171
38126,2014-05-27,[ 11:26 ],0,171
38127,2014-05-27,[ 11:27 ],0,171
38128,2014-05-27,[ 11:28 ],0,171
38129,2014-05-27,[ 11:29 ],0,172
38130,2014-05-27,[ 11:30 ],0,171
38131,2014-05-27,[ 11:31 ],0,170
38132,2014-05-27,[ 11:32 ],0,171
38133,2014-05-27,[ 11:33 ],0,171
38134,2014-05-27,[ 11:34 ],0,171
38135,2014-05-27,[ 11:35 ],0,173
38136,2014-05-27,[ 11:36 ],0,171
38137,2014-05-27,[ 11:37 ],0,157
38138,2014-05-27,[ 11:38 ],0,158
38139,2014-05-27,[ 11:39 ],0,160
38140,2014-05-27,[ 11:40 ],0,158
38141,2014-05-27,[ 11:41 ],0,156
38142,2014-05-27,[ 11:42 ],0,149
38143,2014-05-27,[ 11:43 ],0,151
38144,2014-05-27,[ 11:44 ],0,151
38145,2014-05-27,[ 11:45 ],0,151
38146,2014-05-27,[ 11:46 ],0,153
38147,2014-05-27,[ 11:47 ],0,151
38148,2014-05-27,[ 11:48 ],0,152
38149,2014-05-27,[ 11:49 ],0,152
38150,2014-05-27,[ 11:50 ],0,151
38151,2014-05-27,[ 11:51 ],0,153
38152,2014-05-27,[ 11:52 ],0,174
38153,2014-05-27,[ 11:53 ],0,165
38154,2014-05-27,[ 11:54 ],0,162
38155,2014-05-27,[ 11:55 ],0,163
38156,2014-05-27,[ 11:56 ],0,163
38157,2014-05-27,[ 11:57 ],0,162
38158,2014-05-27,[ 11:58 ],0,163
38159,2014-05-27,[ 11:59 ],0,377
38160,2014-05-27,[ 12:00 ],0,380
38161,2014-05-27,[ 12:01 ],0,380
38162,2014-05-27,[ 12:02 ],0,381
38163,2014-05-27,[ 12:03 ],0,381
38164,2014-05-27,[ 12:04 ],0,380
38165,2014-05-27,[ 12:05 ],0,381
38166,2014-05-27,[ 12:06 ],0,382
38167,2014-05-27,[ 12:07 ],0,380
38168,2014-05-27,[ 12:08 ],0,378
38169,2014-05-27,[ 12:09 ],0,377
38170,2014-05-27,[ 12:10 ],0,165
38171,2014-05-27,[ 12:11 ],0,171
38172,2014-05-27,[ 12:12 ],0,170
38173,2014-05-27,[ 12:13 ],0,171
38174,2014-05-27,[ 12:14 ],0,171
38175,2014-05-27,[ 12:15 ],0,173
38176,2014-05-27,[ 12:16 ],0,173
38177,2014-05-27,[ 12:17 ],0,171
38178,2014-05-27,[ 12:18 ],0,171
38179,2014-05-27,[ 12:19 ],0,172
38180,2014-05-27,[ 12:20 ],0,171
38181,2014-05-27,[ 12:21 ],0,171
38182,2014-05-27,[ 12:22 ],0,171
38183,2014-05-27,[ 12:23 ],0,171
38184,2014-05-27,[ 12:24 ],0,304
38185,2014-05-27,[ 12:25 ],0,239
38186,2014-05-27,[ 12:26 ],0,243
38187,2014-05-27,[ 12:27 ],0,251
38188,2014-05-27,[ 12:28 ],0,249
38189,2014-05-27,[ 12:29 ],0,246
38190,2014-05-27,[ 12:30 ],0,221
38191,2014-05-27,[ 12:31 ],0,216
38192,2014-05-27,[ 12:32 ],0,217
38193,2014-05-27,[ 12:33 ],0,215
38194,2014-05-27,[ 12:34 ],0,214
38195,2014-05-27,[ 12:35 ],0,217
38196,2014-05-27,[ 12:36 ],0,213
38197,2014-05-27,[ 12:37 ],0,215
38198,2014-05-27,[ 12:38 ],0,215
38199,2014-05-27,[ 12:39 ],0,218
38200,2014-05-27,[ 12:40 ],0,212
38201,2014-05-27,[ 12:41 ],0,200
38202,2014-05-27,[ 12:42 ],0,196
38203,2014-05-27,[ 12:43 ],0,206
38204,2014-05-27,[ 12:44 ],0,208
38205,2014-05-27,[ 12:45 ],0,206
38206,2014-05-27,[ 12:46 ],0,210
38207,2014-05-27,[ 12:47 ],0,208
38208,2014-05-27,[ 12:48 ],0,208
38209,2014-05-27,[ 12:49 ],0,211
38210,2014-05-27,[ 12:50 ],0,211
38211,2014-05-27,[ 12:51 ],0,213
38212,2014-05-27,[ 12:52 ],0,210
38213,2014-05-27,[ 12:53 ],0,211
38214,2014-05-27,[ 12:54 ],0,210
38215,2014-05-27,[ 12:55 ],0,208
38216,2014-05-27,[ 12:56 ],0,210
38217,2014-05-27,[ 12:57 ],0,207
38218,2014-05-27,[ 12:58 ],0,208
38219,2014-05-27,[ 12:59 ],0,216
38220,2014-05-27,[ 13:00 ],0,223
38221,2014-05-27,[ 13:01 ],0,223
38222,2014-05-27,[ 13:02 ],0,226
38223,2014-05-27,[ 13:03 ],0,219
38224,2014-05-27,[ 13:04 ],0,218
38225,2014-05-27,[ 13:05 ],0,217
38226,2014-05-27,[ 13:06 ],0,216
38227,2014-05-27,[ 13:07 ],0,215
38228,2014-05-27,[ 13:08 ],0,213
38229,2014-05-27,[ 13:09 ],0,213
38230,2014-05-27,[ 13:10 ],0,213
38231,2014-05-27,[ 13:11 ],0,211
38232,2014-05-27,[ 13:12 ],0,211
38233,2014-05-27,[ 13:13 ],0,212
38234,2014-05-27,[ 13:14 ],0,211
38235,2014-05-27,[ 13:15 ],0,210
38236,2014-05-27,[ 13:16 ],0,210
38237,2014-05-27,[ 13:17 ],0,210
38238,2014-05-27,[ 13:18 ],0,206
38239,2014-05-27,[ 13:19 ],0,206
38240,2014-05-27,[ 13:20 ],0,208
38241,2014-05-27,[ 13:21 ],0,205
38242,2014-05-27,[ 13:22 ],0,214
38243,2014-05-27,[ 13:23 ],0,199
38244,2014-05-27,[ 13:24 ],0,160
38245,2014-05-27,[ 13:25 ],0,160
38246,2014-05-27,[ 13:26 ],0,157
38247,2014-05-27,[ 13:27 ],0,160
38248,2014-05-27,[ 13:28 ],0,155
38249,2014-05-27,[ 13:29 ],0,151
38250,2014-05-27,[ 13:30 ],0,150
38251,2014-05-27,[ 13:31 ],0,152
38252,2014-05-27,[ 13:32 ],0,150
38253,2014-05-27,[ 13:33 ],0,150
38254,2014-05-27,[ 13:34 ],0,152
38255,2014-05-27,[ 13:35 ],0,151
38256,2014-05-27,[ 13:36 ],0,150
38257,2014-05-27,[ 13:37 ],0,168
38258,2014-05-27,[ 13:38 ],0,163
38259,2014-05-27,[ 13:39 ],0,162
38260,2014-05-27,[ 13:40 ],0,162
38261,2014-05-27,[ 13:41 ],0,163
38262,2014-05-27,[ 13:42 ],0,163
38263,2014-05-27,[ 13:43 ],0,162
38264,2014-05-27,[ 13:44 ],0,163
38265,2014-05-27,[ 13:45 ],0,163
38266,2014-05-27,[ 13:46 ],0,163
38267,2014-05-27,[ 13:47 ],0,163
38268,2014-05-27,[ 13:48 ],0,165
38269,2014-05-27,[ 13:49 ],0,163
38270,2014-05-27,[ 13:50 ],0,165
38271,2014-05-27,[ 13:51 ],0,165
38272,2014-05-27,[ 13:52 ],0,165
38273,2014-05-27,[ 13:53 ],0,162
38274,2014-05-27,[ 13:54 ],0,163
38275,2014-05-27,[ 13:55 ],0,161
38276,2014-05-27,[ 13:56 ],0,171
38277,2014-05-27,[ 13:57 ],0,170
38278,2014-05-27,[ 13:58 ],0,171
38279,2014-05-27,[ 13:59 ],0,173
38280,2014-05-27,[ 14:00 ],0,173
38281,2014-05-27,[ 14:01 ],0,173
38282,2014-05-27,[ 14:02 ],0,171
38283,2014-05-27,[ 14:03 ],0,173
38284,2014-05-27,[ 14:04 ],0,173
38285,2014-05-27,[ 14:05 ],0,173
38286,2014-05-27,[ 14:06 ],0,171
38287,2014-05-27,[ 14:07 ],0,172
38288,2014-05-27,[ 14:08 ],0,171
38289,2014-05-27,[ 14:09 ],0,171
38290,2014-05-27,[ 14:10 ],0,160
38291,2014-05-27,[ 14:11 ],0,159
38292,2014-05-27,[ 14:12 ],0,159
38293,2014-05-27,[ 14:13 ],0,222
38294,2014-05-27,[ 14:14 ],0,219
38295,2014-05-27,[ 14:15 ],0,216
38296,2014-05-27,[ 14:16 ],0,213
38297,2014-05-27,[ 14:17 ],0,215
38298,2014-05-27,[ 14:18 ],0,214
38299,2014-05-27,[ 14:19 ],0,214
38300,2014-05-27,[ 14:20 ],0,211
38301,2014-05-27,[ 14:21 ],0,217
38302,2014-05-27,[ 14:22 ],0,212
38303,2014-05-27,[ 14:23 ],0,212
38304,2014-05-27,[ 14:24 ],0,212
38305,2014-05-27,[ 14:25 ],0,161
38306,2014-05-27,[ 14:26 ],0,158
38307,2014-05-27,[ 14:27 ],0,160
38308,2014-05-27,[ 14:28 ],0,160
38309,2014-05-27,[ 14:29 ],0,160
38310,2014-05-27,[ 14:30 ],0,160
38311,2014-05-27,[ 14:31 ],0,159
38312,2014-05-27,[ 14:32 ],0,160
38313,2014-05-27,[ 14:33 ],0,162
38314,2014-05-27,[ 14:34 ],0,160
38315,2014-05-27,[ 14:35 ],0,160
38316,2014-05-27,[ 14:36 ],0,159
38317,2014-05-27,[ 14:37 ],0,157
38318,2014-05-27,[ 14:38 ],0,158
38319,2014-05-27,[ 14:39 ],0,160
38320,2014-05-27,[ 14:40 ],0,159
38321,2014-05-27,[ 14:41 ],0,159
38322,2014-05-27,[ 14:42 ],0,161
38323,2014-05-27,[ 14:43 ],0,159
38324,2014-05-27,[ 14:44 ],0,158
38325,2014-05-27,[ 14:45 ],0,158
38326,2014-05-27,[ 14:46 ],0,159
38327,2014-05-27,[ 14:47 ],0,160
38328,2014-05-27,[ 14:48 ],0,160
38329,2014-05-27,[ 14:49 ],0,159
38330,2014-05-27,[ 14:50 ],0,158
38331,2014-05-27,[ 14:51 ],0,158
38332,2014-05-27,[ 14:52 ],0,157
38333,2014-05-27,[ 14:53 ],0,180
38334,2014-05-27,[ 14:54 ],0,171
38335,2014-05-27,[ 14:55 ],0,170
38336,2014-05-27,[ 14:56 ],0,171
38337,2014-05-27,[ 14:57 ],0,172
38338,2014-05-27,[ 14:58 ],0,163
38339,2014-05-27,[ 14:59 ],0,165
38340,2014-05-27,[ 15:00 ],0,166
38341,2014-05-27,[ 15:01 ],0,169
38342,2014-05-27,[ 15:02 ],0,165
38343,2014-05-27,[ 15:03 ],0,166
38344,2014-05-27,[ 15:04 ],0,166
38345,2014-05-27,[ 15:05 ],0,163
38346,2014-05-27,[ 15:06 ],0,163
38347,2014-05-27,[ 15:07 ],0,162
38348,2014-05-27,[ 15:08 ],0,163
38349,2014-05-27,[ 15:09 ],0,163
38350,2014-05-27,[ 15:10 ],0,162
38351,2014-05-27,[ 15:11 ],0,162
38352,2014-05-27,[ 15:12 ],0,235
38353,2014-05-27,[ 15:13 ],0,227
38354,2014-05-27,[ 15:14 ],0,221
38355,2014-05-27,[ 15:15 ],0,219
38356,2014-05-27,[ 15:16 ],0,219
38357,2014-05-27,[ 15:17 ],0,219
38358,2014-05-27,[ 15:18 ],0,223
38359,2014-05-27,[ 15:19 ],0,222
38360,2014-05-27,[ 15:20 ],0,222
38361,2014-05-27,[ 15:21 ],0,222
38362,2014-05-27,[ 15:22 ],0,222
38363,2014-05-27,[ 15:23 ],0,221
38364,2014-05-27,[ 15:24 ],0,218
38365,2014-05-27,[ 15:25 ],0,207
38366,2014-05-27,[ 15:26 ],0,202
38367,2014-05-27,[ 15:27 ],0,204
38368,2014-05-27,[ 15:28 ],0,204
38369,2014-05-27,[ 15:29 ],0,206
38370,2014-05-27,[ 15:30 ],0,202
38371,2014-05-27,[ 15:31 ],0,204
38372,2014-05-27,[ 15:32 ],0,205
38373,2014-05-27,[ 15:33 ],0,204
38374,2014-05-27,[ 15:34 ],0,204
38375,2014-05-27,[ 15:35 ],0,204
38376,2014-05-27,[ 15:36 ],0,205
38377,2014-05-27,[ 15:37 ],0,204
38378,2014-05-27,[ 15:38 ],0,207
38379,2014-05-27,[ 15:39 ],0,205
38380,2014-05-27,[ 15:40 ],0,205
38381,2014-05-27,[ 15:41 ],0,205
38382,2014-05-27,[ 15:42 ],0,204
38383,2014-05-27,[ 15:43 ],0,201
38384,2014-05-27,[ 15:44 ],0,204
38385,2014-05-27,[ 15:45 ],0,201
38386,2014-05-27,[ 15:46 ],0,203
38387,2014-05-27,[ 15:47 ],0,203
38388,2014-05-27,[ 15:48 ],0,204
38389,2014-05-27,[ 15:49 ],0,204
38390,2014-05-27,[ 15:50 ],0,226
38391,2014-05-27,[ 15:51 ],0,217
38392,2014-05-27,[ 15:52 ],0,213
38393,2014-05-27,[ 15:53 ],0,208
38394,2014-05-27,[ 15:54 ],0,170
38395,2014-05-27,[ 15:55 ],0,170
38396,2014-05-27,[ 15:56 ],0,170
38397,2014-05-27,[ 15:57 ],0,172
38398,2014-05-27,[ 15:58 ],0,171
38399,2014-05-27,[ 15:59 ],0,171
38400,2014-05-27,[ 16:00 ],0,173
38401,2014-05-27,[ 16:01 ],0,173
38402,2014-05-27,[ 16:02 ],0,174
38403,2014-05-27,[ 16:03 ],0,173
38404,2014-05-27,[ 16:04 ],0,175
38405,2014-05-27,[ 16:05 ],0,173
38406,2014-05-27,[ 16:06 ],0,171
38407,2014-05-27,[ 16:07 ],0,173
38408,2014-05-27,[ 16:08 ],0,172
38409,2014-05-27,[ 16:09 ],0,172
38410,2014-05-27,[ 16:10 ],0,171
38411,2014-05-27,[ 16:11 ],0,174
38412,2014-05-27,[ 16:12 ],0,171
38413,2014-05-27,[ 16:13 ],0,173
38414,2014-05-27,[ 16:14 ],0,172
38415,2014-05-27,[ 16:15 ],0,171
38416,2014-05-27,[ 16:16 ],0,172
38417,2014-05-27,[ 16:17 ],0,172
38418,2014-05-27,[ 16:18 ],0,171
38419,2014-05-27,[ 16:19 ],0,172
38420,2014-05-27,[ 16:20 ],0,171
38421,2014-05-27,[ 16:21 ],0,171
38422,2014-05-27,[ 16:22 ],0,172
38423,2014-05-27,[ 16:23 ],0,173
38424,2014-05-27,[ 16:24 ],0,172
38425,2014-05-27,[ 16:25 ],0,172
38426,2014-05-27,[ 16:26 ],0,173
38427,2014-05-27,[ 16:27 ],0,170
38428,2014-05-27,[ 16:28 ],0,172
38429,2014-05-27,[ 16:29 ],0,172
38430,2014-05-27,[ 16:30 ],0,171
38431,2014-05-27,[ 16:31 ],0,171
38432,2014-05-27,[ 16:32 ],0,172
38433,2014-05-27,[ 16:33 ],0,171
38434,2014-05-27,[ 16:34 ],0,172
38435,2014-05-27,[ 16:35 ],0,172
38436,2014-05-27,[ 16:36 ],0,249
38437,2014-05-27,[ 16:37 ],0,238
38438,2014-05-27,[ 16:38 ],0,234
38439,2014-05-27,[ 16:39 ],0,234
38440,2014-05-27,[ 16:40 ],0,214
38441,2014-05-27,[ 16:41 ],0,213
38442,2014-05-27,[ 16:42 ],0,213
38443,2014-05-27,[ 16:43 ],0,212
38444,2014-05-27,[ 16:44 ],0,212
38445,2014-05-27,[ 16:45 ],0,212
38446,2014-05-27,[ 16:46 ],0,211
38447,2014-05-27,[ 16:47 ],0,212
38448,2014-05-27,[ 16:48 ],0,158
38449,2014-05-27,[ 16:49 ],0,158
38450,2014-05-27,[ 16:50 ],0,160
38451,2014-05-27,[ 16:51 ],0,157
38452,2014-05-27,[ 16:52 ],0,156
38453,2014-05-27,[ 16:53 ],0,157
38454,2014-05-27,[ 16:54 ],0,158
38455,2014-05-27,[ 16:55 ],0,158
38456,2014-05-27,[ 16:56 ],0,158
38457,2014-05-27,[ 16:57 ],0,157
38458,2014-05-27,[ 16:58 ],0,152
38459,2014-05-27,[ 16:59 ],0,151
38460,2014-05-27,[ 17:00 ],0,155
38461,2014-05-27,[ 17:01 ],0,153
38462,2014-05-27,[ 17:02 ],0,153
38463,2014-05-27,[ 17:03 ],0,153
38464,2014-05-27,[ 17:04 ],0,153
38465,2014-05-27,[ 17:05 ],0,154
38466,2014-05-27,[ 17:06 ],0,160
38467,2014-05-27,[ 17:07 ],0,163
38468,2014-05-27,[ 17:08 ],0,162
38469,2014-05-27,[ 17:09 ],0,162
38470,2014-05-27,[ 17:10 ],0,162
38471,2014-05-27,[ 17:11 ],0,161
38472,2014-05-27,[ 17:12 ],0,163
38473,2014-05-27,[ 17:13 ],0,163
38474,2014-05-27,[ 17:14 ],0,161
38475,2014-05-27,[ 17:15 ],0,163
38476,2014-05-27,[ 17:16 ],0,163
38477,2014-05-27,[ 17:17 ],0,162
38478,2014-05-27,[ 17:18 ],0,163
38479,2014-05-27,[ 17:19 ],0,163
38480,2014-05-27,[ 17:20 ],0,163
38481,2014-05-27,[ 17:21 ],0,162
38482,2014-05-27,[ 17:22 ],0,163
38483,2014-05-27,[ 17:23 ],0,163
38484,2014-05-27,[ 17:24 ],0,161
38485,2014-05-27,[ 17:25 ],0,162
38486,2014-05-27,[ 17:26 ],0,161
38487,2014-05-27,[ 17:27 ],0,162
38488,2014-05-27,[ 17:28 ],0,163
38489,2014-05-27,[ 17:29 ],0,162
38490,2014-05-27,[ 17:30 ],0,163
38491,2014-05-27,[ 17:31 ],0,163
38492,2014-05-27,[ 17:32 ],0,162
38493,2014-05-27,[ 17:33 ],0,165
38494,2014-05-27,[ 17:34 ],0,163
38495,2014-05-27,[ 17:35 ],0,163
38496,2014-05-27,[ 17:36 ],0,163
38497,2014-05-27,[ 17:37 ],0,247
38498,2014-05-27,[ 17:38 ],0,221
38499,2014-05-27,[ 17:39 ],0,232
38500,2014-05-27,[ 17:40 ],0,234
38501,2014-05-27,[ 17:41 ],0,236
38502,2014-05-27,[ 17:42 ],0,234
38503,2014-05-27,[ 17:43 ],0,234
38504,2014-05-27,[ 17:44 ],0,234
38505,2014-05-27,[ 17:45 ],0,236
38506,2014-05-27,[ 17:46 ],0,229
38507,2014-05-27,[ 17:47 ],0,231
38508,2014-05-27,[ 17:48 ],0,225
38509,2014-05-27,[ 17:49 ],0,176
38510,2014-05-27,[ 17:50 ],0,172
38511,2014-05-27,[ 17:51 ],0,172
38512,2014-05-27,[ 17:52 ],0,171
38513,2014-05-27,[ 17:53 ],0,172
38514,2014-05-27,[ 17:54 ],0,172
38515,2014-05-27,[ 17:55 ],0,175
38516,2014-05-27,[ 17:56 ],0,173
38517,2014-05-27,[ 17:57 ],0,171
38518,2014-05-27,[ 17:58 ],0,171
38519,2014-05-27,[ 17:59 ],0,171
38520,2014-05-27,[ 18:00 ],0,173
38521,2014-05-27,[ 18:01 ],0,173
38522,2014-05-27,[ 18:02 ],0,171
38523,2014-05-27,[ 18:03 ],0,171
38524,2014-05-27,[ 18:04 ],0,172
38525,2014-05-27,[ 18:05 ],0,171
38526,2014-05-27,[ 18:06 ],0,171
38527,2014-05-27,[ 18:07 ],0,172
38528,2014-05-27,[ 18:08 ],0,222
38529,2014-05-27,[ 18:09 ],0,219
38530,2014-05-27,[ 18:10 ],0,213
38531,2014-05-27,[ 18:11 ],0,214
38532,2014-05-27,[ 18:12 ],0,217
38533,2014-05-27,[ 18:13 ],0,217
38534,2014-05-27,[ 18:14 ],0,219
38535,2014-05-27,[ 18:15 ],0,221
38536,2014-05-27,[ 18:16 ],0,219
38537,2014-05-27,[ 18:17 ],0,216
38538,2014-05-27,[ 18:18 ],0,215
38539,2014-05-27,[ 18:19 ],0,217
38540,2014-05-27,[ 18:20 ],0,218
38541,2014-05-27,[ 18:21 ],0,218
38542,2014-05-27,[ 18:22 ],0,216
38543,2014-05-27,[ 18:23 ],0,293
38544,2014-05-27,[ 18:24 ],0,298
38545,2014-05-27,[ 18:25 ],0,285
38546,2014-05-27,[ 18:26 ],0,278
38547,2014-05-27,[ 18:27 ],0,273
38548,2014-05-27,[ 18:28 ],0,287
38549,2014-05-27,[ 18:29 ],0,276
38550,2014-05-27,[ 18:30 ],0,274
38551,2014-05-27,[ 18:31 ],0,271
38552,2014-05-27,[ 18:32 ],0,270
38553,2014-05-27,[ 18:33 ],0,269
38554,2014-05-27,[ 18:34 ],0,273
38555,2014-05-27,[ 18:35 ],0,271
38556,2014-05-27,[ 18:36 ],0,295
38557,2014-05-27,[ 18:37 ],0,289
38558,2014-05-27,[ 18:38 ],0,288
38559,2014-05-27,[ 18:39 ],0,300
38560,2014-05-27,[ 18:40 ],0,307
38561,2014-05-27,[ 18:41 ],0,298
38562,2014-05-27,[ 18:42 ],0,317
38563,2014-05-27,[ 18:43 ],0,308
38564,2014-05-27,[ 18:44 ],0,295
38565,2014-05-27,[ 18:45 ],0,295
38566,2014-05-27,[ 18:46 ],0,215
38567,2014-05-27,[ 18:47 ],0,216
38568,2014-05-27,[ 18:48 ],0,219
38569,2014-05-27,[ 18:49 ],0,232
38570,2014-05-27,[ 18:50 ],0,218
38571,2014-05-27,[ 18:51 ],0,229
38572,2014-05-27,[ 18:52 ],0,219
38573,2014-05-27,[ 18:53 ],0,218
38574,2014-05-27,[ 18:54 ],0,221
38575,2014-05-27,[ 18:55 ],0,217
38576,2014-05-27,[ 18:56 ],0,217
38577,2014-05-27,[ 18:57 ],0,218
38578,2014-05-27,[ 18:58 ],0,217
38579,2014-05-27,[ 18:59 ],0,217
38580,2014-05-27,[ 19:00 ],0,219
38581,2014-05-27,[ 19:01 ],0,218
38582,2014-05-27,[ 19:02 ],0,218
38583,2014-05-27,[ 19:03 ],0,238
38584,2014-05-27,[ 19:04 ],0,170
38585,2014-05-27,[ 19:05 ],0,168
38586,2014-05-27,[ 19:06 ],0,166
38587,2014-05-27,[ 19:07 ],0,165
38588,2014-05-27,[ 19:08 ],0,163
38589,2014-05-27,[ 19:09 ],0,166
38590,2014-05-27,[ 19:10 ],0,163
38591,2014-05-27,[ 19:11 ],0,163
38592,2014-05-27,[ 19:12 ],0,163
38593,2014-05-27,[ 19:13 ],0,165
38594,2014-05-27,[ 19:14 ],0,165
38595,2014-05-27,[ 19:15 ],0,163
38596,2014-05-27,[ 19:16 ],0,167
38597,2014-05-27,[ 19:17 ],0,169
38598,2014-05-27,[ 19:18 ],0,169
38599,2014-05-27,[ 19:19 ],0,165
38600,2014-05-27,[ 19:20 ],0,166
38601,2014-05-27,[ 19:21 ],0,165
38602,2014-05-27,[ 19:22 ],0,166
38603,2014-05-27,[ 19:23 ],0,166
38604,2014-05-27,[ 19:24 ],0,165
38605,2014-05-27,[ 19:25 ],0,171
38606,2014-05-27,[ 19:26 ],0,172
38607,2014-05-27,[ 19:27 ],0,172
38608,2014-05-27,[ 19:28 ],0,173
38609,2014-05-27,[ 19:29 ],0,288
38610,2014-05-27,[ 19:30 ],0,242
38611,2014-05-27,[ 19:31 ],0,237
38612,2014-05-27,[ 19:32 ],0,236
38613,2014-05-27,[ 19:33 ],0,232
38614,2014-05-27,[ 19:34 ],0,217
38615,2014-05-27,[ 19:35 ],0,217
38616,2014-05-27,[ 19:36 ],0,215
38617,2014-05-27,[ 19:37 ],0,215
38618,2014-05-27,[ 19:38 ],0,214
38619,2014-05-27,[ 19:39 ],0,215
38620,2014-05-27,[ 19:40 ],0,214
38621,2014-05-27,[ 19:41 ],0,161
38622,2014-05-27,[ 19:42 ],0,160
38623,2014-05-27,[ 19:43 ],0,161
38624,2014-05-27,[ 19:44 ],0,160
38625,2014-05-27,[ 19:45 ],0,160
38626,2014-05-27,[ 19:46 ],0,161
38627,2014-05-27,[ 19:47 ],0,160
38628,2014-05-27,[ 19:48 ],0,160
38629,2014-05-27,[ 19:49 ],0,163
38630,2014-05-27,[ 19:50 ],0,162
38631,2014-05-27,[ 19:51 ],0,162
38632,2014-05-27,[ 19:52 ],0,162
38633,2014-05-27,[ 19:53 ],0,161
38634,2014-05-27,[ 19:54 ],0,160
38635,2014-05-27,[ 19:55 ],0,162
38636,2014-05-27,[ 19:56 ],0,162
38637,2014-05-27,[ 19:57 ],0,162
38638,2014-05-27,[ 19:58 ],0,159
38639,2014-05-27,[ 19:59 ],0,160
38640,2014-05-27,[ 20:00 ],0,163
38641,2014-05-27,[ 20:01 ],0,163
38642,2014-05-27,[ 20:02 ],0,162
38643,2014-05-27,[ 20:03 ],0,163
38644,2014-05-27,[ 20:04 ],0,162
38645,2014-05-27,[ 20:05 ],0,171
38646,2014-05-27,[ 20:06 ],0,173
38647,2014-05-27,[ 20:07 ],0,173
38648,2014-05-27,[ 20:08 ],0,171
38649,2014-05-27,[ 20:09 ],0,163
38650,2014-05-27,[ 20:10 ],0,163
38651,2014-05-27,[ 20:11 ],0,163
38652,2014-05-27,[ 20:12 ],0,163
38653,2014-05-27,[ 20:13 ],0,163
38654,2014-05-27,[ 20:14 ],0,163
38655,2014-05-27,[ 20:15 ],0,166
38656,2014-05-27,[ 20:16 ],0,166
38657,2014-05-27,[ 20:17 ],0,163
38658,2014-05-27,[ 20:18 ],0,166
38659,2014-05-27,[ 20:19 ],0,163
38660,2014-05-27,[ 20:20 ],0,163
38661,2014-05-27,[ 20:21 ],0,163
38662,2014-05-27,[ 20:22 ],0,163
38663,2014-05-27,[ 20:23 ],0,162
38664,2014-05-27,[ 20:24 ],0,163
38665,2014-05-27,[ 20:25 ],0,163
38666,2014-05-27,[ 20:26 ],0,162
38667,2014-05-27,[ 20:27 ],0,162
38668,2014-05-27,[ 20:28 ],0,163
38669,2014-05-27,[ 20:29 ],0,163
38670,2014-05-27,[ 20:30 ],0,253
38671,2014-05-27,[ 20:31 ],0,231
38672,2014-05-27,[ 20:32 ],0,219
38673,2014-05-27,[ 20:33 ],0,222
38674,2014-05-27,[ 20:34 ],0,223
38675,2014-05-27,[ 20:35 ],0,222
38676,2014-05-27,[ 20:36 ],0,218
38677,2014-05-27,[ 20:37 ],0,221
38678,2014-05-27,[ 20:38 ],0,219
38679,2014-05-27,[ 20:39 ],0,218
38680,2014-05-27,[ 20:40 ],0,218
38681,2014-05-27,[ 20:41 ],0,217
38682,2014-05-27,[ 20:42 ],0,170
38683,2014-05-27,[ 20:43 ],0,171
38684,2014-05-27,[ 20:44 ],0,173
38685,2014-05-27,[ 20:45 ],0,171
38686,2014-05-27,[ 20:46 ],0,171
38687,2014-05-27,[ 20:47 ],0,171
38688,2014-05-27,[ 20:48 ],0,171
38689,2014-05-27,[ 20:49 ],0,173
38690,2014-05-27,[ 20:50 ],0,173
38691,2014-05-27,[ 20:51 ],0,172
38692,2014-05-27,[ 20:52 ],0,173
38693,2014-05-27,[ 20:53 ],0,172
38694,2014-05-27,[ 20:54 ],0,174
38695,2014-05-27,[ 20:55 ],0,174
38696,2014-05-27,[ 20:56 ],0,172
38697,2014-05-27,[ 20:57 ],0,172
38698,2014-05-27,[ 20:58 ],0,174
38699,2014-05-27,[ 20:59 ],0,175
38700,2014-05-27,[ 21:00 ],0,175
38701,2014-05-27,[ 21:01 ],0,242
38702,2014-05-27,[ 21:02 ],0,239
38703,2014-05-27,[ 21:03 ],0,229
38704,2014-05-27,[ 21:04 ],0,236
38705,2014-05-27,[ 21:05 ],0,238
38706,2014-05-27,[ 21:06 ],0,237
38707,2014-05-27,[ 21:07 ],0,231
38708,2014-05-27,[ 21:08 ],0,218
38709,2014-05-27,[ 21:09 ],0,218
38710,2014-05-27,[ 21:10 ],0,215
38711,2014-05-27,[ 21:11 ],0,214
38712,2014-05-27,[ 21:12 ],0,214
38713,2014-05-27,[ 21:13 ],0,215
38714,2014-05-27,[ 21:14 ],0,216
38715,2014-05-27,[ 21:15 ],0,216
38716,2014-05-27,[ 21:16 ],0,217
38717,2014-05-27,[ 21:17 ],0,232
38718,2014-05-27,[ 21:18 ],0,234
38719,2014-05-27,[ 21:19 ],0,234
38720,2014-05-27,[ 21:20 ],0,234
38721,2014-05-27,[ 21:21 ],0,236
38722,2014-05-27,[ 21:22 ],0,232
38723,2014-05-27,[ 21:23 ],0,235
38724,2014-05-27,[ 21:24 ],0,236
38725,2014-05-27,[ 21:25 ],0,236
38726,2014-05-27,[ 21:26 ],0,235
38727,2014-05-27,[ 21:27 ],0,237
38728,2014-05-27,[ 21:28 ],0,236
38729,2014-05-27,[ 21:29 ],0,235
38730,2014-05-27,[ 21:30 ],0,236
38731,2014-05-27,[ 21:31 ],0,237
38732,2014-05-27,[ 21:32 ],0,237
38733,2014-05-27,[ 21:33 ],0,236
38734,2014-05-27,[ 21:34 ],0,237
38735,2014-05-27,[ 21:35 ],0,236
38736,2014-05-27,[ 21:36 ],0,212
38737,2014-05-27,[ 21:37 ],0,210
38738,2014-05-27,[ 21:38 ],0,159
38739,2014-05-27,[ 21:39 ],0,159
38740,2014-05-27,[ 21:40 ],0,156
38741,2014-05-27,[ 21:41 ],0,151
38742,2014-05-27,[ 21:42 ],0,151
38743,2014-05-27,[ 21:43 ],0,151
38744,2014-05-27,[ 21:44 ],0,151
38745,2014-05-27,[ 21:45 ],0,152
38746,2014-05-27,[ 21:46 ],0,150
38747,2014-05-27,[ 21:47 ],0,149
38748,2014-05-27,[ 21:48 ],0,151
38749,2014-05-27,[ 21:49 ],0,149
38750,2014-05-27,[ 21:50 ],0,149
38751,2014-05-27,[ 21:51 ],0,150
38752,2014-05-27,[ 21:52 ],0,149
38753,2014-05-27,[ 21:53 ],0,149
38754,2014-05-27,[ 21:54 ],0,149
38755,2014-05-27,[ 21:55 ],0,155
38756,2014-05-27,[ 21:56 ],0,158
38757,2014-05-27,[ 21:57 ],0,157
38758,2014-05-27,[ 21:58 ],0,155
38759,2014-05-27,[ 21:59 ],0,157
38760,2014-05-27,[ 22:00 ],0,159
38761,2014-05-27,[ 22:01 ],0,158
38762,2014-05-27,[ 22:02 ],0,159
38763,2014-05-27,[ 22:03 ],0,160
38764,2014-05-27,[ 22:04 ],0,161
38765,2014-05-27,[ 22:05 ],0,159
38766,2014-05-27,[ 22:06 ],0,159
38767,2014-05-27,[ 22:07 ],0,159
38768,2014-05-27,[ 22:08 ],0,160
38769,2014-05-27,[ 22:09 ],0,161
38770,2014-05-27,[ 22:10 ],0,159
38771,2014-05-27,[ 22:11 ],0,160
38772,2014-05-27,[ 22:12 ],0,158
38773,2014-05-27,[ 22:13 ],0,160
38774,2014-05-27,[ 22:14 ],0,159
38775,2014-05-27,[ 22:15 ],0,159
38776,2014-05-27,[ 22:16 ],0,159
38777,2014-05-27,[ 22:17 ],0,157
38778,2014-05-27,[ 22:18 ],0,157
38779,2014-05-27,[ 22:19 ],0,171
38780,2014-05-27,[ 22:20 ],0,171
38781,2014-05-27,[ 22:21 ],0,245
38782,2014-05-27,[ 22:22 ],0,239
38783,2014-05-27,[ 22:23 ],0,231
38784,2014-05-27,[ 22:24 ],0,228
38785,2014-05-27,[ 22:25 ],0,228
38786,2014-05-27,[ 22:26 ],0,231
38787,2014-05-27,[ 22:27 ],0,232
38788,2014-05-27,[ 22:28 ],0,215
38789,2014-05-27,[ 22:29 ],0,218
38790,2014-05-27,[ 22:30 ],0,219
38791,2014-05-27,[ 22:31 ],0,216
38792,2014-05-27,[ 22:32 ],0,217
38793,2014-05-27,[ 22:33 ],0,163
38794,2014-05-27,[ 22:34 ],0,163
38795,2014-05-27,[ 22:35 ],0,163
38796,2014-05-27,[ 22:36 ],0,163
38797,2014-05-27,[ 22:37 ],0,163
38798,2014-05-27,[ 22:38 ],0,166
38799,2014-05-27,[ 22:39 ],0,163
38800,2014-05-27,[ 22:40 ],0,163
38801,2014-05-27,[ 22:41 ],0,163
38802,2014-05-27,[ 22:42 ],0,163
38803,2014-05-27,[ 22:43 ],0,165
38804,2014-05-27,[ 22:44 ],0,162
38805,2014-05-27,[ 22:45 ],0,165
38806,2014-05-27,[ 22:46 ],0,163
38807,2014-05-27,[ 22:47 ],0,165
38808,2014-05-27,[ 22:48 ],0,163
38809,2014-05-27,[ 22:49 ],0,163
38810,2014-05-27,[ 22:50 ],0,163
38811,2014-05-27,[ 22:51 ],0,163
38812,2014-05-27,[ 22:52 ],0,163
38813,2014-05-27,[ 22:53 ],0,163
38814,2014-05-27,[ 22:54 ],0,163
38815,2014-05-27,[ 22:55 ],0,165
38816,2014-05-27,[ 22:56 ],0,163
38817,2014-05-27,[ 22:57 ],0,163
38818,2014-05-27,[ 22:58 ],0,163
38819,2014-05-27,[ 22:59 ],0,165
38820,2014-05-27,[ 23:00 ],0,165
38821,2014-05-27,[ 23:01 ],0,165
38822,2014-05-27,[ 23:02 ],0,166
38823,2014-05-27,[ 23:03 ],0,166
38824,2014-05-27,[ 23:04 ],0,165
38825,2014-05-27,[ 23:05 ],0,163
38826,2014-05-27,[ 23:06 ],0,162
38827,2014-05-27,[ 23:07 ],0,153
38828,2014-05-27,[ 23:08 ],0,152
38829,2014-05-27,[ 23:09 ],0,152
38830,2014-05-27,[ 23:10 ],0,152
38831,2014-05-27,[ 23:11 ],0,154
38832,2014-05-27,[ 23:12 ],0,156
38833,2014-05-27,[ 23:13 ],0,160
38834,2014-05-27,[ 23:14 ],0,160
38835,2014-05-27,[ 23:15 ],0,159
38836,2014-05-27,[ 23:16 ],0,161
38837,2014-05-27,[ 23:17 ],0,161
38838,2014-05-27,[ 23:18 ],0,160
38839,2014-05-27,[ 23:19 ],0,162
38840,2014-05-27,[ 23:20 ],0,160
38841,2014-05-27,[ 23:21 ],0,158
38842,2014-05-27,[ 23:22 ],0,157
38843,2014-05-27,[ 23:23 ],0,344
38844,2014-05-27,[ 23:24 ],0,221
38845,2014-05-27,[ 23:25 ],0,216
38846,2014-05-27,[ 23:26 ],0,218
38847,2014-05-27,[ 23:27 ],0,217
38848,2014-05-27,[ 23:28 ],0,213
38849,2014-05-27,[ 23:29 ],0,203
38850,2014-05-27,[ 23:30 ],0,203
38851,2014-05-27,[ 23:31 ],0,202
38852,2014-05-27,[ 23:32 ],0,203
38853,2014-05-27,[ 23:33 ],0,234
38854,2014-05-27,[ 23:34 ],0,234
38855,2014-05-27,[ 23:35 ],0,163
38856,2014-05-27,[ 23:36 ],0,163
38857,2014-05-27,[ 23:37 ],0,163
38858,2014-05-27,[ 23:38 ],0,163
38859,2014-05-27,[ 23:39 ],0,163
38860,2014-05-27,[ 23:40 ],0,162
38861,2014-05-27,[ 23:41 ],0,163
38862,2014-05-27,[ 23:42 ],0,163
38863,2014-05-27,[ 23:43 ],0,242
38864,2014-05-27,[ 23:44 ],0,223
38865,2014-05-27,[ 23:45 ],0,222
38866,2014-05-27,[ 23:46 ],0,222
38867,2014-05-27,[ 23:47 ],0,219
38868,2014-05-27,[ 23:48 ],0,223
38869,2014-05-27,[ 23:49 ],0,219
38870,2014-05-27,[ 23:50 ],0,219
38871,2014-05-27,[ 23:51 ],0,221
38872,2014-05-27,[ 23:52 ],0,215
38873,2014-05-27,[ 23:53 ],0,217
38874,2014-05-27,[ 23:54 ],0,217
38875,2014-05-27,[ 23:55 ],0,300
38876,2014-05-27,[ 23:56 ],0,300
38877,2014-05-27,[ 23:57 ],0,284
38878,2014-05-27,[ 23:58 ],0,285
38879,2014-05-27,[ 23:59 ],0,286
38880,2014-05-28,[ 00:00 ],0,295
38881,2014-05-28,[ 00:01 ],0,293
38882,2014-05-28,[ 00:02 ],0,293
38883,2014-05-28,[ 00:03 ],0,291
38884,2014-05-28,[ 00:04 ],0,292
38885,2014-05-28,[ 00:05 ],0,271
38886,2014-05-28,[ 00:06 ],0,271
38887,2014-05-28,[ 00:07 ],0,270
38888,2014-05-28,[ 00:08 ],0,270
38889,2014-05-28,[ 00:09 ],0,269
38890,2014-05-28,[ 00:10 ],0,273
38891,2014-05-28,[ 00:11 ],0,272
38892,2014-05-28,[ 00:12 ],0,274
38893,2014-05-28,[ 00:13 ],0,281
38894,2014-05-28,[ 00:14 ],0,288
38895,2014-05-28,[ 00:15 ],0,288
38896,2014-05-28,[ 00:16 ],0,274
38897,2014-05-28,[ 00:17 ],0,275
38898,2014-05-28,[ 00:18 ],0,274
38899,2014-05-28,[ 00:19 ],0,274
38900,2014-05-28,[ 00:20 ],0,275
38901,2014-05-28,[ 00:21 ],0,275
38902,2014-05-28,[ 00:22 ],0,273
38903,2014-05-28,[ 00:23 ],0,272
38904,2014-05-28,[ 00:24 ],0,273
38905,2014-05-28,[ 00:25 ],0,273
38906,2014-05-28,[ 00:26 ],0,272
38907,2014-05-28,[ 00:27 ],0,281
38908,2014-05-28,[ 00:28 ],0,282
38909,2014-05-28,[ 00:29 ],0,286
38910,2014-05-28,[ 00:30 ],0,286
38911,2014-05-28,[ 00:31 ],0,287
38912,2014-05-28,[ 00:32 ],0,280
38913,2014-05-28,[ 00:33 ],0,208
38914,2014-05-28,[ 00:34 ],0,222
38915,2014-05-28,[ 00:35 ],0,210
38916,2014-05-28,[ 00:36 ],0,211
38917,2014-05-28,[ 00:37 ],0,211
38918,2014-05-28,[ 00:38 ],0,210
38919,2014-05-28,[ 00:39 ],0,212
38920,2014-05-28,[ 00:40 ],0,211
38921,2014-05-28,[ 00:41 ],0,211
38922,2014-05-28,[ 00:42 ],0,210
38923,2014-05-28,[ 00:43 ],0,211
38924,2014-05-28,[ 00:44 ],0,211
38925,2014-05-28,[ 00:45 ],0,208
38926,2014-05-28,[ 00:46 ],0,211
38927,2014-05-28,[ 00:47 ],0,211
38928,2014-05-28,[ 00:48 ],0,215
38929,2014-05-28,[ 00:49 ],0,208
38930,2014-05-28,[ 00:50 ],0,211
38931,2014-05-28,[ 00:51 ],0,211
38932,2014-05-28,[ 00:52 ],0,211
38933,2014-05-28,[ 00:53 ],0,222
38934,2014-05-28,[ 00:54 ],0,160
38935,2014-05-28,[ 00:55 ],0,159
38936,2014-05-28,[ 00:56 ],0,159
38937,2014-05-28,[ 00:57 ],0,160
38938,2014-05-28,[ 00:58 ],0,160
38939,2014-05-28,[ 00:59 ],0,160
38940,2014-05-28,[ 01:00 ],0,159
38941,2014-05-28,[ 01:01 ],0,160
38942,2014-05-28,[ 01:02 ],0,161
38943,2014-05-28,[ 01:03 ],0,160
38944,2014-05-28,[ 01:04 ],0,161
38945,2014-05-28,[ 01:05 ],0,161
38946,2014-05-28,[ 01:06 ],0,160
38947,2014-05-28,[ 01:07 ],0,158
38948,2014-05-28,[ 01:08 ],0,159
38949,2014-05-28,[ 01:09 ],0,160
38950,2014-05-28,[ 01:10 ],0,160
38951,2014-05-28,[ 01:11 ],0,159
38952,2014-05-28,[ 01:12 ],0,160
38953,2014-05-28,[ 01:13 ],0,160
38954,2014-05-28,[ 01:14 ],0,161
38955,2014-05-28,[ 01:15 ],0,161
38956,2014-05-28,[ 01:16 ],0,160
38957,2014-05-28,[ 01:17 ],0,152
38958,2014-05-28,[ 01:18 ],0,216
38959,2014-05-28,[ 01:19 ],0,203
38960,2014-05-28,[ 01:20 ],0,207
38961,2014-05-28,[ 01:21 ],0,204
38962,2014-05-28,[ 01:22 ],0,205
38963,2014-05-28,[ 01:23 ],0,205
38964,2014-05-28,[ 01:24 ],0,204
38965,2014-05-28,[ 01:25 ],0,204
38966,2014-05-28,[ 01:26 ],0,201
38967,2014-05-28,[ 01:27 ],0,202
38968,2014-05-28,[ 01:28 ],0,201
38969,2014-05-28,[ 01:29 ],0,199
38970,2014-05-28,[ 01:30 ],0,150
38971,2014-05-28,[ 01:31 ],0,150
38972,2014-05-28,[ 01:32 ],0,150
38973,2014-05-28,[ 01:33 ],0,149
38974,2014-05-28,[ 01:34 ],0,150
38975,2014-05-28,[ 01:35 ],0,149
38976,2014-05-28,[ 01:36 ],0,149
38977,2014-05-28,[ 01:37 ],0,150
38978,2014-05-28,[ 01:38 ],0,151
38979,2014-05-28,[ 01:39 ],0,151
38980,2014-05-28,[ 01:40 ],0,152
38981,2014-05-28,[ 01:41 ],0,151
38982,2014-05-28,[ 01:42 ],0,150
38983,2014-05-28,[ 01:43 ],0,150
38984,2014-05-28,[ 01:44 ],0,151
38985,2014-05-28,[ 01:45 ],0,152
38986,2014-05-28,[ 01:46 ],0,151
38987,2014-05-28,[ 01:47 ],0,151
38988,2014-05-28,[ 01:48 ],0,151
38989,2014-05-28,[ 01:49 ],0,151
38990,2014-05-28,[ 01:50 ],0,152
38991,2014-05-28,[ 01:51 ],0,151
38992,2014-05-28,[ 01:52 ],0,152
38993,2014-05-28,[ 01:53 ],0,152
38994,2014-05-28,[ 01:54 ],0,151
38995,2014-05-28,[ 01:55 ],0,151
38996,2014-05-28,[ 01:56 ],0,151
38997,2014-05-28,[ 01:57 ],0,151
38998,2014-05-28,[ 01:58 ],0,150
38999,2014-05-28,[ 01:59 ],0,149
39000,2014-05-28,[ 02:00 ],0,150
39001,2014-05-28,[ 02:01 ],0,152
39002,2014-05-28,[ 02:02 ],0,153
39003,2014-05-28,[ 02:03 ],0,153
39004,2014-05-28,[ 02:04 ],0,153
39005,2014-05-28,[ 02:05 ],0,151
39006,2014-05-28,[ 02:06 ],0,150
39007,2014-05-28,[ 02:07 ],0,150
39008,2014-05-28,[ 02:08 ],0,151
39009,2014-05-28,[ 02:09 ],0,152
39010,2014-05-28,[ 02:10 ],0,152
39011,2014-05-28,[ 02:11 ],0,149
39012,2014-05-28,[ 02:12 ],0,149
39013,2014-05-28,[ 02:13 ],0,163
39014,2014-05-28,[ 02:14 ],0,156
39015,2014-05-28,[ 02:15 ],0,158
39016,2014-05-28,[ 02:16 ],0,156
39017,2014-05-28,[ 02:17 ],0,156
39018,2014-05-28,[ 02:18 ],0,158
39019,2014-05-28,[ 02:19 ],0,156
39020,2014-05-28,[ 02:20 ],0,156
39021,2014-05-28,[ 02:21 ],0,228
39022,2014-05-28,[ 02:22 ],0,228
39023,2014-05-28,[ 02:23 ],0,216
39024,2014-05-28,[ 02:24 ],0,216
39025,2014-05-28,[ 02:25 ],0,216
39026,2014-05-28,[ 02:26 ],0,216
39027,2014-05-28,[ 02:27 ],0,216
39028,2014-05-28,[ 02:28 ],0,214
39029,2014-05-28,[ 02:29 ],0,211
39030,2014-05-28,[ 02:30 ],0,213
39031,2014-05-28,[ 02:31 ],0,211
39032,2014-05-28,[ 02:32 ],0,211
39033,2014-05-28,[ 02:33 ],0,157
39034,2014-05-28,[ 02:34 ],0,157
39035,2014-05-28,[ 02:35 ],0,157
39036,2014-05-28,[ 02:36 ],0,156
39037,2014-05-28,[ 02:37 ],0,157
39038,2014-05-28,[ 02:38 ],0,157
39039,2014-05-28,[ 02:39 ],0,156
39040,2014-05-28,[ 02:40 ],0,371
39041,2014-05-28,[ 02:41 ],0,372
39042,2014-05-28,[ 02:42 ],0,370
39043,2014-05-28,[ 02:43 ],0,371
39044,2014-05-28,[ 02:44 ],0,372
39045,2014-05-28,[ 02:45 ],0,375
39046,2014-05-28,[ 02:46 ],0,374
39047,2014-05-28,[ 02:47 ],0,364
39048,2014-05-28,[ 02:48 ],0,359
39049,2014-05-28,[ 02:49 ],0,363
39050,2014-05-28,[ 02:50 ],0,363
39051,2014-05-28,[ 02:51 ],0,361
39052,2014-05-28,[ 02:52 ],0,149
39053,2014-05-28,[ 02:53 ],0,149
39054,2014-05-28,[ 02:54 ],0,149
39055,2014-05-28,[ 02:55 ],0,150
39056,2014-05-28,[ 02:56 ],0,151
39057,2014-05-28,[ 02:57 ],0,149
39058,2014-05-28,[ 02:58 ],0,150
39059,2014-05-28,[ 02:59 ],0,150
39060,2014-05-28,[ 03:00 ],0,152
39061,2014-05-28,[ 03:01 ],0,151
39062,2014-05-28,[ 03:02 ],0,152
39063,2014-05-28,[ 03:03 ],0,151
39064,2014-05-28,[ 03:04 ],0,160
39065,2014-05-28,[ 03:05 ],0,714
39066,2014-05-28,[ 03:06 ],0,227
39067,2014-05-28,[ 03:07 ],0,215
39068,2014-05-28,[ 03:08 ],0,217
39069,2014-05-28,[ 03:09 ],0,218
39070,2014-05-28,[ 03:10 ],0,215
39071,2014-05-28,[ 03:11 ],0,216
39072,2014-05-28,[ 03:12 ],0,217
39073,2014-05-28,[ 03:13 ],0,218
39074,2014-05-28,[ 03:14 ],0,217
39075,2014-05-28,[ 03:15 ],0,217
39076,2014-05-28,[ 03:16 ],0,219
39077,2014-05-28,[ 03:17 ],0,217
39078,2014-05-28,[ 03:18 ],0,219
39079,2014-05-28,[ 03:19 ],0,219
39080,2014-05-28,[ 03:20 ],0,218
39081,2014-05-28,[ 03:21 ],0,219
39082,2014-05-28,[ 03:22 ],0,217
39083,2014-05-28,[ 03:23 ],0,217
39084,2014-05-28,[ 03:24 ],0,216
39085,2014-05-28,[ 03:25 ],0,218
39086,2014-05-28,[ 03:26 ],0,218
39087,2014-05-28,[ 03:27 ],0,218
39088,2014-05-28,[ 03:28 ],0,219
39089,2014-05-28,[ 03:29 ],0,219
39090,2014-05-28,[ 03:30 ],0,217
39091,2014-05-28,[ 03:31 ],0,216
39092,2014-05-28,[ 03:32 ],0,221
39093,2014-05-28,[ 03:33 ],0,217
39094,2014-05-28,[ 03:34 ],0,222
39095,2014-05-28,[ 03:35 ],0,218
39096,2014-05-28,[ 03:36 ],0,202
39097,2014-05-28,[ 03:37 ],0,204
39098,2014-05-28,[ 03:38 ],0,203
39099,2014-05-28,[ 03:39 ],0,206
39100,2014-05-28,[ 03:40 ],0,214
39101,2014-05-28,[ 03:41 ],0,214
39102,2014-05-28,[ 03:42 ],0,211
39103,2014-05-28,[ 03:43 ],0,207
39104,2014-05-28,[ 03:44 ],0,206
39105,2014-05-28,[ 03:45 ],0,205
39106,2014-05-28,[ 03:46 ],0,206
39107,2014-05-28,[ 03:47 ],0,206
39108,2014-05-28,[ 03:48 ],0,206
39109,2014-05-28,[ 03:49 ],0,205
39110,2014-05-28,[ 03:50 ],0,203
39111,2014-05-28,[ 03:51 ],0,202
39112,2014-05-28,[ 03:52 ],0,200
39113,2014-05-28,[ 03:53 ],0,201
39114,2014-05-28,[ 03:54 ],0,201
39115,2014-05-28,[ 03:55 ],0,200
39116,2014-05-28,[ 03:56 ],0,200
39117,2014-05-28,[ 03:57 ],0,200
39118,2014-05-28,[ 03:58 ],0,199
39119,2014-05-28,[ 03:59 ],0,196
39120,2014-05-28,[ 04:00 ],0,196
39121,2014-05-28,[ 04:01 ],0,199
39122,2014-05-28,[ 04:02 ],0,199
39123,2014-05-28,[ 04:03 ],0,201
39124,2014-05-28,[ 04:04 ],0,196
39125,2014-05-28,[ 04:05 ],0,151
39126,2014-05-28,[ 04:06 ],0,148
39127,2014-05-28,[ 04:07 ],0,149
39128,2014-05-28,[ 04:08 ],0,149
39129,2014-05-28,[ 04:09 ],0,148
39130,2014-05-28,[ 04:10 ],0,148
39131,2014-05-28,[ 04:11 ],0,149
39132,2014-05-28,[ 04:12 ],0,149
39133,2014-05-28,[ 04:13 ],0,150
39134,2014-05-28,[ 04:14 ],0,157
39135,2014-05-28,[ 04:15 ],0,157
39136,2014-05-28,[ 04:16 ],0,156
39137,2014-05-28,[ 04:17 ],0,157
39138,2014-05-28,[ 04:18 ],0,158
39139,2014-05-28,[ 04:19 ],0,182
39140,2014-05-28,[ 04:20 ],0,171
39141,2014-05-28,[ 04:21 ],0,171
39142,2014-05-28,[ 04:22 ],0,171
39143,2014-05-28,[ 04:23 ],0,171
39144,2014-05-28,[ 04:24 ],0,169
39145,2014-05-28,[ 04:25 ],0,171
39146,2014-05-28,[ 04:26 ],0,171
39147,2014-05-28,[ 04:27 ],0,171
39148,2014-05-28,[ 04:28 ],0,173
39149,2014-05-28,[ 04:29 ],0,170
39150,2014-05-28,[ 04:30 ],0,171
39151,2014-05-28,[ 04:31 ],0,170
39152,2014-05-28,[ 04:32 ],0,169
39153,2014-05-28,[ 04:33 ],0,169
39154,2014-05-28,[ 04:34 ],0,170
39155,2014-05-28,[ 04:35 ],0,168
39156,2014-05-28,[ 04:36 ],0,156
39157,2014-05-28,[ 04:37 ],0,156
39158,2014-05-28,[ 04:38 ],0,156
39159,2014-05-28,[ 04:39 ],0,156
39160,2014-05-28,[ 04:40 ],0,156
39161,2014-05-28,[ 04:41 ],0,157
39162,2014-05-28,[ 04:42 ],0,157
39163,2014-05-28,[ 04:43 ],0,157
39164,2014-05-28,[ 04:44 ],0,157
39165,2014-05-28,[ 04:45 ],0,150
39166,2014-05-28,[ 04:46 ],0,150
39167,2014-05-28,[ 04:47 ],0,149
39168,2014-05-28,[ 04:48 ],0,149
39169,2014-05-28,[ 04:49 ],0,149
39170,2014-05-28,[ 04:50 ],0,149
39171,2014-05-28,[ 04:51 ],0,149
39172,2014-05-28,[ 04:52 ],0,149
39173,2014-05-28,[ 04:53 ],0,214
39174,2014-05-28,[ 04:54 ],0,214
39175,2014-05-28,[ 04:55 ],0,205
39176,2014-05-28,[ 04:56 ],0,206
39177,2014-05-28,[ 04:57 ],0,206
39178,2014-05-28,[ 04:58 ],0,205
39179,2014-05-28,[ 04:59 ],0,204
39180,2014-05-28,[ 05:00 ],0,205
39181,2014-05-28,[ 05:01 ],0,203
39182,2014-05-28,[ 05:02 ],0,202
39183,2014-05-28,[ 05:03 ],0,214
39184,2014-05-28,[ 05:04 ],0,216
39185,2014-05-28,[ 05:05 ],0,217
39186,2014-05-28,[ 05:06 ],0,162
39187,2014-05-28,[ 05:07 ],0,161
39188,2014-05-28,[ 05:08 ],0,163
39189,2014-05-28,[ 05:09 ],0,163
39190,2014-05-28,[ 05:10 ],0,161
39191,2014-05-28,[ 05:11 ],0,162
39192,2014-05-28,[ 05:12 ],0,162
39193,2014-05-28,[ 05:13 ],0,161
39194,2014-05-28,[ 05:14 ],0,162
39195,2014-05-28,[ 05:15 ],0,171
39196,2014-05-28,[ 05:16 ],0,171
39197,2014-05-28,[ 05:17 ],0,171
39198,2014-05-28,[ 05:18 ],0,171
39199,2014-05-28,[ 05:19 ],0,170
39200,2014-05-28,[ 05:20 ],0,171
39201,2014-05-28,[ 05:21 ],0,172
39202,2014-05-28,[ 05:22 ],0,171
39203,2014-05-28,[ 05:23 ],0,171
39204,2014-05-28,[ 05:24 ],0,169
39205,2014-05-28,[ 05:25 ],0,169
39206,2014-05-28,[ 05:26 ],0,168
39207,2014-05-28,[ 05:27 ],0,170
39208,2014-05-28,[ 05:28 ],0,170
39209,2014-05-28,[ 05:29 ],0,170
39210,2014-05-28,[ 05:30 ],0,168
39211,2014-05-28,[ 05:31 ],0,170
39212,2014-05-28,[ 05:32 ],0,168
39213,2014-05-28,[ 05:33 ],0,169
39214,2014-05-28,[ 05:34 ],0,171
39215,2014-05-28,[ 05:35 ],0,169
39216,2014-05-28,[ 05:36 ],0,170
39217,2014-05-28,[ 05:37 ],0,170
39218,2014-05-28,[ 05:38 ],0,171
39219,2014-05-28,[ 05:39 ],0,170
39220,2014-05-28,[ 05:40 ],0,169
39221,2014-05-28,[ 05:41 ],0,170
39222,2014-05-28,[ 05:42 ],0,171
39223,2014-05-28,[ 05:43 ],0,171
39224,2014-05-28,[ 05:44 ],0,168
39225,2014-05-28,[ 05:45 ],0,169
39226,2014-05-28,[ 05:46 ],0,156
39227,2014-05-28,[ 05:47 ],0,156
39228,2014-05-28,[ 05:48 ],0,155
39229,2014-05-28,[ 05:49 ],0,156
39230,2014-05-28,[ 05:50 ],0,157
39231,2014-05-28,[ 05:51 ],0,156
39232,2014-05-28,[ 05:52 ],0,229
39233,2014-05-28,[ 05:53 ],0,224
39234,2014-05-28,[ 05:54 ],0,216
39235,2014-05-28,[ 05:55 ],0,216
39236,2014-05-28,[ 05:56 ],0,214
39237,2014-05-28,[ 05:57 ],0,214
39238,2014-05-28,[ 05:58 ],0,215
39239,2014-05-28,[ 05:59 ],0,215
39240,2014-05-28,[ 06:00 ],0,205
39241,2014-05-28,[ 06:01 ],0,211
39242,2014-05-28,[ 06:02 ],0,210
39243,2014-05-28,[ 06:03 ],0,207
39244,2014-05-28,[ 06:04 ],0,210
39245,2014-05-28,[ 06:05 ],0,210
39246,2014-05-28,[ 06:06 ],0,204
39247,2014-05-28,[ 06:07 ],0,205
39248,2014-05-28,[ 06:08 ],0,205
39249,2014-05-28,[ 06:09 ],0,204
39250,2014-05-28,[ 06:10 ],0,204
39251,2014-05-28,[ 06:11 ],0,202
39252,2014-05-28,[ 06:12 ],0,205
39253,2014-05-28,[ 06:13 ],0,205
39254,2014-05-28,[ 06:14 ],0,205
39255,2014-05-28,[ 06:15 ],0,206
39256,2014-05-28,[ 06:16 ],0,207
39257,2014-05-28,[ 06:17 ],0,203
39258,2014-05-28,[ 06:18 ],0,204
39259,2014-05-28,[ 06:19 ],0,206
39260,2014-05-28,[ 06:20 ],0,206
39261,2014-05-28,[ 06:21 ],0,202
39262,2014-05-28,[ 06:22 ],0,202
39263,2014-05-28,[ 06:23 ],0,201
39264,2014-05-28,[ 06:24 ],0,203
39265,2014-05-28,[ 06:25 ],0,201
39266,2014-05-28,[ 06:26 ],0,202
39267,2014-05-28,[ 06:27 ],0,203
39268,2014-05-28,[ 06:28 ],0,202
39269,2014-05-28,[ 06:29 ],0,210
39270,2014-05-28,[ 06:30 ],0,212
39271,2014-05-28,[ 06:31 ],0,212
39272,2014-05-28,[ 06:32 ],0,208
39273,2014-05-28,[ 06:33 ],0,211
39274,2014-05-28,[ 06:34 ],0,208
39275,2014-05-28,[ 06:35 ],0,156
39276,2014-05-28,[ 06:36 ],0,156
39277,2014-05-28,[ 06:37 ],0,159
39278,2014-05-28,[ 06:38 ],0,157
39279,2014-05-28,[ 06:39 ],0,156
39280,2014-05-28,[ 06:40 ],0,156
39281,2014-05-28,[ 06:41 ],0,157
39282,2014-05-28,[ 06:42 ],0,157
39283,2014-05-28,[ 06:43 ],0,158
39284,2014-05-28,[ 06:44 ],0,157
39285,2014-05-28,[ 06:45 ],0,157
39286,2014-05-28,[ 06:46 ],0,157
39287,2014-05-28,[ 06:47 ],0,160
39288,2014-05-28,[ 06:48 ],0,160
39289,2014-05-28,[ 06:49 ],0,160
39290,2014-05-28,[ 06:50 ],0,157
39291,2014-05-28,[ 06:51 ],0,177
39292,2014-05-28,[ 06:52 ],0,172
39293,2014-05-28,[ 06:53 ],0,171
39294,2014-05-28,[ 06:54 ],0,173
39295,2014-05-28,[ 06:55 ],0,171
39296,2014-05-28,[ 06:56 ],0,171
39297,2014-05-28,[ 06:57 ],0,173
39298,2014-05-28,[ 06:58 ],0,173
39299,2014-05-28,[ 06:59 ],0,174
39300,2014-05-28,[ 07:00 ],0,174
39301,2014-05-28,[ 07:01 ],0,171
39302,2014-05-28,[ 07:02 ],0,174
39303,2014-05-28,[ 07:03 ],0,172
39304,2014-05-28,[ 07:04 ],0,175
39305,2014-05-28,[ 07:05 ],0,172
39306,2014-05-28,[ 07:06 ],0,174
39307,2014-05-28,[ 07:07 ],0,174
39308,2014-05-28,[ 07:08 ],0,173
39309,2014-05-28,[ 07:09 ],0,170
39310,2014-05-28,[ 07:10 ],0,170
39311,2014-05-28,[ 07:11 ],0,171
39312,2014-05-28,[ 07:12 ],0,173
39313,2014-05-28,[ 07:13 ],0,173
39314,2014-05-28,[ 07:14 ],0,171
39315,2014-05-28,[ 07:15 ],0,163
39316,2014-05-28,[ 07:16 ],0,237
39317,2014-05-28,[ 07:17 ],0,224
39318,2014-05-28,[ 07:18 ],0,224
39319,2014-05-28,[ 07:19 ],0,219
39320,2014-05-28,[ 07:20 ],0,221
39321,2014-05-28,[ 07:21 ],0,221
39322,2014-05-28,[ 07:22 ],0,219
39323,2014-05-28,[ 07:23 ],0,221
39324,2014-05-28,[ 07:24 ],0,219
39325,2014-05-28,[ 07:25 ],0,218
39326,2014-05-28,[ 07:26 ],0,217
39327,2014-05-28,[ 07:27 ],0,215
39328,2014-05-28,[ 07:28 ],0,163
39329,2014-05-28,[ 07:29 ],0,163
39330,2014-05-28,[ 07:30 ],0,163
39331,2014-05-28,[ 07:31 ],0,165
39332,2014-05-28,[ 07:32 ],0,165
39333,2014-05-28,[ 07:33 ],0,163
39334,2014-05-28,[ 07:34 ],0,163
39335,2014-05-28,[ 07:35 ],0,163
39336,2014-05-28,[ 07:36 ],0,162
39337,2014-05-28,[ 07:37 ],0,162
39338,2014-05-28,[ 07:38 ],0,163
39339,2014-05-28,[ 07:39 ],0,162
39340,2014-05-28,[ 07:40 ],0,163
39341,2014-05-28,[ 07:41 ],0,162
39342,2014-05-28,[ 07:42 ],0,163
39343,2014-05-28,[ 07:43 ],0,163
39344,2014-05-28,[ 07:44 ],0,160
39345,2014-05-28,[ 07:45 ],0,160
39346,2014-05-28,[ 07:46 ],0,161
39347,2014-05-28,[ 07:47 ],0,163
39348,2014-05-28,[ 07:48 ],0,160
39349,2014-05-28,[ 07:49 ],0,161
39350,2014-05-28,[ 07:50 ],0,160
39351,2014-05-28,[ 07:51 ],0,150
39352,2014-05-28,[ 07:52 ],0,148
39353,2014-05-28,[ 07:53 ],0,150
39354,2014-05-28,[ 07:54 ],0,151
39355,2014-05-28,[ 07:55 ],0,151
39356,2014-05-28,[ 07:56 ],0,149
39357,2014-05-28,[ 07:57 ],0,150
39358,2014-05-28,[ 07:58 ],0,149
39359,2014-05-28,[ 07:59 ],0,149
39360,2014-05-28,[ 08:00 ],0,151
39361,2014-05-28,[ 08:01 ],0,151
39362,2014-05-28,[ 08:02 ],0,150
39363,2014-05-28,[ 08:03 ],0,151
39364,2014-05-28,[ 08:04 ],0,151
39365,2014-05-28,[ 08:05 ],0,149
39366,2014-05-28,[ 08:06 ],0,149
39367,2014-05-28,[ 08:07 ],0,150
39368,2014-05-28,[ 08:08 ],0,149
39369,2014-05-28,[ 08:09 ],0,151
39370,2014-05-28,[ 08:10 ],0,150
39371,2014-05-28,[ 08:11 ],0,149
39372,2014-05-28,[ 08:12 ],0,149
39373,2014-05-28,[ 08:13 ],0,148
39374,2014-05-28,[ 08:14 ],0,148
39375,2014-05-28,[ 08:15 ],0,150
39376,2014-05-28,[ 08:16 ],0,150
39377,2014-05-28,[ 08:17 ],0,218
39378,2014-05-28,[ 08:18 ],0,206
39379,2014-05-28,[ 08:19 ],0,200
39380,2014-05-28,[ 08:20 ],0,202
39381,2014-05-28,[ 08:21 ],0,202
39382,2014-05-28,[ 08:22 ],0,203
39383,2014-05-28,[ 08:23 ],0,201
39384,2014-05-28,[ 08:24 ],0,201
39385,2014-05-28,[ 08:25 ],0,201
39386,2014-05-28,[ 08:26 ],0,201
39387,2014-05-28,[ 08:27 ],0,206
39388,2014-05-28,[ 08:28 ],0,207
39389,2014-05-28,[ 08:29 ],0,156
39390,2014-05-28,[ 08:30 ],0,156
39391,2014-05-28,[ 08:31 ],0,155
39392,2014-05-28,[ 08:32 ],0,156
39393,2014-05-28,[ 08:33 ],0,158
39394,2014-05-28,[ 08:34 ],0,156
39395,2014-05-28,[ 08:35 ],0,156
39396,2014-05-28,[ 08:36 ],0,156
39397,2014-05-28,[ 08:37 ],0,157
39398,2014-05-28,[ 08:38 ],0,158
39399,2014-05-28,[ 08:39 ],0,157
39400,2014-05-28,[ 08:40 ],0,157
39401,2014-05-28,[ 08:41 ],0,157
39402,2014-05-28,[ 08:42 ],0,156
39403,2014-05-28,[ 08:43 ],0,157
39404,2014-05-28,[ 08:44 ],0,157
39405,2014-05-28,[ 08:45 ],0,158
39406,2014-05-28,[ 08:46 ],0,156
39407,2014-05-28,[ 08:47 ],0,159
39408,2014-05-28,[ 08:48 ],0,158
39409,2014-05-28,[ 08:49 ],0,158
39410,2014-05-28,[ 08:50 ],0,157
39411,2014-05-28,[ 08:51 ],0,160
39412,2014-05-28,[ 08:52 ],0,157
39413,2014-05-28,[ 08:53 ],0,158
39414,2014-05-28,[ 08:54 ],0,157
39415,2014-05-28,[ 08:55 ],0,157
39416,2014-05-28,[ 08:56 ],0,228
39417,2014-05-28,[ 08:57 ],0,216
39418,2014-05-28,[ 08:58 ],0,212
39419,2014-05-28,[ 08:59 ],0,213
39420,2014-05-28,[ 09:00 ],0,213
39421,2014-05-28,[ 09:01 ],0,207
39422,2014-05-28,[ 09:02 ],0,206
39423,2014-05-28,[ 09:03 ],0,207
39424,2014-05-28,[ 09:04 ],0,208
39425,2014-05-28,[ 09:05 ],0,206
39426,2014-05-28,[ 09:06 ],0,205
39427,2014-05-28,[ 09:07 ],0,205
39428,2014-05-28,[ 09:08 ],0,206
39429,2014-05-28,[ 09:09 ],0,205
39430,2014-05-28,[ 09:10 ],0,203
39431,2014-05-28,[ 09:11 ],0,205
39432,2014-05-28,[ 09:12 ],0,203
39433,2014-05-28,[ 09:13 ],0,203
39434,2014-05-28,[ 09:14 ],0,204
39435,2014-05-28,[ 09:15 ],0,202
39436,2014-05-28,[ 09:16 ],0,203
39437,2014-05-28,[ 09:17 ],0,206
39438,2014-05-28,[ 09:18 ],0,205
39439,2014-05-28,[ 09:19 ],0,206
39440,2014-05-28,[ 09:20 ],0,219
39441,2014-05-28,[ 09:21 ],0,221
39442,2014-05-28,[ 09:22 ],0,218
39443,2014-05-28,[ 09:23 ],0,222
39444,2014-05-28,[ 09:24 ],0,217
39445,2014-05-28,[ 09:25 ],0,219
39446,2014-05-28,[ 09:26 ],0,217
39447,2014-05-28,[ 09:27 ],0,221
39448,2014-05-28,[ 09:28 ],0,224
39449,2014-05-28,[ 09:29 ],0,219
39450,2014-05-28,[ 09:30 ],0,219
39451,2014-05-28,[ 09:31 ],0,218
39452,2014-05-28,[ 09:32 ],0,216
39453,2014-05-28,[ 09:33 ],0,217
39454,2014-05-28,[ 09:34 ],0,161
39455,2014-05-28,[ 09:35 ],0,162
39456,2014-05-28,[ 09:36 ],0,161
39457,2014-05-28,[ 09:37 ],0,162
39458,2014-05-28,[ 09:38 ],0,162
39459,2014-05-28,[ 09:39 ],0,162
39460,2014-05-28,[ 09:40 ],0,162
39461,2014-05-28,[ 09:41 ],0,168
39462,2014-05-28,[ 09:42 ],0,170
39463,2014-05-28,[ 09:43 ],0,171
39464,2014-05-28,[ 09:44 ],0,171
39465,2014-05-28,[ 09:45 ],0,171
39466,2014-05-28,[ 09:46 ],0,170
39467,2014-05-28,[ 09:47 ],0,171
39468,2014-05-28,[ 09:48 ],0,171
39469,2014-05-28,[ 09:49 ],0,171
39470,2014-05-28,[ 09:50 ],0,171
39471,2014-05-28,[ 09:51 ],0,171
39472,2014-05-28,[ 09:52 ],0,171
39473,2014-05-28,[ 09:53 ],0,171
39474,2014-05-28,[ 09:54 ],0,169
39475,2014-05-28,[ 09:55 ],0,158
39476,2014-05-28,[ 09:56 ],0,156
39477,2014-05-28,[ 09:57 ],0,157
39478,2014-05-28,[ 09:58 ],0,157
39479,2014-05-28,[ 09:59 ],0,155
39480,2014-05-28,[ 10:00 ],0,157
39481,2014-05-28,[ 10:01 ],0,156
39482,2014-05-28,[ 10:02 ],0,157
39483,2014-05-28,[ 10:03 ],0,157
39484,2014-05-28,[ 10:04 ],0,160
39485,2014-05-28,[ 10:05 ],0,159
39486,2014-05-28,[ 10:06 ],0,156
39487,2014-05-28,[ 10:07 ],0,158
39488,2014-05-28,[ 10:08 ],0,158
39489,2014-05-28,[ 10:09 ],0,159
39490,2014-05-28,[ 10:10 ],0,158
39491,2014-05-28,[ 10:11 ],0,157
39492,2014-05-28,[ 10:12 ],0,157
39493,2014-05-28,[ 10:13 ],0,158
39494,2014-05-28,[ 10:14 ],0,160
39495,2014-05-28,[ 10:15 ],0,156
39496,2014-05-28,[ 10:16 ],0,157
39497,2014-05-28,[ 10:17 ],0,159
39498,2014-05-28,[ 10:18 ],0,160
39499,2014-05-28,[ 10:19 ],0,159
39500,2014-05-28,[ 10:20 ],0,261
39501,2014-05-28,[ 10:21 ],0,214
39502,2014-05-28,[ 10:22 ],0,212
39503,2014-05-28,[ 10:23 ],0,216
39504,2014-05-28,[ 10:24 ],0,214
39505,2014-05-28,[ 10:25 ],0,215
39506,2014-05-28,[ 10:26 ],0,212
39507,2014-05-28,[ 10:27 ],0,213
39508,2014-05-28,[ 10:28 ],0,207
39509,2014-05-28,[ 10:29 ],0,196
39510,2014-05-28,[ 10:30 ],0,201
39511,2014-05-28,[ 10:31 ],0,195
39512,2014-05-28,[ 10:32 ],0,148
39513,2014-05-28,[ 10:33 ],0,150
39514,2014-05-28,[ 10:34 ],0,150
39515,2014-05-28,[ 10:35 ],0,150
39516,2014-05-28,[ 10:36 ],0,149
39517,2014-05-28,[ 10:37 ],0,149
39518,2014-05-28,[ 10:38 ],0,150
39519,2014-05-28,[ 10:39 ],0,149
39520,2014-05-28,[ 10:40 ],0,149
39521,2014-05-28,[ 10:41 ],0,150
39522,2014-05-28,[ 10:42 ],0,152
39523,2014-05-28,[ 10:43 ],0,151
39524,2014-05-28,[ 10:44 ],0,151
39525,2014-05-28,[ 10:45 ],0,151
39526,2014-05-28,[ 10:46 ],0,150
39527,2014-05-28,[ 10:47 ],0,149
39528,2014-05-28,[ 10:48 ],0,151
39529,2014-05-28,[ 10:49 ],0,150
39530,2014-05-28,[ 10:50 ],0,153
39531,2014-05-28,[ 10:51 ],0,151
39532,2014-05-28,[ 10:52 ],0,150
39533,2014-05-28,[ 10:53 ],0,150
39534,2014-05-28,[ 10:54 ],0,175
39535,2014-05-28,[ 10:55 ],0,175
39536,2014-05-28,[ 10:56 ],0,163
39537,2014-05-28,[ 10:57 ],0,169
39538,2014-05-28,[ 10:58 ],0,171
39539,2014-05-28,[ 10:59 ],0,169
39540,2014-05-28,[ 11:00 ],0,170
39541,2014-05-28,[ 11:01 ],0,171
39542,2014-05-28,[ 11:02 ],0,171
39543,2014-05-28,[ 11:03 ],0,170
39544,2014-05-28,[ 11:04 ],0,170
39545,2014-05-28,[ 11:05 ],0,172
39546,2014-05-28,[ 11:06 ],0,170
39547,2014-05-28,[ 11:07 ],0,170
39548,2014-05-28,[ 11:08 ],0,171
39549,2014-05-28,[ 11:09 ],0,171
39550,2014-05-28,[ 11:10 ],0,171
39551,2014-05-28,[ 11:11 ],0,170
39552,2014-05-28,[ 11:12 ],0,171
39553,2014-05-28,[ 11:13 ],0,169
39554,2014-05-28,[ 11:14 ],0,171
39555,2014-05-28,[ 11:15 ],0,171
39556,2014-05-28,[ 11:16 ],0,167
39557,2014-05-28,[ 11:17 ],0,170
39558,2014-05-28,[ 11:18 ],0,170
39559,2014-05-28,[ 11:19 ],0,170
39560,2014-05-28,[ 11:20 ],0,171
39561,2014-05-28,[ 11:21 ],0,171
39562,2014-05-28,[ 11:22 ],0,170
39563,2014-05-28,[ 11:23 ],0,246
39564,2014-05-28,[ 11:24 ],0,231
39565,2014-05-28,[ 11:25 ],0,232
39566,2014-05-28,[ 11:26 ],0,232
39567,2014-05-28,[ 11:27 ],0,231
39568,2014-05-28,[ 11:28 ],0,229
39569,2014-05-28,[ 11:29 ],0,231
39570,2014-05-28,[ 11:30 ],0,231
39571,2014-05-28,[ 11:31 ],0,228
39572,2014-05-28,[ 11:32 ],0,229
39573,2014-05-28,[ 11:33 ],0,227
39574,2014-05-28,[ 11:34 ],0,171
39575,2014-05-28,[ 11:35 ],0,169
39576,2014-05-28,[ 11:36 ],0,170
39577,2014-05-28,[ 11:37 ],0,161
39578,2014-05-28,[ 11:38 ],0,156
39579,2014-05-28,[ 11:39 ],0,157
39580,2014-05-28,[ 11:40 ],0,158
39581,2014-05-28,[ 11:41 ],0,158
39582,2014-05-28,[ 11:42 ],0,156
39583,2014-05-28,[ 11:43 ],0,152
39584,2014-05-28,[ 11:44 ],0,151
39585,2014-05-28,[ 11:45 ],0,149
39586,2014-05-28,[ 11:46 ],0,150
39587,2014-05-28,[ 11:47 ],0,153
39588,2014-05-28,[ 11:48 ],0,153
39589,2014-05-28,[ 11:49 ],0,153
39590,2014-05-28,[ 11:50 ],0,152
39591,2014-05-28,[ 11:51 ],0,150
39592,2014-05-28,[ 11:52 ],0,166
39593,2014-05-28,[ 11:53 ],0,163
39594,2014-05-28,[ 11:54 ],0,166
39595,2014-05-28,[ 11:55 ],0,229
39596,2014-05-28,[ 11:56 ],0,224
39597,2014-05-28,[ 11:57 ],0,219
39598,2014-05-28,[ 11:58 ],0,219
39599,2014-05-28,[ 11:59 ],0,223
39600,2014-05-28,[ 12:00 ],0,225
39601,2014-05-28,[ 12:01 ],0,225
39602,2014-05-28,[ 12:02 ],0,225
39603,2014-05-28,[ 12:03 ],0,223
39604,2014-05-28,[ 12:04 ],0,224
39605,2014-05-28,[ 12:05 ],0,224
39606,2014-05-28,[ 12:06 ],0,219
39607,2014-05-28,[ 12:07 ],0,221
39608,2014-05-28,[ 12:08 ],0,219
39609,2014-05-28,[ 12:09 ],0,217
39610,2014-05-28,[ 12:10 ],0,218
39611,2014-05-28,[ 12:11 ],0,241
39612,2014-05-28,[ 12:12 ],0,234
39613,2014-05-28,[ 12:13 ],0,232
39614,2014-05-28,[ 12:14 ],0,232
39615,2014-05-28,[ 12:15 ],0,229
39616,2014-05-28,[ 12:16 ],0,231
39617,2014-05-28,[ 12:17 ],0,232
39618,2014-05-28,[ 12:18 ],0,234
39619,2014-05-28,[ 12:19 ],0,231
39620,2014-05-28,[ 12:20 ],0,235
39621,2014-05-28,[ 12:21 ],0,234
39622,2014-05-28,[ 12:22 ],0,232
39623,2014-05-28,[ 12:23 ],0,229
39624,2014-05-28,[ 12:24 ],0,232
39625,2014-05-28,[ 12:25 ],0,232
39626,2014-05-28,[ 12:26 ],0,239
39627,2014-05-28,[ 12:27 ],0,236
39628,2014-05-28,[ 12:28 ],0,232
39629,2014-05-28,[ 12:29 ],0,216
39630,2014-05-28,[ 12:30 ],0,216
39631,2014-05-28,[ 12:31 ],0,217
39632,2014-05-28,[ 12:32 ],0,210
39633,2014-05-28,[ 12:33 ],0,163
39634,2014-05-28,[ 12:34 ],0,165
39635,2014-05-28,[ 12:35 ],0,165
39636,2014-05-28,[ 12:36 ],0,165
39637,2014-05-28,[ 12:37 ],0,163
39638,2014-05-28,[ 12:38 ],0,163
39639,2014-05-28,[ 12:39 ],0,165
39640,2014-05-28,[ 12:40 ],0,183
39641,2014-05-28,[ 12:41 ],0,178
39642,2014-05-28,[ 12:42 ],0,177
39643,2014-05-28,[ 12:43 ],0,160
39644,2014-05-28,[ 12:44 ],0,160
39645,2014-05-28,[ 12:45 ],0,160
39646,2014-05-28,[ 12:46 ],0,158
39647,2014-05-28,[ 12:47 ],0,160
39648,2014-05-28,[ 12:48 ],0,160
39649,2014-05-28,[ 12:49 ],0,160
39650,2014-05-28,[ 12:50 ],0,162
39651,2014-05-28,[ 12:51 ],0,163
39652,2014-05-28,[ 12:52 ],0,158
39653,2014-05-28,[ 12:53 ],0,161
39654,2014-05-28,[ 12:54 ],0,162
39655,2014-05-28,[ 12:55 ],0,162
39656,2014-05-28,[ 12:56 ],0,161
39657,2014-05-28,[ 12:57 ],0,161
39658,2014-05-28,[ 12:58 ],0,159
39659,2014-05-28,[ 12:59 ],0,159
39660,2014-05-28,[ 13:00 ],0,161
39661,2014-05-28,[ 13:01 ],0,163
39662,2014-05-28,[ 13:02 ],0,162
39663,2014-05-28,[ 13:03 ],0,161
39664,2014-05-28,[ 13:04 ],0,162
39665,2014-05-28,[ 13:05 ],0,160
39666,2014-05-28,[ 13:06 ],0,161
39667,2014-05-28,[ 13:07 ],0,161
39668,2014-05-28,[ 13:08 ],0,160
39669,2014-05-28,[ 13:09 ],0,161
39670,2014-05-28,[ 13:10 ],0,161
39671,2014-05-28,[ 13:11 ],0,161
39672,2014-05-28,[ 13:12 ],0,160
39673,2014-05-28,[ 13:13 ],0,161
39674,2014-05-28,[ 13:14 ],0,162
39675,2014-05-28,[ 13:15 ],0,160
39676,2014-05-28,[ 13:16 ],0,161
39677,2014-05-28,[ 13:17 ],0,163
39678,2014-05-28,[ 13:18 ],0,162
39679,2014-05-28,[ 13:19 ],0,238
39680,2014-05-28,[ 13:20 ],0,215
39681,2014-05-28,[ 13:21 ],0,218
39682,2014-05-28,[ 13:22 ],0,217
39683,2014-05-28,[ 13:23 ],0,217
39684,2014-05-28,[ 13:24 ],0,216
39685,2014-05-28,[ 13:25 ],0,216
39686,2014-05-28,[ 13:26 ],0,214
39687,2014-05-28,[ 13:27 ],0,214
39688,2014-05-28,[ 13:28 ],0,214
39689,2014-05-28,[ 13:29 ],0,201
39690,2014-05-28,[ 13:30 ],0,152
39691,2014-05-28,[ 13:31 ],0,153
39692,2014-05-28,[ 13:32 ],0,154
39693,2014-05-28,[ 13:33 ],0,153
39694,2014-05-28,[ 13:34 ],0,152
39695,2014-05-28,[ 13:35 ],0,152
39696,2014-05-28,[ 13:36 ],0,152
39697,2014-05-28,[ 13:37 ],0,163
39698,2014-05-28,[ 13:38 ],0,163
39699,2014-05-28,[ 13:39 ],0,163
39700,2014-05-28,[ 13:40 ],0,163
39701,2014-05-28,[ 13:41 ],0,189
39702,2014-05-28,[ 13:42 ],0,191
39703,2014-05-28,[ 13:43 ],0,191
39704,2014-05-28,[ 13:44 ],0,166
39705,2014-05-28,[ 13:45 ],0,166
39706,2014-05-28,[ 13:46 ],0,165
39707,2014-05-28,[ 13:47 ],0,163
39708,2014-05-28,[ 13:48 ],0,163
39709,2014-05-28,[ 13:49 ],0,166
39710,2014-05-28,[ 13:50 ],0,165
39711,2014-05-28,[ 13:51 ],0,163
39712,2014-05-28,[ 13:52 ],0,163
39713,2014-05-28,[ 13:53 ],0,163
39714,2014-05-28,[ 13:54 ],0,163
39715,2014-05-28,[ 13:55 ],0,163
39716,2014-05-28,[ 13:56 ],0,170
39717,2014-05-28,[ 13:57 ],0,169
39718,2014-05-28,[ 13:58 ],0,170
39719,2014-05-28,[ 13:59 ],0,199
39720,2014-05-28,[ 14:00 ],0,201
39721,2014-05-28,[ 14:01 ],0,202
39722,2014-05-28,[ 14:02 ],0,199
39723,2014-05-28,[ 14:03 ],0,171
39724,2014-05-28,[ 14:04 ],0,173
39725,2014-05-28,[ 14:05 ],0,172
39726,2014-05-28,[ 14:06 ],0,170
39727,2014-05-28,[ 14:07 ],0,171
39728,2014-05-28,[ 14:08 ],0,171
39729,2014-05-28,[ 14:09 ],0,171
39730,2014-05-28,[ 14:10 ],0,170
39731,2014-05-28,[ 14:11 ],0,157
39732,2014-05-28,[ 14:12 ],0,157
39733,2014-05-28,[ 14:13 ],0,157
39734,2014-05-28,[ 14:14 ],0,157
39735,2014-05-28,[ 14:15 ],0,159
39736,2014-05-28,[ 14:16 ],0,156
39737,2014-05-28,[ 14:17 ],0,158
39738,2014-05-28,[ 14:18 ],0,158
39739,2014-05-28,[ 14:19 ],0,156
39740,2014-05-28,[ 14:20 ],0,156
39741,2014-05-28,[ 14:21 ],0,237
39742,2014-05-28,[ 14:22 ],0,219
39743,2014-05-28,[ 14:23 ],0,211
39744,2014-05-28,[ 14:24 ],0,214
39745,2014-05-28,[ 14:25 ],0,212
39746,2014-05-28,[ 14:26 ],0,213
39747,2014-05-28,[ 14:27 ],0,212
39748,2014-05-28,[ 14:28 ],0,213
39749,2014-05-28,[ 14:29 ],0,214
39750,2014-05-28,[ 14:30 ],0,212
39751,2014-05-28,[ 14:31 ],0,208
39752,2014-05-28,[ 14:32 ],0,208
39753,2014-05-28,[ 14:33 ],0,158
39754,2014-05-28,[ 14:34 ],0,185
39755,2014-05-28,[ 14:35 ],0,185
39756,2014-05-28,[ 14:36 ],0,184
39757,2014-05-28,[ 14:37 ],0,181
39758,2014-05-28,[ 14:38 ],0,157
39759,2014-05-28,[ 14:39 ],0,157
39760,2014-05-28,[ 14:40 ],0,156
39761,2014-05-28,[ 14:41 ],0,158
39762,2014-05-28,[ 14:42 ],0,157
39763,2014-05-28,[ 14:43 ],0,158
39764,2014-05-28,[ 14:44 ],0,159
39765,2014-05-28,[ 14:45 ],0,158
39766,2014-05-28,[ 14:46 ],0,157
39767,2014-05-28,[ 14:47 ],0,161
39768,2014-05-28,[ 14:48 ],0,157
39769,2014-05-28,[ 14:49 ],0,157
39770,2014-05-28,[ 14:50 ],0,159
39771,2014-05-28,[ 14:51 ],0,158
39772,2014-05-28,[ 14:52 ],0,159
39773,2014-05-28,[ 14:53 ],0,169
39774,2014-05-28,[ 14:54 ],0,242
39775,2014-05-28,[ 14:55 ],0,235
39776,2014-05-28,[ 14:56 ],0,225
39777,2014-05-28,[ 14:57 ],0,223
39778,2014-05-28,[ 14:58 ],0,216
39779,2014-05-28,[ 14:59 ],0,221
39780,2014-05-28,[ 15:00 ],0,221
39781,2014-05-28,[ 15:01 ],0,218
39782,2014-05-28,[ 15:02 ],0,224
39783,2014-05-28,[ 15:03 ],0,222
39784,2014-05-28,[ 15:04 ],0,225
39785,2014-05-28,[ 15:05 ],0,221
39786,2014-05-28,[ 15:06 ],0,219
39787,2014-05-28,[ 15:07 ],0,219
39788,2014-05-28,[ 15:08 ],0,218
39789,2014-05-28,[ 15:09 ],0,219
39790,2014-05-28,[ 15:10 ],0,218
39791,2014-05-28,[ 15:11 ],0,218
39792,2014-05-28,[ 15:12 ],0,259
39793,2014-05-28,[ 15:13 ],0,259
39794,2014-05-28,[ 15:14 ],0,256
39795,2014-05-28,[ 15:15 ],0,256
39796,2014-05-28,[ 15:16 ],0,215
39797,2014-05-28,[ 15:17 ],0,216
39798,2014-05-28,[ 15:18 ],0,216
39799,2014-05-28,[ 15:19 ],0,216
39800,2014-05-28,[ 15:20 ],0,217
39801,2014-05-28,[ 15:21 ],0,214
39802,2014-05-28,[ 15:22 ],0,217
39803,2014-05-28,[ 15:23 ],0,217
39804,2014-05-28,[ 15:24 ],0,215
39805,2014-05-28,[ 15:25 ],0,203
39806,2014-05-28,[ 15:26 ],0,206
39807,2014-05-28,[ 15:27 ],0,203
39808,2014-05-28,[ 15:28 ],0,202
39809,2014-05-28,[ 15:29 ],0,200
39810,2014-05-28,[ 15:30 ],0,199
39811,2014-05-28,[ 15:31 ],0,199
39812,2014-05-28,[ 15:32 ],0,149
39813,2014-05-28,[ 15:33 ],0,149
39814,2014-05-28,[ 15:34 ],0,151
39815,2014-05-28,[ 15:35 ],0,149
39816,2014-05-28,[ 15:36 ],0,173
39817,2014-05-28,[ 15:37 ],0,175
39818,2014-05-28,[ 15:38 ],0,176
39819,2014-05-28,[ 15:39 ],0,177
39820,2014-05-28,[ 15:40 ],0,152
39821,2014-05-28,[ 15:41 ],0,151
39822,2014-05-28,[ 15:42 ],0,150
39823,2014-05-28,[ 15:43 ],0,150
39824,2014-05-28,[ 15:44 ],0,151
39825,2014-05-28,[ 15:45 ],0,149
39826,2014-05-28,[ 15:46 ],0,150
39827,2014-05-28,[ 15:47 ],0,151
39828,2014-05-28,[ 15:48 ],0,154
39829,2014-05-28,[ 15:49 ],0,153
39830,2014-05-28,[ 15:50 ],0,149
39831,2014-05-28,[ 15:51 ],0,161
39832,2014-05-28,[ 15:52 ],0,160
39833,2014-05-28,[ 15:53 ],0,162
39834,2014-05-28,[ 15:54 ],0,165
39835,2014-05-28,[ 15:55 ],0,170
39836,2014-05-28,[ 15:56 ],0,200
39837,2014-05-28,[ 15:57 ],0,201
39838,2014-05-28,[ 15:58 ],0,201
39839,2014-05-28,[ 15:59 ],0,199
39840,2014-05-28,[ 16:00 ],0,171
39841,2014-05-28,[ 16:01 ],0,170
39842,2014-05-28,[ 16:02 ],0,175
39843,2014-05-28,[ 16:03 ],0,171
39844,2014-05-28,[ 16:04 ],0,171
39845,2014-05-28,[ 16:05 ],0,171
39846,2014-05-28,[ 16:06 ],0,170
39847,2014-05-28,[ 16:07 ],0,171
39848,2014-05-28,[ 16:08 ],0,171
39849,2014-05-28,[ 16:09 ],0,170
39850,2014-05-28,[ 16:10 ],0,170
39851,2014-05-28,[ 16:11 ],0,171
39852,2014-05-28,[ 16:12 ],0,171
39853,2014-05-28,[ 16:13 ],0,172
39854,2014-05-28,[ 16:14 ],0,171
39855,2014-05-28,[ 16:15 ],0,171
39856,2014-05-28,[ 16:16 ],0,170
39857,2014-05-28,[ 16:17 ],0,253
39858,2014-05-28,[ 16:18 ],0,237
39859,2014-05-28,[ 16:19 ],0,232
39860,2014-05-28,[ 16:20 ],0,231
39861,2014-05-28,[ 16:21 ],0,229
39862,2014-05-28,[ 16:22 ],0,229
39863,2014-05-28,[ 16:23 ],0,231
39864,2014-05-28,[ 16:24 ],0,228
39865,2014-05-28,[ 16:25 ],0,271
39866,2014-05-28,[ 16:26 ],0,271
39867,2014-05-28,[ 16:27 ],0,269
39868,2014-05-28,[ 16:28 ],0,267
39869,2014-05-28,[ 16:29 ],0,170
39870,2014-05-28,[ 16:30 ],0,170
39871,2014-05-28,[ 16:31 ],0,170
39872,2014-05-28,[ 16:32 ],0,171
39873,2014-05-28,[ 16:33 ],0,171
39874,2014-05-28,[ 16:34 ],0,172
39875,2014-05-28,[ 16:35 ],0,171
39876,2014-05-28,[ 16:36 ],0,171
39877,2014-05-28,[ 16:37 ],0,171
39878,2014-05-28,[ 16:38 ],0,172
39879,2014-05-28,[ 16:39 ],0,171
39880,2014-05-28,[ 16:40 ],0,171
39881,2014-05-28,[ 16:41 ],0,156
39882,2014-05-28,[ 16:42 ],0,159
39883,2014-05-28,[ 16:43 ],0,156
39884,2014-05-28,[ 16:44 ],0,157
39885,2014-05-28,[ 16:45 ],0,157
39886,2014-05-28,[ 16:46 ],0,159
39887,2014-05-28,[ 16:47 ],0,159
39888,2014-05-28,[ 16:48 ],0,159
39889,2014-05-28,[ 16:49 ],0,157
39890,2014-05-28,[ 16:50 ],0,158
39891,2014-05-28,[ 16:51 ],0,157
39892,2014-05-28,[ 16:52 ],0,159
39893,2014-05-28,[ 16:53 ],0,159
39894,2014-05-28,[ 16:54 ],0,159
39895,2014-05-28,[ 16:55 ],0,159
39896,2014-05-28,[ 16:56 ],0,186
39897,2014-05-28,[ 16:57 ],0,186
39898,2014-05-28,[ 16:58 ],0,180
39899,2014-05-28,[ 16:59 ],0,152
39900,2014-05-28,[ 17:00 ],0,155
39901,2014-05-28,[ 17:01 ],0,153
39902,2014-05-28,[ 17:02 ],0,154
39903,2014-05-28,[ 17:03 ],0,153
39904,2014-05-28,[ 17:04 ],0,153
39905,2014-05-28,[ 17:05 ],0,151
39906,2014-05-28,[ 17:06 ],0,150
39907,2014-05-28,[ 17:07 ],0,173
39908,2014-05-28,[ 17:08 ],0,162
39909,2014-05-28,[ 17:09 ],0,161
39910,2014-05-28,[ 17:10 ],0,160
39911,2014-05-28,[ 17:11 ],0,162
39912,2014-05-28,[ 17:12 ],0,162
39913,2014-05-28,[ 17:13 ],0,162
39914,2014-05-28,[ 17:14 ],0,165
39915,2014-05-28,[ 17:15 ],0,163
39916,2014-05-28,[ 17:16 ],0,162
39917,2014-05-28,[ 17:17 ],0,161
39918,2014-05-28,[ 17:18 ],0,163
39919,2014-05-28,[ 17:19 ],0,162
39920,2014-05-28,[ 17:20 ],0,161
39921,2014-05-28,[ 17:21 ],0,379
39922,2014-05-28,[ 17:22 ],0,381
39923,2014-05-28,[ 17:23 ],0,382
39924,2014-05-28,[ 17:24 ],0,378
39925,2014-05-28,[ 17:25 ],0,381
39926,2014-05-28,[ 17:26 ],0,381
39927,2014-05-28,[ 17:27 ],0,379
39928,2014-05-28,[ 17:28 ],0,383
39929,2014-05-28,[ 17:29 ],0,379
39930,2014-05-28,[ 17:30 ],0,379
39931,2014-05-28,[ 17:31 ],0,376
39932,2014-05-28,[ 17:32 ],0,163
39933,2014-05-28,[ 17:33 ],0,163
39934,2014-05-28,[ 17:34 ],0,163
39935,2014-05-28,[ 17:35 ],0,161
39936,2014-05-28,[ 17:36 ],0,162
39937,2014-05-28,[ 17:37 ],0,162
39938,2014-05-28,[ 17:38 ],0,163
39939,2014-05-28,[ 17:39 ],0,163
39940,2014-05-28,[ 17:40 ],0,171
39941,2014-05-28,[ 17:41 ],0,171
39942,2014-05-28,[ 17:42 ],0,171
39943,2014-05-28,[ 17:43 ],0,172
39944,2014-05-28,[ 17:44 ],0,172
39945,2014-05-28,[ 17:45 ],0,172
39946,2014-05-28,[ 17:46 ],0,304
39947,2014-05-28,[ 17:47 ],0,278
39948,2014-05-28,[ 17:48 ],0,240
39949,2014-05-28,[ 17:49 ],0,246
39950,2014-05-28,[ 17:50 ],0,251
39951,2014-05-28,[ 17:51 ],0,254
39952,2014-05-28,[ 17:52 ],0,253
39953,2014-05-28,[ 17:53 ],0,235
39954,2014-05-28,[ 17:54 ],0,234
39955,2014-05-28,[ 17:55 ],0,229
39956,2014-05-28,[ 17:56 ],0,226
39957,2014-05-28,[ 17:57 ],0,228
39958,2014-05-28,[ 17:58 ],0,229
39959,2014-05-28,[ 17:59 ],0,228
39960,2014-05-28,[ 18:00 ],0,229
39961,2014-05-28,[ 18:01 ],0,228
39962,2014-05-28,[ 18:02 ],0,229
39963,2014-05-28,[ 18:03 ],0,228
39964,2014-05-28,[ 18:04 ],0,229
39965,2014-05-28,[ 18:05 ],0,232
39966,2014-05-28,[ 18:06 ],0,229
39967,2014-05-28,[ 18:07 ],0,229
39968,2014-05-28,[ 18:08 ],0,229
39969,2014-05-28,[ 18:09 ],0,205
39970,2014-05-28,[ 18:10 ],0,207
39971,2014-05-28,[ 18:11 ],0,211
39972,2014-05-28,[ 18:12 ],0,212
39973,2014-05-28,[ 18:13 ],0,212
39974,2014-05-28,[ 18:14 ],0,212
39975,2014-05-28,[ 18:15 ],0,213
39976,2014-05-28,[ 18:16 ],0,207
39977,2014-05-28,[ 18:17 ],0,208
39978,2014-05-28,[ 18:18 ],0,210
39979,2014-05-28,[ 18:19 ],0,211
39980,2014-05-28,[ 18:20 ],0,208
39981,2014-05-28,[ 18:21 ],0,218
39982,2014-05-28,[ 18:22 ],0,218
39983,2014-05-28,[ 18:23 ],0,309
39984,2014-05-28,[ 18:24 ],0,297
39985,2014-05-28,[ 18:25 ],0,291
39986,2014-05-28,[ 18:26 ],0,288
39987,2014-05-28,[ 18:27 ],0,276
39988,2014-05-28,[ 18:28 ],0,280
39989,2014-05-28,[ 18:29 ],0,277
39990,2014-05-28,[ 18:30 ],0,275
39991,2014-05-28,[ 18:31 ],0,273
39992,2014-05-28,[ 18:32 ],0,270
39993,2014-05-28,[ 18:33 ],0,271
39994,2014-05-28,[ 18:34 ],0,271
39995,2014-05-28,[ 18:35 ],0,267
39996,2014-05-28,[ 18:36 ],0,269
39997,2014-05-28,[ 18:37 ],0,289
39998,2014-05-28,[ 18:38 ],0,288
39999,2014-05-28,[ 18:39 ],0,284
40000,2014-05-28,[ 18:40 ],0,286
40001,2014-05-28,[ 18:41 ],0,284
40002,2014-05-28,[ 18:42 ],0,284
40003,2014-05-28,[ 18:43 ],0,284
40004,2014-05-28,[ 18:44 ],0,283
40005,2014-05-28,[ 18:45 ],0,280
40006,2014-05-28,[ 18:46 ],0,214
40007,2014-05-28,[ 18:47 ],0,214
40008,2014-05-28,[ 18:48 ],0,217
40009,2014-05-28,[ 18:49 ],0,214
40010,2014-05-28,[ 18:50 ],0,216
40011,2014-05-28,[ 18:51 ],0,218
40012,2014-05-28,[ 18:52 ],0,213
40013,2014-05-28,[ 18:53 ],0,223
40014,2014-05-28,[ 18:54 ],0,232
40015,2014-05-28,[ 18:55 ],0,232
40016,2014-05-28,[ 18:56 ],0,218
40017,2014-05-28,[ 18:57 ],0,224
40018,2014-05-28,[ 18:58 ],0,224
40019,2014-05-28,[ 18:59 ],0,227
40020,2014-05-28,[ 19:00 ],0,228
40021,2014-05-28,[ 19:01 ],0,227
40022,2014-05-28,[ 19:02 ],0,216
40023,2014-05-28,[ 19:03 ],0,240
40024,2014-05-28,[ 19:04 ],0,165
40025,2014-05-28,[ 19:05 ],0,165
40026,2014-05-28,[ 19:06 ],0,163
40027,2014-05-28,[ 19:07 ],0,163
40028,2014-05-28,[ 19:08 ],0,163
40029,2014-05-28,[ 19:09 ],0,162
40030,2014-05-28,[ 19:10 ],0,163
40031,2014-05-28,[ 19:11 ],0,163
40032,2014-05-28,[ 19:12 ],0,165
40033,2014-05-28,[ 19:13 ],0,165
40034,2014-05-28,[ 19:14 ],0,161
40035,2014-05-28,[ 19:15 ],0,161
40036,2014-05-28,[ 19:16 ],0,162
40037,2014-05-28,[ 19:17 ],0,162
40038,2014-05-28,[ 19:18 ],0,160
40039,2014-05-28,[ 19:19 ],0,162
40040,2014-05-28,[ 19:20 ],0,162
40041,2014-05-28,[ 19:21 ],0,162
40042,2014-05-28,[ 19:22 ],0,163
40043,2014-05-28,[ 19:23 ],0,163
40044,2014-05-28,[ 19:24 ],0,162
40045,2014-05-28,[ 19:25 ],0,170
40046,2014-05-28,[ 19:26 ],0,171
40047,2014-05-28,[ 19:27 ],0,172
40048,2014-05-28,[ 19:28 ],0,170
40049,2014-05-28,[ 19:29 ],0,172
40050,2014-05-28,[ 19:30 ],0,169
40051,2014-05-28,[ 19:31 ],0,171
40052,2014-05-28,[ 19:32 ],0,171
40053,2014-05-28,[ 19:33 ],0,171
40054,2014-05-28,[ 19:34 ],0,161
40055,2014-05-28,[ 19:35 ],0,162
40056,2014-05-28,[ 19:36 ],0,235
40057,2014-05-28,[ 19:37 ],0,219
40058,2014-05-28,[ 19:38 ],0,216
40059,2014-05-28,[ 19:39 ],0,213
40060,2014-05-28,[ 19:40 ],0,213
40061,2014-05-28,[ 19:41 ],0,212
40062,2014-05-28,[ 19:42 ],0,214
40063,2014-05-28,[ 19:43 ],0,215
40064,2014-05-28,[ 19:44 ],0,215
40065,2014-05-28,[ 19:45 ],0,211
40066,2014-05-28,[ 19:46 ],0,211
40067,2014-05-28,[ 19:47 ],0,211
40068,2014-05-28,[ 19:48 ],0,160
40069,2014-05-28,[ 19:49 ],0,160
40070,2014-05-28,[ 19:50 ],0,159
40071,2014-05-28,[ 19:51 ],0,159
40072,2014-05-28,[ 19:52 ],0,159
40073,2014-05-28,[ 19:53 ],0,159
40074,2014-05-28,[ 19:54 ],0,160
40075,2014-05-28,[ 19:55 ],0,158
40076,2014-05-28,[ 19:56 ],0,159
40077,2014-05-28,[ 19:57 ],0,159
40078,2014-05-28,[ 19:58 ],0,157
40079,2014-05-28,[ 19:59 ],0,156
40080,2014-05-28,[ 20:00 ],0,163
40081,2014-05-28,[ 20:01 ],0,158
40082,2014-05-28,[ 20:02 ],0,161
40083,2014-05-28,[ 20:03 ],0,162
40084,2014-05-28,[ 20:04 ],0,161
40085,2014-05-28,[ 20:05 ],0,173
40086,2014-05-28,[ 20:06 ],0,172
40087,2014-05-28,[ 20:07 ],0,171
40088,2014-05-28,[ 20:08 ],0,172
40089,2014-05-28,[ 20:09 ],0,171
40090,2014-05-28,[ 20:10 ],0,163
40091,2014-05-28,[ 20:11 ],0,163
40092,2014-05-28,[ 20:12 ],0,165
40093,2014-05-28,[ 20:13 ],0,163
40094,2014-05-28,[ 20:14 ],0,166
40095,2014-05-28,[ 20:15 ],0,163
40096,2014-05-28,[ 20:16 ],0,163
40097,2014-05-28,[ 20:17 ],0,166
40098,2014-05-28,[ 20:18 ],0,163
40099,2014-05-28,[ 20:19 ],0,163
40100,2014-05-28,[ 20:20 ],0,163
40101,2014-05-28,[ 20:21 ],0,163
40102,2014-05-28,[ 20:22 ],0,163
40103,2014-05-28,[ 20:23 ],0,165
40104,2014-05-28,[ 20:24 ],0,165
40105,2014-05-28,[ 20:25 ],0,165
40106,2014-05-28,[ 20:26 ],0,163
40107,2014-05-28,[ 20:27 ],0,162
40108,2014-05-28,[ 20:28 ],0,165
40109,2014-05-28,[ 20:29 ],0,163
40110,2014-05-28,[ 20:30 ],0,163
40111,2014-05-28,[ 20:31 ],0,163
40112,2014-05-28,[ 20:32 ],0,163
40113,2014-05-28,[ 20:33 ],0,165
40114,2014-05-28,[ 20:34 ],0,163
40115,2014-05-28,[ 20:35 ],0,235
40116,2014-05-28,[ 20:36 ],0,232
40117,2014-05-28,[ 20:37 ],0,224
40118,2014-05-28,[ 20:38 ],0,225
40119,2014-05-28,[ 20:39 ],0,224
40120,2014-05-28,[ 20:40 ],0,222
40121,2014-05-28,[ 20:41 ],0,231
40122,2014-05-28,[ 20:42 ],0,235
40123,2014-05-28,[ 20:43 ],0,234
40124,2014-05-28,[ 20:44 ],0,231
40125,2014-05-28,[ 20:45 ],0,231
40126,2014-05-28,[ 20:46 ],0,229
40127,2014-05-28,[ 20:47 ],0,218
40128,2014-05-28,[ 20:48 ],0,176
40129,2014-05-28,[ 20:49 ],0,174
40130,2014-05-28,[ 20:50 ],0,174
40131,2014-05-28,[ 20:51 ],0,172
40132,2014-05-28,[ 20:52 ],0,171
40133,2014-05-28,[ 20:53 ],0,172
40134,2014-05-28,[ 20:54 ],0,172
40135,2014-05-28,[ 20:55 ],0,175
40136,2014-05-28,[ 20:56 ],0,242
40137,2014-05-28,[ 20:57 ],0,236
40138,2014-05-28,[ 20:58 ],0,231
40139,2014-05-28,[ 20:59 ],0,231
40140,2014-05-28,[ 21:00 ],0,241
40141,2014-05-28,[ 21:01 ],0,239
40142,2014-05-28,[ 21:02 ],0,243
40143,2014-05-28,[ 21:03 ],0,241
40144,2014-05-28,[ 21:04 ],0,237
40145,2014-05-28,[ 21:05 ],0,241
40146,2014-05-28,[ 21:06 ],0,238
40147,2014-05-28,[ 21:07 ],0,231
40148,2014-05-28,[ 21:08 ],0,219
40149,2014-05-28,[ 21:09 ],0,216
40150,2014-05-28,[ 21:10 ],0,217
40151,2014-05-28,[ 21:11 ],0,218
40152,2014-05-28,[ 21:12 ],0,218
40153,2014-05-28,[ 21:13 ],0,217
40154,2014-05-28,[ 21:14 ],0,217
40155,2014-05-28,[ 21:15 ],0,215
40156,2014-05-28,[ 21:16 ],0,216
40157,2014-05-28,[ 21:17 ],0,217
40158,2014-05-28,[ 21:18 ],0,235
40159,2014-05-28,[ 21:19 ],0,234
40160,2014-05-28,[ 21:20 ],0,235
40161,2014-05-28,[ 21:21 ],0,234
40162,2014-05-28,[ 21:22 ],0,236
40163,2014-05-28,[ 21:23 ],0,235
40164,2014-05-28,[ 21:24 ],0,235
40165,2014-05-28,[ 21:25 ],0,234
40166,2014-05-28,[ 21:26 ],0,232
40167,2014-05-28,[ 21:27 ],0,231
40168,2014-05-28,[ 21:28 ],0,235
40169,2014-05-28,[ 21:29 ],0,241
40170,2014-05-28,[ 21:30 ],0,238
40171,2014-05-28,[ 21:31 ],0,231
40172,2014-05-28,[ 21:32 ],0,232
40173,2014-05-28,[ 21:33 ],0,232
40174,2014-05-28,[ 21:34 ],0,174
40175,2014-05-28,[ 21:35 ],0,172
40176,2014-05-28,[ 21:36 ],0,160
40177,2014-05-28,[ 21:37 ],0,161
40178,2014-05-28,[ 21:38 ],0,161
40179,2014-05-28,[ 21:39 ],0,160
40180,2014-05-28,[ 21:40 ],0,160
40181,2014-05-28,[ 21:41 ],0,153
40182,2014-05-28,[ 21:42 ],0,153
40183,2014-05-28,[ 21:43 ],0,153
40184,2014-05-28,[ 21:44 ],0,154
40185,2014-05-28,[ 21:45 ],0,154
40186,2014-05-28,[ 21:46 ],0,155
40187,2014-05-28,[ 21:47 ],0,152
40188,2014-05-28,[ 21:48 ],0,154
40189,2014-05-28,[ 21:49 ],0,155
40190,2014-05-28,[ 21:50 ],0,155
40191,2014-05-28,[ 21:51 ],0,154
40192,2014-05-28,[ 21:52 ],0,154
40193,2014-05-28,[ 21:53 ],0,153
40194,2014-05-28,[ 21:54 ],0,156
40195,2014-05-28,[ 21:55 ],0,170
40196,2014-05-28,[ 21:56 ],0,161
40197,2014-05-28,[ 21:57 ],0,163
40198,2014-05-28,[ 21:58 ],0,161
40199,2014-05-28,[ 21:59 ],0,160
40200,2014-05-28,[ 22:00 ],0,161
40201,2014-05-28,[ 22:01 ],0,161
40202,2014-05-28,[ 22:02 ],0,161
40203,2014-05-28,[ 22:03 ],0,162
40204,2014-05-28,[ 22:04 ],0,163
40205,2014-05-28,[ 22:05 ],0,163
40206,2014-05-28,[ 22:06 ],0,162
40207,2014-05-28,[ 22:07 ],0,162
40208,2014-05-28,[ 22:08 ],0,162
40209,2014-05-28,[ 22:09 ],0,163
40210,2014-05-28,[ 22:10 ],0,162
40211,2014-05-28,[ 22:11 ],0,162
40212,2014-05-28,[ 22:12 ],0,159
40213,2014-05-28,[ 22:13 ],0,161
40214,2014-05-28,[ 22:14 ],0,162
40215,2014-05-28,[ 22:15 ],0,160
40216,2014-05-28,[ 22:16 ],0,222
40217,2014-05-28,[ 22:17 ],0,226
40218,2014-05-28,[ 22:18 ],0,210
40219,2014-05-28,[ 22:19 ],0,235
40220,2014-05-28,[ 22:20 ],0,234
40221,2014-05-28,[ 22:21 ],0,231
40222,2014-05-28,[ 22:22 ],0,229
40223,2014-05-28,[ 22:23 ],0,231
40224,2014-05-28,[ 22:24 ],0,229
40225,2014-05-28,[ 22:25 ],0,228
40226,2014-05-28,[ 22:26 ],0,228
40227,2014-05-28,[ 22:27 ],0,227
40228,2014-05-28,[ 22:28 ],0,171
40229,2014-05-28,[ 22:29 ],0,162
40230,2014-05-28,[ 22:30 ],0,163
40231,2014-05-28,[ 22:31 ],0,163
40232,2014-05-28,[ 22:32 ],0,163
40233,2014-05-28,[ 22:33 ],0,163
40234,2014-05-28,[ 22:34 ],0,163
40235,2014-05-28,[ 22:35 ],0,163
40236,2014-05-28,[ 22:36 ],0,162
40237,2014-05-28,[ 22:37 ],0,162
40238,2014-05-28,[ 22:38 ],0,163
40239,2014-05-28,[ 22:39 ],0,163
40240,2014-05-28,[ 22:40 ],0,163
40241,2014-05-28,[ 22:41 ],0,163
40242,2014-05-28,[ 22:42 ],0,163
40243,2014-05-28,[ 22:43 ],0,163
40244,2014-05-28,[ 22:44 ],0,165
40245,2014-05-28,[ 22:45 ],0,162
40246,2014-05-28,[ 22:46 ],0,162
40247,2014-05-28,[ 22:47 ],0,165
40248,2014-05-28,[ 22:48 ],0,163
40249,2014-05-28,[ 22:49 ],0,166
40250,2014-05-28,[ 22:50 ],0,166
40251,2014-05-28,[ 22:51 ],0,165
40252,2014-05-28,[ 22:52 ],0,163
40253,2014-05-28,[ 22:53 ],0,165
40254,2014-05-28,[ 22:54 ],0,166
40255,2014-05-28,[ 22:55 ],0,163
40256,2014-05-28,[ 22:56 ],0,163
40257,2014-05-28,[ 22:57 ],0,163
40258,2014-05-28,[ 22:58 ],0,163
40259,2014-05-28,[ 22:59 ],0,163
40260,2014-05-28,[ 23:00 ],0,166
40261,2014-05-28,[ 23:01 ],0,163
40262,2014-05-28,[ 23:02 ],0,165
40263,2014-05-28,[ 23:03 ],0,166
40264,2014-05-28,[ 23:04 ],0,166
40265,2014-05-28,[ 23:05 ],0,163
40266,2014-05-28,[ 23:06 ],0,163
40267,2014-05-28,[ 23:07 ],0,161
40268,2014-05-28,[ 23:08 ],0,152
40269,2014-05-28,[ 23:09 ],0,152
40270,2014-05-28,[ 23:10 ],0,153
40271,2014-05-28,[ 23:11 ],0,151
40272,2014-05-28,[ 23:12 ],0,152
40273,2014-05-28,[ 23:13 ],0,165
40274,2014-05-28,[ 23:14 ],0,157
40275,2014-05-28,[ 23:15 ],0,160
40276,2014-05-28,[ 23:16 ],0,158
40277,2014-05-28,[ 23:17 ],0,158
40278,2014-05-28,[ 23:18 ],0,232
40279,2014-05-28,[ 23:19 ],0,227
40280,2014-05-28,[ 23:20 ],0,217
40281,2014-05-28,[ 23:21 ],0,216
40282,2014-05-28,[ 23:22 ],0,213
40283,2014-05-28,[ 23:23 ],0,216
40284,2014-05-28,[ 23:24 ],0,214
40285,2014-05-28,[ 23:25 ],0,211
40286,2014-05-28,[ 23:26 ],0,212
40287,2014-05-28,[ 23:27 ],0,212
40288,2014-05-28,[ 23:28 ],0,211
40289,2014-05-28,[ 23:29 ],0,203
40290,2014-05-28,[ 23:30 ],0,153
40291,2014-05-28,[ 23:31 ],0,153
40292,2014-05-28,[ 23:32 ],0,151
40293,2014-05-28,[ 23:33 ],0,152
40294,2014-05-28,[ 23:34 ],0,161
40295,2014-05-28,[ 23:35 ],0,163
40296,2014-05-28,[ 23:36 ],0,162
40297,2014-05-28,[ 23:37 ],0,163
40298,2014-05-28,[ 23:38 ],0,163
40299,2014-05-28,[ 23:39 ],0,163
40300,2014-05-28,[ 23:40 ],0,162
40301,2014-05-28,[ 23:41 ],0,163
40302,2014-05-28,[ 23:42 ],0,161
40303,2014-05-28,[ 23:43 ],0,163
40304,2014-05-28,[ 23:44 ],0,162
40305,2014-05-28,[ 23:45 ],0,163
40306,2014-05-28,[ 23:46 ],0,163
40307,2014-05-28,[ 23:47 ],0,163
40308,2014-05-28,[ 23:48 ],0,160
40309,2014-05-28,[ 23:49 ],0,163
40310,2014-05-28,[ 23:50 ],0,163
40311,2014-05-28,[ 23:51 ],0,163
40312,2014-05-28,[ 23:52 ],0,163
40313,2014-05-28,[ 23:53 ],0,163
40314,2014-05-28,[ 23:54 ],0,165
40315,2014-05-28,[ 23:55 ],0,162
40316,2014-05-28,[ 23:56 ],0,234
40317,2014-05-28,[ 23:57 ],0,224
40318,2014-05-28,[ 23:58 ],0,218
40319,2014-05-28,[ 23:59 ],0,222
40320,2014-05-29,[ 00:00 ],0,222
40321,2014-05-29,[ 00:01 ],0,224
40322,2014-05-29,[ 00:02 ],0,223
40323,2014-05-29,[ 00:03 ],0,225
40324,2014-05-29,[ 00:04 ],0,224
40325,2014-05-29,[ 00:05 ],0,206
40326,2014-05-29,[ 00:06 ],0,205
40327,2014-05-29,[ 00:07 ],0,202
40328,2014-05-29,[ 00:08 ],0,205
40329,2014-05-29,[ 00:09 ],0,202
40330,2014-05-29,[ 00:10 ],0,202
40331,2014-05-29,[ 00:11 ],0,204
40332,2014-05-29,[ 00:12 ],0,205
40333,2014-05-29,[ 00:13 ],0,204
40334,2014-05-29,[ 00:14 ],0,204
40335,2014-05-29,[ 00:15 ],0,202
40336,2014-05-29,[ 00:16 ],0,202
40337,2014-05-29,[ 00:17 ],0,206
40338,2014-05-29,[ 00:18 ],0,205
40339,2014-05-29,[ 00:19 ],0,204
40340,2014-05-29,[ 00:20 ],0,201
40341,2014-05-29,[ 00:21 ],0,203
40342,2014-05-29,[ 00:22 ],0,203
40343,2014-05-29,[ 00:23 ],0,205
40344,2014-05-29,[ 00:24 ],0,204
40345,2014-05-29,[ 00:25 ],0,203
40346,2014-05-29,[ 00:26 ],0,201
40347,2014-05-29,[ 00:27 ],0,206
40348,2014-05-29,[ 00:28 ],0,207
40349,2014-05-29,[ 00:29 ],0,213
40350,2014-05-29,[ 00:30 ],0,211
40351,2014-05-29,[ 00:31 ],0,210
40352,2014-05-29,[ 00:32 ],0,210
40353,2014-05-29,[ 00:33 ],0,211
40354,2014-05-29,[ 00:34 ],0,206
40355,2014-05-29,[ 00:35 ],0,159
40356,2014-05-29,[ 00:36 ],0,158
40357,2014-05-29,[ 00:37 ],0,157
40358,2014-05-29,[ 00:38 ],0,158
40359,2014-05-29,[ 00:39 ],0,157
40360,2014-05-29,[ 00:40 ],0,158
40361,2014-05-29,[ 00:41 ],0,159
40362,2014-05-29,[ 00:42 ],0,157
40363,2014-05-29,[ 00:43 ],0,157
40364,2014-05-29,[ 00:44 ],0,158
40365,2014-05-29,[ 00:45 ],0,158
40366,2014-05-29,[ 00:46 ],0,158
40367,2014-05-29,[ 00:47 ],0,157
40368,2014-05-29,[ 00:48 ],0,158
40369,2014-05-29,[ 00:49 ],0,160
40370,2014-05-29,[ 00:50 ],0,158
40371,2014-05-29,[ 00:51 ],0,159
40372,2014-05-29,[ 00:52 ],0,159
40373,2014-05-29,[ 00:53 ],0,158
40374,2014-05-29,[ 00:54 ],0,159
40375,2014-05-29,[ 00:55 ],0,160
40376,2014-05-29,[ 00:56 ],0,159
40377,2014-05-29,[ 00:57 ],0,158
40378,2014-05-29,[ 00:58 ],0,159
40379,2014-05-29,[ 00:59 ],0,159
40380,2014-05-29,[ 01:00 ],0,161
40381,2014-05-29,[ 01:01 ],0,161
40382,2014-05-29,[ 01:02 ],0,162
40383,2014-05-29,[ 01:03 ],0,160
40384,2014-05-29,[ 01:04 ],0,160
40385,2014-05-29,[ 01:05 ],0,161
40386,2014-05-29,[ 01:06 ],0,158
40387,2014-05-29,[ 01:07 ],0,158
40388,2014-05-29,[ 01:08 ],0,161
40389,2014-05-29,[ 01:09 ],0,160
40390,2014-05-29,[ 01:10 ],0,159
40391,2014-05-29,[ 01:11 ],0,159
40392,2014-05-29,[ 01:12 ],0,160
40393,2014-05-29,[ 01:13 ],0,160
40394,2014-05-29,[ 01:14 ],0,159
40395,2014-05-29,[ 01:15 ],0,161
40396,2014-05-29,[ 01:16 ],0,159
40397,2014-05-29,[ 01:17 ],0,157
40398,2014-05-29,[ 01:18 ],0,152
40399,2014-05-29,[ 01:19 ],0,152
40400,2014-05-29,[ 01:20 ],0,217
40401,2014-05-29,[ 01:21 ],0,206
40402,2014-05-29,[ 01:22 ],0,206
40403,2014-05-29,[ 01:23 ],0,206
40404,2014-05-29,[ 01:24 ],0,206
40405,2014-05-29,[ 01:25 ],0,204
40406,2014-05-29,[ 01:26 ],0,205
40407,2014-05-29,[ 01:27 ],0,205
40408,2014-05-29,[ 01:28 ],0,202
40409,2014-05-29,[ 01:29 ],0,203
40410,2014-05-29,[ 01:30 ],0,201
40411,2014-05-29,[ 01:31 ],0,152
40412,2014-05-29,[ 01:32 ],0,153
40413,2014-05-29,[ 01:33 ],0,151
40414,2014-05-29,[ 01:34 ],0,152
40415,2014-05-29,[ 01:35 ],0,152
40416,2014-05-29,[ 01:36 ],0,153
40417,2014-05-29,[ 01:37 ],0,152
40418,2014-05-29,[ 01:38 ],0,152
40419,2014-05-29,[ 01:39 ],0,152
40420,2014-05-29,[ 01:40 ],0,152
40421,2014-05-29,[ 01:41 ],0,153
40422,2014-05-29,[ 01:42 ],0,152
40423,2014-05-29,[ 01:43 ],0,151
40424,2014-05-29,[ 01:44 ],0,152
40425,2014-05-29,[ 01:45 ],0,152
40426,2014-05-29,[ 01:46 ],0,152
40427,2014-05-29,[ 01:47 ],0,152
40428,2014-05-29,[ 01:48 ],0,151
40429,2014-05-29,[ 01:49 ],0,153
40430,2014-05-29,[ 01:50 ],0,151
40431,2014-05-29,[ 01:51 ],0,152
40432,2014-05-29,[ 01:52 ],0,150
40433,2014-05-29,[ 01:53 ],0,150
40434,2014-05-29,[ 01:54 ],0,150
40435,2014-05-29,[ 01:55 ],0,151
40436,2014-05-29,[ 01:56 ],0,150
40437,2014-05-29,[ 01:57 ],0,150
40438,2014-05-29,[ 01:58 ],0,149
40439,2014-05-29,[ 01:59 ],0,151
40440,2014-05-29,[ 02:00 ],0,153
40441,2014-05-29,[ 02:01 ],0,152
40442,2014-05-29,[ 02:02 ],0,152
40443,2014-05-29,[ 02:03 ],0,153
40444,2014-05-29,[ 02:04 ],0,153
40445,2014-05-29,[ 02:05 ],0,150
40446,2014-05-29,[ 02:06 ],0,150
40447,2014-05-29,[ 02:07 ],0,151
40448,2014-05-29,[ 02:08 ],0,151
40449,2014-05-29,[ 02:09 ],0,152
40450,2014-05-29,[ 02:10 ],0,150
40451,2014-05-29,[ 02:11 ],0,151
40452,2014-05-29,[ 02:12 ],0,149
40453,2014-05-29,[ 02:13 ],0,150
40454,2014-05-29,[ 02:14 ],0,158
40455,2014-05-29,[ 02:15 ],0,159
40456,2014-05-29,[ 02:16 ],0,159
40457,2014-05-29,[ 02:17 ],0,158
40458,2014-05-29,[ 02:18 ],0,160
40459,2014-05-29,[ 02:19 ],0,159
40460,2014-05-29,[ 02:20 ],0,158
40461,2014-05-29,[ 02:21 ],0,159
40462,2014-05-29,[ 02:22 ],0,271
40463,2014-05-29,[ 02:23 ],0,219
40464,2014-05-29,[ 02:24 ],0,217
40465,2014-05-29,[ 02:25 ],0,218
40466,2014-05-29,[ 02:26 ],0,215
40467,2014-05-29,[ 02:27 ],0,216
40468,2014-05-29,[ 02:28 ],0,215
40469,2014-05-29,[ 02:29 ],0,215
40470,2014-05-29,[ 02:30 ],0,216
40471,2014-05-29,[ 02:31 ],0,215
40472,2014-05-29,[ 02:32 ],0,214
40473,2014-05-29,[ 02:33 ],0,211
40474,2014-05-29,[ 02:34 ],0,159
40475,2014-05-29,[ 02:35 ],0,161
40476,2014-05-29,[ 02:36 ],0,161
40477,2014-05-29,[ 02:37 ],0,159
40478,2014-05-29,[ 02:38 ],0,160
40479,2014-05-29,[ 02:39 ],0,160
40480,2014-05-29,[ 02:40 ],0,160
40481,2014-05-29,[ 02:41 ],0,158
40482,2014-05-29,[ 02:42 ],0,159
40483,2014-05-29,[ 02:43 ],0,159
40484,2014-05-29,[ 02:44 ],0,159
40485,2014-05-29,[ 02:45 ],0,159
40486,2014-05-29,[ 02:46 ],0,159
40487,2014-05-29,[ 02:47 ],0,153
40488,2014-05-29,[ 02:48 ],0,151
40489,2014-05-29,[ 02:49 ],0,153
40490,2014-05-29,[ 02:50 ],0,151
40491,2014-05-29,[ 02:51 ],0,151
40492,2014-05-29,[ 02:52 ],0,152
40493,2014-05-29,[ 02:53 ],0,151
40494,2014-05-29,[ 02:54 ],0,151
40495,2014-05-29,[ 02:55 ],0,150
40496,2014-05-29,[ 02:56 ],0,150
40497,2014-05-29,[ 02:57 ],0,215
40498,2014-05-29,[ 02:58 ],0,206
40499,2014-05-29,[ 02:59 ],0,204
40500,2014-05-29,[ 03:00 ],0,204
40501,2014-05-29,[ 03:01 ],0,207
40502,2014-05-29,[ 03:02 ],0,208
40503,2014-05-29,[ 03:03 ],0,210
40504,2014-05-29,[ 03:04 ],0,208
40505,2014-05-29,[ 03:05 ],0,221
40506,2014-05-29,[ 03:06 ],0,221
40507,2014-05-29,[ 03:07 ],0,221
40508,2014-05-29,[ 03:08 ],0,219
40509,2014-05-29,[ 03:09 ],0,216
40510,2014-05-29,[ 03:10 ],0,217
40511,2014-05-29,[ 03:11 ],0,218
40512,2014-05-29,[ 03:12 ],0,222
40513,2014-05-29,[ 03:13 ],0,217
40514,2014-05-29,[ 03:14 ],0,219
40515,2014-05-29,[ 03:15 ],0,221
40516,2014-05-29,[ 03:16 ],0,221
40517,2014-05-29,[ 03:17 ],0,218
40518,2014-05-29,[ 03:18 ],0,217
40519,2014-05-29,[ 03:19 ],0,218
40520,2014-05-29,[ 03:20 ],0,217
40521,2014-05-29,[ 03:21 ],0,217
40522,2014-05-29,[ 03:22 ],0,218
40523,2014-05-29,[ 03:23 ],0,218
40524,2014-05-29,[ 03:24 ],0,218
40525,2014-05-29,[ 03:25 ],0,216
40526,2014-05-29,[ 03:26 ],0,216
40527,2014-05-29,[ 03:27 ],0,218
40528,2014-05-29,[ 03:28 ],0,221
40529,2014-05-29,[ 03:29 ],0,221
40530,2014-05-29,[ 03:30 ],0,217
40531,2014-05-29,[ 03:31 ],0,215
40532,2014-05-29,[ 03:32 ],0,216
40533,2014-05-29,[ 03:33 ],0,214
40534,2014-05-29,[ 03:34 ],0,205
40535,2014-05-29,[ 03:35 ],0,149
40536,2014-05-29,[ 03:36 ],0,149
40537,2014-05-29,[ 03:37 ],0,149
40538,2014-05-29,[ 03:38 ],0,150
40539,2014-05-29,[ 03:39 ],0,150
40540,2014-05-29,[ 03:40 ],0,150
40541,2014-05-29,[ 03:41 ],0,151
40542,2014-05-29,[ 03:42 ],0,149
40543,2014-05-29,[ 03:43 ],0,152
40544,2014-05-29,[ 03:44 ],0,151
40545,2014-05-29,[ 03:45 ],0,151
40546,2014-05-29,[ 03:46 ],0,151
40547,2014-05-29,[ 03:47 ],0,152
40548,2014-05-29,[ 03:48 ],0,151
40549,2014-05-29,[ 03:49 ],0,152
40550,2014-05-29,[ 03:50 ],0,152
40551,2014-05-29,[ 03:51 ],0,151
40552,2014-05-29,[ 03:52 ],0,150
40553,2014-05-29,[ 03:53 ],0,153
40554,2014-05-29,[ 03:54 ],0,150
40555,2014-05-29,[ 03:55 ],0,151
40556,2014-05-29,[ 03:56 ],0,151
40557,2014-05-29,[ 03:57 ],0,151
40558,2014-05-29,[ 03:58 ],0,150
40559,2014-05-29,[ 03:59 ],0,151
40560,2014-05-29,[ 04:00 ],0,154
40561,2014-05-29,[ 04:01 ],0,153
40562,2014-05-29,[ 04:02 ],0,152
40563,2014-05-29,[ 04:03 ],0,153
40564,2014-05-29,[ 04:04 ],0,153
40565,2014-05-29,[ 04:05 ],0,153
40566,2014-05-29,[ 04:06 ],0,152
40567,2014-05-29,[ 04:07 ],0,152
40568,2014-05-29,[ 04:08 ],0,150
40569,2014-05-29,[ 04:09 ],0,151
40570,2014-05-29,[ 04:10 ],0,153
40571,2014-05-29,[ 04:11 ],0,151
40572,2014-05-29,[ 04:12 ],0,152
40573,2014-05-29,[ 04:13 ],0,150
40574,2014-05-29,[ 04:14 ],0,158
40575,2014-05-29,[ 04:15 ],0,158
40576,2014-05-29,[ 04:16 ],0,159
40577,2014-05-29,[ 04:17 ],0,157
40578,2014-05-29,[ 04:18 ],0,159
40579,2014-05-29,[ 04:19 ],0,245
40580,2014-05-29,[ 04:20 ],0,245
40581,2014-05-29,[ 04:21 ],0,234
40582,2014-05-29,[ 04:22 ],0,234
40583,2014-05-29,[ 04:23 ],0,234
40584,2014-05-29,[ 04:24 ],0,236
40585,2014-05-29,[ 04:25 ],0,236
40586,2014-05-29,[ 04:26 ],0,236
40587,2014-05-29,[ 04:27 ],0,235
40588,2014-05-29,[ 04:28 ],0,235
40589,2014-05-29,[ 04:29 ],0,235
40590,2014-05-29,[ 04:30 ],0,232
40591,2014-05-29,[ 04:31 ],0,171
40592,2014-05-29,[ 04:32 ],0,171
40593,2014-05-29,[ 04:33 ],0,173
40594,2014-05-29,[ 04:34 ],0,173
40595,2014-05-29,[ 04:35 ],0,170
40596,2014-05-29,[ 04:36 ],0,161
40597,2014-05-29,[ 04:37 ],0,161
40598,2014-05-29,[ 04:38 ],0,161
40599,2014-05-29,[ 04:39 ],0,159
40600,2014-05-29,[ 04:40 ],0,160
40601,2014-05-29,[ 04:41 ],0,159
40602,2014-05-29,[ 04:42 ],0,158
40603,2014-05-29,[ 04:43 ],0,157
40604,2014-05-29,[ 04:44 ],0,160
40605,2014-05-29,[ 04:45 ],0,154
40606,2014-05-29,[ 04:46 ],0,152
40607,2014-05-29,[ 04:47 ],0,152
40608,2014-05-29,[ 04:48 ],0,152
40609,2014-05-29,[ 04:49 ],0,151
40610,2014-05-29,[ 04:50 ],0,151
40611,2014-05-29,[ 04:51 ],0,152
40612,2014-05-29,[ 04:52 ],0,154
40613,2014-05-29,[ 04:53 ],0,151
40614,2014-05-29,[ 04:54 ],0,152
40615,2014-05-29,[ 04:55 ],0,152
40616,2014-05-29,[ 04:56 ],0,152
40617,2014-05-29,[ 04:57 ],0,150
40618,2014-05-29,[ 04:58 ],0,151
40619,2014-05-29,[ 04:59 ],0,151
40620,2014-05-29,[ 05:00 ],0,153
40621,2014-05-29,[ 05:01 ],0,153
40622,2014-05-29,[ 05:02 ],0,153
40623,2014-05-29,[ 05:03 ],0,154
40624,2014-05-29,[ 05:04 ],0,165
40625,2014-05-29,[ 05:05 ],0,163
40626,2014-05-29,[ 05:06 ],0,163
40627,2014-05-29,[ 05:07 ],0,163
40628,2014-05-29,[ 05:08 ],0,163
40629,2014-05-29,[ 05:09 ],0,162
40630,2014-05-29,[ 05:10 ],0,165
40631,2014-05-29,[ 05:11 ],0,161
40632,2014-05-29,[ 05:12 ],0,162
40633,2014-05-29,[ 05:13 ],0,163
40634,2014-05-29,[ 05:14 ],0,163
40635,2014-05-29,[ 05:15 ],0,175
40636,2014-05-29,[ 05:16 ],0,171
40637,2014-05-29,[ 05:17 ],0,173
40638,2014-05-29,[ 05:18 ],0,172
40639,2014-05-29,[ 05:19 ],0,171
40640,2014-05-29,[ 05:20 ],0,173
40641,2014-05-29,[ 05:21 ],0,171
40642,2014-05-29,[ 05:22 ],0,171
40643,2014-05-29,[ 05:23 ],0,246
40644,2014-05-29,[ 05:24 ],0,236
40645,2014-05-29,[ 05:25 ],0,235
40646,2014-05-29,[ 05:26 ],0,234
40647,2014-05-29,[ 05:27 ],0,229
40648,2014-05-29,[ 05:28 ],0,232
40649,2014-05-29,[ 05:29 ],0,228
40650,2014-05-29,[ 05:30 ],0,232
40651,2014-05-29,[ 05:31 ],0,231
40652,2014-05-29,[ 05:32 ],0,229
40653,2014-05-29,[ 05:33 ],0,229
40654,2014-05-29,[ 05:34 ],0,225
40655,2014-05-29,[ 05:35 ],0,171
40656,2014-05-29,[ 05:36 ],0,171
40657,2014-05-29,[ 05:37 ],0,171
40658,2014-05-29,[ 05:38 ],0,171
40659,2014-05-29,[ 05:39 ],0,171
40660,2014-05-29,[ 05:40 ],0,171
40661,2014-05-29,[ 05:41 ],0,172
40662,2014-05-29,[ 05:42 ],0,172
40663,2014-05-29,[ 05:43 ],0,172
40664,2014-05-29,[ 05:44 ],0,171
40665,2014-05-29,[ 05:45 ],0,171
40666,2014-05-29,[ 05:46 ],0,169
40667,2014-05-29,[ 05:47 ],0,157
40668,2014-05-29,[ 05:48 ],0,157
40669,2014-05-29,[ 05:49 ],0,158
40670,2014-05-29,[ 05:50 ],0,158
40671,2014-05-29,[ 05:51 ],0,157
40672,2014-05-29,[ 05:52 ],0,161
40673,2014-05-29,[ 05:53 ],0,160
40674,2014-05-29,[ 05:54 ],0,157
40675,2014-05-29,[ 05:55 ],0,159
40676,2014-05-29,[ 05:56 ],0,160
40677,2014-05-29,[ 05:57 ],0,160
40678,2014-05-29,[ 05:58 ],0,160
40679,2014-05-29,[ 05:59 ],0,213
40680,2014-05-29,[ 06:00 ],0,212
40681,2014-05-29,[ 06:01 ],0,205
40682,2014-05-29,[ 06:02 ],0,206
40683,2014-05-29,[ 06:03 ],0,205
40684,2014-05-29,[ 06:04 ],0,208
40685,2014-05-29,[ 06:05 ],0,208
40686,2014-05-29,[ 06:06 ],0,208
40687,2014-05-29,[ 06:07 ],0,205
40688,2014-05-29,[ 06:08 ],0,204
40689,2014-05-29,[ 06:09 ],0,205
40690,2014-05-29,[ 06:10 ],0,202
40691,2014-05-29,[ 06:11 ],0,203
40692,2014-05-29,[ 06:12 ],0,203
40693,2014-05-29,[ 06:13 ],0,203
40694,2014-05-29,[ 06:14 ],0,201
40695,2014-05-29,[ 06:15 ],0,202
40696,2014-05-29,[ 06:16 ],0,202
40697,2014-05-29,[ 06:17 ],0,202
40698,2014-05-29,[ 06:18 ],0,201
40699,2014-05-29,[ 06:19 ],0,202
40700,2014-05-29,[ 06:20 ],0,203
40701,2014-05-29,[ 06:21 ],0,203
40702,2014-05-29,[ 06:22 ],0,202
40703,2014-05-29,[ 06:23 ],0,203
40704,2014-05-29,[ 06:24 ],0,202
40705,2014-05-29,[ 06:25 ],0,202
40706,2014-05-29,[ 06:26 ],0,202
40707,2014-05-29,[ 06:27 ],0,202
40708,2014-05-29,[ 06:28 ],0,205
40709,2014-05-29,[ 06:29 ],0,212
40710,2014-05-29,[ 06:30 ],0,216
40711,2014-05-29,[ 06:31 ],0,217
40712,2014-05-29,[ 06:32 ],0,215
40713,2014-05-29,[ 06:33 ],0,213
40714,2014-05-29,[ 06:34 ],0,211
40715,2014-05-29,[ 06:35 ],0,212
40716,2014-05-29,[ 06:36 ],0,210
40717,2014-05-29,[ 06:37 ],0,158
40718,2014-05-29,[ 06:38 ],0,156
40719,2014-05-29,[ 06:39 ],0,158
40720,2014-05-29,[ 06:40 ],0,157
40721,2014-05-29,[ 06:41 ],0,158
40722,2014-05-29,[ 06:42 ],0,157
40723,2014-05-29,[ 06:43 ],0,158
40724,2014-05-29,[ 06:44 ],0,157
40725,2014-05-29,[ 06:45 ],0,158
40726,2014-05-29,[ 06:46 ],0,156
40727,2014-05-29,[ 06:47 ],0,157
40728,2014-05-29,[ 06:48 ],0,159
40729,2014-05-29,[ 06:49 ],0,157
40730,2014-05-29,[ 06:50 ],0,158
40731,2014-05-29,[ 06:51 ],0,157
40732,2014-05-29,[ 06:52 ],0,169
40733,2014-05-29,[ 06:53 ],0,170
40734,2014-05-29,[ 06:54 ],0,169
40735,2014-05-29,[ 06:55 ],0,170
40736,2014-05-29,[ 06:56 ],0,171
40737,2014-05-29,[ 06:57 ],0,171
40738,2014-05-29,[ 06:58 ],0,171
40739,2014-05-29,[ 06:59 ],0,172
40740,2014-05-29,[ 07:00 ],0,173
40741,2014-05-29,[ 07:01 ],0,174
40742,2014-05-29,[ 07:02 ],0,173
40743,2014-05-29,[ 07:03 ],0,172
40744,2014-05-29,[ 07:04 ],0,173
40745,2014-05-29,[ 07:05 ],0,171
40746,2014-05-29,[ 07:06 ],0,173
40747,2014-05-29,[ 07:07 ],0,172
40748,2014-05-29,[ 07:08 ],0,171
40749,2014-05-29,[ 07:09 ],0,171
40750,2014-05-29,[ 07:10 ],0,171
40751,2014-05-29,[ 07:11 ],0,170
40752,2014-05-29,[ 07:12 ],0,171
40753,2014-05-29,[ 07:13 ],0,171
40754,2014-05-29,[ 07:14 ],0,170
40755,2014-05-29,[ 07:15 ],0,167
40756,2014-05-29,[ 07:16 ],0,162
40757,2014-05-29,[ 07:17 ],0,158
40758,2014-05-29,[ 07:18 ],0,185
40759,2014-05-29,[ 07:19 ],0,162
40760,2014-05-29,[ 07:20 ],0,163
40761,2014-05-29,[ 07:21 ],0,162
40762,2014-05-29,[ 07:22 ],0,162
40763,2014-05-29,[ 07:23 ],0,229
40764,2014-05-29,[ 07:24 ],0,223
40765,2014-05-29,[ 07:25 ],0,219
40766,2014-05-29,[ 07:26 ],0,219
40767,2014-05-29,[ 07:27 ],0,217
40768,2014-05-29,[ 07:28 ],0,217
40769,2014-05-29,[ 07:29 ],0,217
40770,2014-05-29,[ 07:30 ],0,221
40771,2014-05-29,[ 07:31 ],0,219
40772,2014-05-29,[ 07:32 ],0,216
40773,2014-05-29,[ 07:33 ],0,215
40774,2014-05-29,[ 07:34 ],0,216
40775,2014-05-29,[ 07:35 ],0,161
40776,2014-05-29,[ 07:36 ],0,159
40777,2014-05-29,[ 07:37 ],0,160
40778,2014-05-29,[ 07:38 ],0,160
40779,2014-05-29,[ 07:39 ],0,161
40780,2014-05-29,[ 07:40 ],0,161
40781,2014-05-29,[ 07:41 ],0,163
40782,2014-05-29,[ 07:42 ],0,163
40783,2014-05-29,[ 07:43 ],0,159
40784,2014-05-29,[ 07:44 ],0,161
40785,2014-05-29,[ 07:45 ],0,163
40786,2014-05-29,[ 07:46 ],0,162
40787,2014-05-29,[ 07:47 ],0,163
40788,2014-05-29,[ 07:48 ],0,161
40789,2014-05-29,[ 07:49 ],0,161
40790,2014-05-29,[ 07:50 ],0,159
40791,2014-05-29,[ 07:51 ],0,149
40792,2014-05-29,[ 07:52 ],0,150
40793,2014-05-29,[ 07:53 ],0,150
40794,2014-05-29,[ 07:54 ],0,150
40795,2014-05-29,[ 07:55 ],0,150
40796,2014-05-29,[ 07:56 ],0,148
40797,2014-05-29,[ 07:57 ],0,148
40798,2014-05-29,[ 07:58 ],0,149
40799,2014-05-29,[ 07:59 ],0,149
40800,2014-05-29,[ 08:00 ],0,152
40801,2014-05-29,[ 08:01 ],0,154
40802,2014-05-29,[ 08:02 ],0,351
40803,2014-05-29,[ 08:03 ],0,357
40804,2014-05-29,[ 08:04 ],0,363
40805,2014-05-29,[ 08:05 ],0,358
40806,2014-05-29,[ 08:06 ],0,358
40807,2014-05-29,[ 08:07 ],0,357
40808,2014-05-29,[ 08:08 ],0,367
40809,2014-05-29,[ 08:09 ],0,359
40810,2014-05-29,[ 08:10 ],0,359
40811,2014-05-29,[ 08:11 ],0,402
40812,2014-05-29,[ 08:12 ],0,400
40813,2014-05-29,[ 08:13 ],0,403
40814,2014-05-29,[ 08:14 ],0,150
40815,2014-05-29,[ 08:15 ],0,149
40816,2014-05-29,[ 08:16 ],0,149
40817,2014-05-29,[ 08:17 ],0,150
40818,2014-05-29,[ 08:18 ],0,150
40819,2014-05-29,[ 08:19 ],0,150
40820,2014-05-29,[ 08:20 ],0,151
40821,2014-05-29,[ 08:21 ],0,150
40822,2014-05-29,[ 08:22 ],0,151
40823,2014-05-29,[ 08:23 ],0,150
40824,2014-05-29,[ 08:24 ],0,150
40825,2014-05-29,[ 08:25 ],0,176
40826,2014-05-29,[ 08:26 ],0,176
40827,2014-05-29,[ 08:27 ],0,327
40828,2014-05-29,[ 08:28 ],0,310
40829,2014-05-29,[ 08:29 ],0,222
40830,2014-05-29,[ 08:30 ],0,225
40831,2014-05-29,[ 08:31 ],0,234
40832,2014-05-29,[ 08:32 ],0,231
40833,2014-05-29,[ 08:33 ],0,234
40834,2014-05-29,[ 08:34 ],0,228
40835,2014-05-29,[ 08:35 ],0,227
40836,2014-05-29,[ 08:36 ],0,274
40837,2014-05-29,[ 08:37 ],0,266
40838,2014-05-29,[ 08:38 ],0,262
40839,2014-05-29,[ 08:39 ],0,260
40840,2014-05-29,[ 08:40 ],0,260
40841,2014-05-29,[ 08:41 ],0,257
40842,2014-05-29,[ 08:42 ],0,256
40843,2014-05-29,[ 08:43 ],0,253
40844,2014-05-29,[ 08:44 ],0,256
40845,2014-05-29,[ 08:45 ],0,253
40846,2014-05-29,[ 08:46 ],0,251
40847,2014-05-29,[ 08:47 ],0,254
40848,2014-05-29,[ 08:48 ],0,251
40849,2014-05-29,[ 08:49 ],0,251
40850,2014-05-29,[ 08:50 ],0,253
40851,2014-05-29,[ 08:51 ],0,252
40852,2014-05-29,[ 08:52 ],0,213
40853,2014-05-29,[ 08:53 ],0,212
40854,2014-05-29,[ 08:54 ],0,212
40855,2014-05-29,[ 08:55 ],0,211
40856,2014-05-29,[ 08:56 ],0,212
40857,2014-05-29,[ 08:57 ],0,212
40858,2014-05-29,[ 08:58 ],0,161
40859,2014-05-29,[ 08:59 ],0,159
40860,2014-05-29,[ 09:00 ],0,162
40861,2014-05-29,[ 09:01 ],0,155
40862,2014-05-29,[ 09:02 ],0,176
40863,2014-05-29,[ 09:03 ],0,178
40864,2014-05-29,[ 09:04 ],0,178
40865,2014-05-29,[ 09:05 ],0,176
40866,2014-05-29,[ 09:06 ],0,150
40867,2014-05-29,[ 09:07 ],0,202
40868,2014-05-29,[ 09:08 ],0,200
40869,2014-05-29,[ 09:09 ],0,200
40870,2014-05-29,[ 09:10 ],0,2598
40871,2014-05-29,[ 09:11 ],0,2238
40872,2014-05-29,[ 09:12 ],0,2273
40873,2014-05-29,[ 09:13 ],0,2255
40874,2014-05-29,[ 09:14 ],0,2275
40875,2014-05-29,[ 09:15 ],0,2240
40876,2014-05-29,[ 09:16 ],0,2262
40877,2014-05-29,[ 09:17 ],0,2281
40878,2014-05-29,[ 09:18 ],0,2281
40879,2014-05-29,[ 09:19 ],0,2287
40880,2014-05-29,[ 09:20 ],0,264
40881,2014-05-29,[ 09:21 ],0,264
40882,2014-05-29,[ 09:22 ],0,265
40883,2014-05-29,[ 09:23 ],0,259
40884,2014-05-29,[ 09:24 ],0,224
40885,2014-05-29,[ 09:25 ],0,223
40886,2014-05-29,[ 09:26 ],0,223
40887,2014-05-29,[ 09:27 ],0,224
40888,2014-05-29,[ 09:28 ],0,317
40889,2014-05-29,[ 09:29 ],0,327
40890,2014-05-29,[ 09:30 ],0,320
40891,2014-05-29,[ 09:31 ],0,323
40892,2014-05-29,[ 09:32 ],0,359
40893,2014-05-29,[ 09:33 ],0,368
40894,2014-05-29,[ 09:34 ],0,369
40895,2014-05-29,[ 09:35 ],0,368
40896,2014-05-29,[ 09:36 ],0,316
40897,2014-05-29,[ 09:37 ],0,326
40898,2014-05-29,[ 09:38 ],0,313
40899,2014-05-29,[ 09:39 ],0,317
40900,2014-05-29,[ 09:40 ],0,316
40901,2014-05-29,[ 09:41 ],0,254
40902,2014-05-29,[ 09:42 ],0,267
40903,2014-05-29,[ 09:43 ],0,262
40904,2014-05-29,[ 09:44 ],0,300
40905,2014-05-29,[ 09:45 ],0,311
40906,2014-05-29,[ 09:46 ],0,298
40907,2014-05-29,[ 09:47 ],0,264
40908,2014-05-29,[ 09:48 ],0,264
40909,2014-05-29,[ 09:49 ],0,266
40910,2014-05-29,[ 09:50 ],0,2254
40911,2014-05-29,[ 09:51 ],0,2283
40912,2014-05-29,[ 09:52 ],0,2291
40913,2014-05-29,[ 09:53 ],0,2307
40914,2014-05-29,[ 09:54 ],0,2328
40915,2014-05-29,[ 09:55 ],0,2350
40916,2014-05-29,[ 09:56 ],0,2299
40917,2014-05-29,[ 09:57 ],0,246
40918,2014-05-29,[ 09:58 ],0,243
40919,2014-05-29,[ 09:59 ],0,240
40920,2014-05-29,[ 10:00 ],0,247
40921,2014-05-29,[ 10:01 ],0,242
40922,2014-05-29,[ 10:02 ],0,245
40923,2014-05-29,[ 10:03 ],0,241
40924,2014-05-29,[ 10:04 ],0,184
40925,2014-05-29,[ 10:05 ],0,186
40926,2014-05-29,[ 10:06 ],0,184
40927,2014-05-29,[ 10:07 ],0,181
40928,2014-05-29,[ 10:08 ],0,158
40929,2014-05-29,[ 10:09 ],0,158
40930,2014-05-29,[ 10:10 ],0,160
40931,2014-05-29,[ 10:11 ],0,160
40932,2014-05-29,[ 10:12 ],0,185
40933,2014-05-29,[ 10:13 ],0,184
40934,2014-05-29,[ 10:14 ],0,184
40935,2014-05-29,[ 10:15 ],0,335
40936,2014-05-29,[ 10:16 ],0,267
40937,2014-05-29,[ 10:17 ],0,258
40938,2014-05-29,[ 10:18 ],0,262
40939,2014-05-29,[ 10:19 ],0,258
40940,2014-05-29,[ 10:20 ],0,257
40941,2014-05-29,[ 10:21 ],0,253
40942,2014-05-29,[ 10:22 ],0,250
40943,2014-05-29,[ 10:23 ],0,252
40944,2014-05-29,[ 10:24 ],0,252
40945,2014-05-29,[ 10:25 ],0,250
40946,2014-05-29,[ 10:26 ],0,247
40947,2014-05-29,[ 10:27 ],0,185
40948,2014-05-29,[ 10:28 ],0,184
40949,2014-05-29,[ 10:29 ],0,177
40950,2014-05-29,[ 10:30 ],0,176
40951,2014-05-29,[ 10:31 ],0,177
40952,2014-05-29,[ 10:32 ],0,176
40953,2014-05-29,[ 10:33 ],0,175
40954,2014-05-29,[ 10:34 ],0,176
40955,2014-05-29,[ 10:35 ],0,176
40956,2014-05-29,[ 10:36 ],0,174
40957,2014-05-29,[ 10:37 ],0,177
40958,2014-05-29,[ 10:38 ],0,176
40959,2014-05-29,[ 10:39 ],0,176
40960,2014-05-29,[ 10:40 ],0,177
40961,2014-05-29,[ 10:41 ],0,174
40962,2014-05-29,[ 10:42 ],0,173
40963,2014-05-29,[ 10:43 ],0,174
40964,2014-05-29,[ 10:44 ],0,178
40965,2014-05-29,[ 10:45 ],0,176
40966,2014-05-29,[ 10:46 ],0,176
40967,2014-05-29,[ 10:47 ],0,178
40968,2014-05-29,[ 10:48 ],0,176
40969,2014-05-29,[ 10:49 ],0,176
40970,2014-05-29,[ 10:50 ],0,176
40971,2014-05-29,[ 10:51 ],0,176
40972,2014-05-29,[ 10:52 ],0,177
40973,2014-05-29,[ 10:53 ],0,178
40974,2014-05-29,[ 10:54 ],0,176
40975,2014-05-29,[ 10:55 ],0,187
40976,2014-05-29,[ 10:56 ],0,188
40977,2014-05-29,[ 10:57 ],0,196
40978,2014-05-29,[ 10:58 ],0,195
40979,2014-05-29,[ 10:59 ],0,199
40980,2014-05-29,[ 11:00 ],0,201
40981,2014-05-29,[ 11:01 ],0,201
40982,2014-05-29,[ 11:02 ],0,202
40983,2014-05-29,[ 11:03 ],0,202
40984,2014-05-29,[ 11:04 ],0,201
40985,2014-05-29,[ 11:05 ],0,201
40986,2014-05-29,[ 11:06 ],0,200
40987,2014-05-29,[ 11:07 ],0,200
40988,2014-05-29,[ 11:08 ],0,200
40989,2014-05-29,[ 11:09 ],0,199
40990,2014-05-29,[ 11:10 ],0,200
40991,2014-05-29,[ 11:11 ],0,200
40992,2014-05-29,[ 11:12 ],0,200
40993,2014-05-29,[ 11:13 ],0,201
40994,2014-05-29,[ 11:14 ],0,199
40995,2014-05-29,[ 11:15 ],0,201
40996,2014-05-29,[ 11:16 ],0,196
40997,2014-05-29,[ 11:17 ],0,195
40998,2014-05-29,[ 11:18 ],0,285
40999,2014-05-29,[ 11:19 ],0,277
41000,2014-05-29,[ 11:20 ],0,277
41001,2014-05-29,[ 11:21 ],0,273
41002,2014-05-29,[ 11:22 ],0,273
41003,2014-05-29,[ 11:23 ],0,270
41004,2014-05-29,[ 11:24 ],0,272
41005,2014-05-29,[ 11:25 ],0,272
41006,2014-05-29,[ 11:26 ],0,269
41007,2014-05-29,[ 11:27 ],0,273
41008,2014-05-29,[ 11:28 ],0,269
41009,2014-05-29,[ 11:29 ],0,269
41010,2014-05-29,[ 11:30 ],0,201
41011,2014-05-29,[ 11:31 ],0,201
41012,2014-05-29,[ 11:32 ],0,200
41013,2014-05-29,[ 11:33 ],0,200
41014,2014-05-29,[ 11:34 ],0,199
41015,2014-05-29,[ 11:35 ],0,199
41016,2014-05-29,[ 11:36 ],0,194
41017,2014-05-29,[ 11:37 ],0,183
41018,2014-05-29,[ 11:38 ],0,183
41019,2014-05-29,[ 11:39 ],0,185
41020,2014-05-29,[ 11:40 ],0,184
41021,2014-05-29,[ 11:41 ],0,184
41022,2014-05-29,[ 11:42 ],0,182
41023,2014-05-29,[ 11:43 ],0,184
41024,2014-05-29,[ 11:44 ],0,176
41025,2014-05-29,[ 11:45 ],0,177
41026,2014-05-29,[ 11:46 ],0,177
41027,2014-05-29,[ 11:47 ],0,176
41028,2014-05-29,[ 11:48 ],0,175
41029,2014-05-29,[ 11:49 ],0,174
41030,2014-05-29,[ 11:50 ],0,176
41031,2014-05-29,[ 11:51 ],0,176
41032,2014-05-29,[ 11:52 ],0,185
41033,2014-05-29,[ 11:53 ],0,189
41034,2014-05-29,[ 11:54 ],0,187
41035,2014-05-29,[ 11:55 ],0,187
41036,2014-05-29,[ 11:56 ],0,266
41037,2014-05-29,[ 11:57 ],0,260
41038,2014-05-29,[ 11:58 ],0,258
41039,2014-05-29,[ 11:59 ],0,264
41040,2014-05-29,[ 12:00 ],0,264
41041,2014-05-29,[ 12:01 ],0,265
41042,2014-05-29,[ 12:02 ],0,262
41043,2014-05-29,[ 12:03 ],0,264
41044,2014-05-29,[ 12:04 ],0,262
41045,2014-05-29,[ 12:05 ],0,259
41046,2014-05-29,[ 12:06 ],0,259
41047,2014-05-29,[ 12:07 ],0,259
41048,2014-05-29,[ 12:08 ],0,258
41049,2014-05-29,[ 12:09 ],0,259
41050,2014-05-29,[ 12:10 ],0,254
41051,2014-05-29,[ 12:11 ],0,270
41052,2014-05-29,[ 12:12 ],0,272
41053,2014-05-29,[ 12:13 ],0,270
41054,2014-05-29,[ 12:14 ],0,270
41055,2014-05-29,[ 12:15 ],0,272
41056,2014-05-29,[ 12:16 ],0,270
41057,2014-05-29,[ 12:17 ],0,270
41058,2014-05-29,[ 12:18 ],0,272
41059,2014-05-29,[ 12:19 ],0,271
41060,2014-05-29,[ 12:20 ],0,272
41061,2014-05-29,[ 12:21 ],0,271
41062,2014-05-29,[ 12:22 ],0,273
41063,2014-05-29,[ 12:23 ],0,271
41064,2014-05-29,[ 12:24 ],0,270
41065,2014-05-29,[ 12:25 ],0,271
41066,2014-05-29,[ 12:26 ],0,272
41067,2014-05-29,[ 12:27 ],0,271
41068,2014-05-29,[ 12:28 ],0,277
41069,2014-05-29,[ 12:29 ],0,261
41070,2014-05-29,[ 12:30 ],0,259
41071,2014-05-29,[ 12:31 ],0,257
41072,2014-05-29,[ 12:32 ],0,254
41073,2014-05-29,[ 12:33 ],0,253
41074,2014-05-29,[ 12:34 ],0,185
41075,2014-05-29,[ 12:35 ],0,188
41076,2014-05-29,[ 12:36 ],0,187
41077,2014-05-29,[ 12:37 ],0,187
41078,2014-05-29,[ 12:38 ],0,186
41079,2014-05-29,[ 12:39 ],0,185
41080,2014-05-29,[ 12:40 ],0,183
41081,2014-05-29,[ 12:41 ],0,173
41082,2014-05-29,[ 12:42 ],0,175
41083,2014-05-29,[ 12:43 ],0,181
41084,2014-05-29,[ 12:44 ],0,182
41085,2014-05-29,[ 12:45 ],0,183
41086,2014-05-29,[ 12:46 ],0,183
41087,2014-05-29,[ 12:47 ],0,183
41088,2014-05-29,[ 12:48 ],0,183
41089,2014-05-29,[ 12:49 ],0,183
41090,2014-05-29,[ 12:50 ],0,183
41091,2014-05-29,[ 12:51 ],0,183
41092,2014-05-29,[ 12:52 ],0,183
41093,2014-05-29,[ 12:53 ],0,183
41094,2014-05-29,[ 12:54 ],0,183
41095,2014-05-29,[ 12:55 ],0,182
41096,2014-05-29,[ 12:56 ],0,183
41097,2014-05-29,[ 12:57 ],0,183
41098,2014-05-29,[ 12:58 ],0,182
41099,2014-05-29,[ 12:59 ],0,181
41100,2014-05-29,[ 13:00 ],0,183
41101,2014-05-29,[ 13:01 ],0,183
41102,2014-05-29,[ 13:02 ],0,184
41103,2014-05-29,[ 13:03 ],0,182
41104,2014-05-29,[ 13:04 ],0,185
41105,2014-05-29,[ 13:05 ],0,185
41106,2014-05-29,[ 13:06 ],0,184
41107,2014-05-29,[ 13:07 ],0,184
41108,2014-05-29,[ 13:08 ],0,160
41109,2014-05-29,[ 13:09 ],0,159
41110,2014-05-29,[ 13:10 ],0,158
41111,2014-05-29,[ 13:11 ],0,157
41112,2014-05-29,[ 13:12 ],0,159
41113,2014-05-29,[ 13:13 ],0,158
41114,2014-05-29,[ 13:14 ],0,158
41115,2014-05-29,[ 13:15 ],0,161
41116,2014-05-29,[ 13:16 ],0,157
41117,2014-05-29,[ 13:17 ],0,158
41118,2014-05-29,[ 13:18 ],0,159
41119,2014-05-29,[ 13:19 ],0,227
41120,2014-05-29,[ 13:20 ],0,217
41121,2014-05-29,[ 13:21 ],0,216
41122,2014-05-29,[ 13:22 ],0,214
41123,2014-05-29,[ 13:23 ],0,215
41124,2014-05-29,[ 13:24 ],0,214
41125,2014-05-29,[ 13:25 ],0,213
41126,2014-05-29,[ 13:26 ],0,211
41127,2014-05-29,[ 13:27 ],0,212
41128,2014-05-29,[ 13:28 ],0,211
41129,2014-05-29,[ 13:29 ],0,199
41130,2014-05-29,[ 13:30 ],0,150
41131,2014-05-29,[ 13:31 ],0,150
41132,2014-05-29,[ 13:32 ],0,152
41133,2014-05-29,[ 13:33 ],0,153
41134,2014-05-29,[ 13:34 ],0,150
41135,2014-05-29,[ 13:35 ],0,150
41136,2014-05-29,[ 13:36 ],0,151
41137,2014-05-29,[ 13:37 ],0,163
41138,2014-05-29,[ 13:38 ],0,163
41139,2014-05-29,[ 13:39 ],0,163
41140,2014-05-29,[ 13:40 ],0,163
41141,2014-05-29,[ 13:41 ],0,165
41142,2014-05-29,[ 13:42 ],0,162
41143,2014-05-29,[ 13:43 ],0,163
41144,2014-05-29,[ 13:44 ],0,162
41145,2014-05-29,[ 13:45 ],0,162
41146,2014-05-29,[ 13:46 ],0,188
41147,2014-05-29,[ 13:47 ],0,188
41148,2014-05-29,[ 13:48 ],0,188
41149,2014-05-29,[ 13:49 ],0,162
41150,2014-05-29,[ 13:50 ],0,162
41151,2014-05-29,[ 13:51 ],0,162
41152,2014-05-29,[ 13:52 ],0,163
41153,2014-05-29,[ 13:53 ],0,163
41154,2014-05-29,[ 13:54 ],0,162
41155,2014-05-29,[ 13:55 ],0,163
41156,2014-05-29,[ 13:56 ],0,167
41157,2014-05-29,[ 13:57 ],0,171
41158,2014-05-29,[ 13:58 ],0,173
41159,2014-05-29,[ 13:59 ],0,171
41160,2014-05-29,[ 14:00 ],0,173
41161,2014-05-29,[ 14:01 ],0,173
41162,2014-05-29,[ 14:02 ],0,173
41163,2014-05-29,[ 14:03 ],0,172
41164,2014-05-29,[ 14:04 ],0,174
41165,2014-05-29,[ 14:05 ],0,173
41166,2014-05-29,[ 14:06 ],0,170
41167,2014-05-29,[ 14:07 ],0,171
41168,2014-05-29,[ 14:08 ],0,171
41169,2014-05-29,[ 14:09 ],0,171
41170,2014-05-29,[ 14:10 ],0,158
41171,2014-05-29,[ 14:11 ],0,156
41172,2014-05-29,[ 14:12 ],0,158
41173,2014-05-29,[ 14:13 ],0,157
41174,2014-05-29,[ 14:14 ],0,157
41175,2014-05-29,[ 14:15 ],0,157
41176,2014-05-29,[ 14:16 ],0,158
41177,2014-05-29,[ 14:17 ],0,156
41178,2014-05-29,[ 14:18 ],0,158
41179,2014-05-29,[ 14:19 ],0,157
41180,2014-05-29,[ 14:20 ],0,157
41181,2014-05-29,[ 14:21 ],0,160
41182,2014-05-29,[ 14:22 ],0,510
41183,2014-05-29,[ 14:23 ],0,216
41184,2014-05-29,[ 14:24 ],0,215
41185,2014-05-29,[ 14:25 ],0,213
41186,2014-05-29,[ 14:26 ],0,213
41187,2014-05-29,[ 14:27 ],0,211
41188,2014-05-29,[ 14:28 ],0,213
41189,2014-05-29,[ 14:29 ],0,212
41190,2014-05-29,[ 14:30 ],0,210
41191,2014-05-29,[ 14:31 ],0,210
41192,2014-05-29,[ 14:32 ],0,210
41193,2014-05-29,[ 14:33 ],0,156
41194,2014-05-29,[ 14:34 ],0,157
41195,2014-05-29,[ 14:35 ],0,158
41196,2014-05-29,[ 14:36 ],0,157
41197,2014-05-29,[ 14:37 ],0,157
41198,2014-05-29,[ 14:38 ],0,156
41199,2014-05-29,[ 14:39 ],0,157
41200,2014-05-29,[ 14:40 ],0,156
41201,2014-05-29,[ 14:41 ],0,157
41202,2014-05-29,[ 14:42 ],0,156
41203,2014-05-29,[ 14:43 ],0,158
41204,2014-05-29,[ 14:44 ],0,158
41205,2014-05-29,[ 14:45 ],0,159
41206,2014-05-29,[ 14:46 ],0,158
41207,2014-05-29,[ 14:47 ],0,158
41208,2014-05-29,[ 14:48 ],0,242
41209,2014-05-29,[ 14:49 ],0,213
41210,2014-05-29,[ 14:50 ],0,211
41211,2014-05-29,[ 14:51 ],0,213
41212,2014-05-29,[ 14:52 ],0,215
41213,2014-05-29,[ 14:53 ],0,235
41214,2014-05-29,[ 14:54 ],0,239
41215,2014-05-29,[ 14:55 ],0,235
41216,2014-05-29,[ 14:56 ],0,235
41217,2014-05-29,[ 14:57 ],0,234
41218,2014-05-29,[ 14:58 ],0,234
41219,2014-05-29,[ 14:59 ],0,219
41220,2014-05-29,[ 15:00 ],0,219
41221,2014-05-29,[ 15:01 ],0,222
41222,2014-05-29,[ 15:02 ],0,223
41223,2014-05-29,[ 15:03 ],0,224
41224,2014-05-29,[ 15:04 ],0,222
41225,2014-05-29,[ 15:05 ],0,222
41226,2014-05-29,[ 15:06 ],0,219
41227,2014-05-29,[ 15:07 ],0,222
41228,2014-05-29,[ 15:08 ],0,221
41229,2014-05-29,[ 15:09 ],0,221
41230,2014-05-29,[ 15:10 ],0,222
41231,2014-05-29,[ 15:11 ],0,223
41232,2014-05-29,[ 15:12 ],0,226
41233,2014-05-29,[ 15:13 ],0,223
41234,2014-05-29,[ 15:14 ],0,225
41235,2014-05-29,[ 15:15 ],0,226
41236,2014-05-29,[ 15:16 ],0,223
41237,2014-05-29,[ 15:17 ],0,224
41238,2014-05-29,[ 15:18 ],0,222
41239,2014-05-29,[ 15:19 ],0,221
41240,2014-05-29,[ 15:20 ],0,222
41241,2014-05-29,[ 15:21 ],0,221
41242,2014-05-29,[ 15:22 ],0,218
41243,2014-05-29,[ 15:23 ],0,218
41244,2014-05-29,[ 15:24 ],0,165
41245,2014-05-29,[ 15:25 ],0,152
41246,2014-05-29,[ 15:26 ],0,152
41247,2014-05-29,[ 15:27 ],0,152
41248,2014-05-29,[ 15:28 ],0,151
41249,2014-05-29,[ 15:29 ],0,151
41250,2014-05-29,[ 15:30 ],0,151
41251,2014-05-29,[ 15:31 ],0,151
41252,2014-05-29,[ 15:32 ],0,149
41253,2014-05-29,[ 15:33 ],0,153
41254,2014-05-29,[ 15:34 ],0,154
41255,2014-05-29,[ 15:35 ],0,151
41256,2014-05-29,[ 15:36 ],0,152
41257,2014-05-29,[ 15:37 ],0,153
41258,2014-05-29,[ 15:38 ],0,152
41259,2014-05-29,[ 15:39 ],0,153
41260,2014-05-29,[ 15:40 ],0,153
41261,2014-05-29,[ 15:41 ],0,153
41262,2014-05-29,[ 15:42 ],0,152
41263,2014-05-29,[ 15:43 ],0,153
41264,2014-05-29,[ 15:44 ],0,153
41265,2014-05-29,[ 15:45 ],0,153
41266,2014-05-29,[ 15:46 ],0,152
41267,2014-05-29,[ 15:47 ],0,153
41268,2014-05-29,[ 15:48 ],0,154
41269,2014-05-29,[ 15:49 ],0,151
41270,2014-05-29,[ 15:50 ],0,153
41271,2014-05-29,[ 15:51 ],0,162
41272,2014-05-29,[ 15:52 ],0,162
41273,2014-05-29,[ 15:53 ],0,163
41274,2014-05-29,[ 15:54 ],0,165
41275,2014-05-29,[ 15:55 ],0,171
41276,2014-05-29,[ 15:56 ],0,172
41277,2014-05-29,[ 15:57 ],0,171
41278,2014-05-29,[ 15:58 ],0,172
41279,2014-05-29,[ 15:59 ],0,172
41280,2014-05-29,[ 16:00 ],0,172
41281,2014-05-29,[ 16:01 ],0,174
41282,2014-05-29,[ 16:02 ],0,173
41283,2014-05-29,[ 16:03 ],0,175
41284,2014-05-29,[ 16:04 ],0,175
41285,2014-05-29,[ 16:05 ],0,174
41286,2014-05-29,[ 16:06 ],0,238
41287,2014-05-29,[ 16:07 ],0,237
41288,2014-05-29,[ 16:08 ],0,232
41289,2014-05-29,[ 16:09 ],0,232
41290,2014-05-29,[ 16:10 ],0,235
41291,2014-05-29,[ 16:11 ],0,231
41292,2014-05-29,[ 16:12 ],0,232
41293,2014-05-29,[ 16:13 ],0,232
41294,2014-05-29,[ 16:14 ],0,231
41295,2014-05-29,[ 16:15 ],0,229
41296,2014-05-29,[ 16:16 ],0,231
41297,2014-05-29,[ 16:17 ],0,225
41298,2014-05-29,[ 16:18 ],0,172
41299,2014-05-29,[ 16:19 ],0,171
41300,2014-05-29,[ 16:20 ],0,171
41301,2014-05-29,[ 16:21 ],0,171
41302,2014-05-29,[ 16:22 ],0,173
41303,2014-05-29,[ 16:23 ],0,172
41304,2014-05-29,[ 16:24 ],0,173
41305,2014-05-29,[ 16:25 ],0,171
41306,2014-05-29,[ 16:26 ],0,171
41307,2014-05-29,[ 16:27 ],0,173
41308,2014-05-29,[ 16:28 ],0,171
41309,2014-05-29,[ 16:29 ],0,174
41310,2014-05-29,[ 16:30 ],0,172
41311,2014-05-29,[ 16:31 ],0,172
41312,2014-05-29,[ 16:32 ],0,173
41313,2014-05-29,[ 16:33 ],0,171
41314,2014-05-29,[ 16:34 ],0,173
41315,2014-05-29,[ 16:35 ],0,173
41316,2014-05-29,[ 16:36 ],0,173
41317,2014-05-29,[ 16:37 ],0,174
41318,2014-05-29,[ 16:38 ],0,171
41319,2014-05-29,[ 16:39 ],0,171
41320,2014-05-29,[ 16:40 ],0,159
41321,2014-05-29,[ 16:41 ],0,159
41322,2014-05-29,[ 16:42 ],0,159
41323,2014-05-29,[ 16:43 ],0,159
41324,2014-05-29,[ 16:44 ],0,159
41325,2014-05-29,[ 16:45 ],0,159
41326,2014-05-29,[ 16:46 ],0,159
41327,2014-05-29,[ 16:47 ],0,160
41328,2014-05-29,[ 16:48 ],0,159
41329,2014-05-29,[ 16:49 ],0,159
41330,2014-05-29,[ 16:50 ],0,158
41331,2014-05-29,[ 16:51 ],0,160
41332,2014-05-29,[ 16:52 ],0,158
41333,2014-05-29,[ 16:53 ],0,160
41334,2014-05-29,[ 16:54 ],0,159
41335,2014-05-29,[ 16:55 ],0,158
41336,2014-05-29,[ 16:56 ],0,161
41337,2014-05-29,[ 16:57 ],0,160
41338,2014-05-29,[ 16:58 ],0,152
41339,2014-05-29,[ 16:59 ],0,153
41340,2014-05-29,[ 17:00 ],0,154
41341,2014-05-29,[ 17:01 ],0,154
41342,2014-05-29,[ 17:02 ],0,156
41343,2014-05-29,[ 17:03 ],0,155
41344,2014-05-29,[ 17:04 ],0,154
41345,2014-05-29,[ 17:05 ],0,150
41346,2014-05-29,[ 17:06 ],0,152
41347,2014-05-29,[ 17:07 ],0,160
41348,2014-05-29,[ 17:08 ],0,237
41349,2014-05-29,[ 17:09 ],0,237
41350,2014-05-29,[ 17:10 ],0,218
41351,2014-05-29,[ 17:11 ],0,226
41352,2014-05-29,[ 17:12 ],0,217
41353,2014-05-29,[ 17:13 ],0,223
41354,2014-05-29,[ 17:14 ],0,222
41355,2014-05-29,[ 17:15 ],0,218
41356,2014-05-29,[ 17:16 ],0,222
41357,2014-05-29,[ 17:17 ],0,222
41358,2014-05-29,[ 17:18 ],0,221
41359,2014-05-29,[ 17:19 ],0,215
41360,2014-05-29,[ 17:20 ],0,163
41361,2014-05-29,[ 17:21 ],0,163
41362,2014-05-29,[ 17:22 ],0,163
41363,2014-05-29,[ 17:23 ],0,166
41364,2014-05-29,[ 17:24 ],0,163
41365,2014-05-29,[ 17:25 ],0,163
41366,2014-05-29,[ 17:26 ],0,161
41367,2014-05-29,[ 17:27 ],0,165
41368,2014-05-29,[ 17:28 ],0,165
41369,2014-05-29,[ 17:29 ],0,162
41370,2014-05-29,[ 17:30 ],0,163
41371,2014-05-29,[ 17:31 ],0,162
41372,2014-05-29,[ 17:32 ],0,163
41373,2014-05-29,[ 17:33 ],0,188
41374,2014-05-29,[ 17:34 ],0,188
41375,2014-05-29,[ 17:35 ],0,186
41376,2014-05-29,[ 17:36 ],0,165
41377,2014-05-29,[ 17:37 ],0,165
41378,2014-05-29,[ 17:38 ],0,165
41379,2014-05-29,[ 17:39 ],0,163
41380,2014-05-29,[ 17:40 ],0,237
41381,2014-05-29,[ 17:41 ],0,234
41382,2014-05-29,[ 17:42 ],0,232
41383,2014-05-29,[ 17:43 ],0,237
41384,2014-05-29,[ 17:44 ],0,237
41385,2014-05-29,[ 17:45 ],0,237
41386,2014-05-29,[ 17:46 ],0,237
41387,2014-05-29,[ 17:47 ],0,235
41388,2014-05-29,[ 17:48 ],0,239
41389,2014-05-29,[ 17:49 ],0,239
41390,2014-05-29,[ 17:50 ],0,236
41391,2014-05-29,[ 17:51 ],0,235
41392,2014-05-29,[ 17:52 ],0,235
41393,2014-05-29,[ 17:53 ],0,232
41394,2014-05-29,[ 17:54 ],0,234
41395,2014-05-29,[ 17:55 ],0,235
41396,2014-05-29,[ 17:56 ],0,229
41397,2014-05-29,[ 17:57 ],0,234
41398,2014-05-29,[ 17:58 ],0,269
41399,2014-05-29,[ 17:59 ],0,272
41400,2014-05-29,[ 18:00 ],0,272
41401,2014-05-29,[ 18:01 ],0,252
41402,2014-05-29,[ 18:02 ],0,236
41403,2014-05-29,[ 18:03 ],0,236
41404,2014-05-29,[ 18:04 ],0,238
41405,2014-05-29,[ 18:05 ],0,235
41406,2014-05-29,[ 18:06 ],0,232
41407,2014-05-29,[ 18:07 ],0,235
41408,2014-05-29,[ 18:08 ],0,235
41409,2014-05-29,[ 18:09 ],0,229
41410,2014-05-29,[ 18:10 ],0,214
41411,2014-05-29,[ 18:11 ],0,215
41412,2014-05-29,[ 18:12 ],0,216
41413,2014-05-29,[ 18:13 ],0,213
41414,2014-05-29,[ 18:14 ],0,213
41415,2014-05-29,[ 18:15 ],0,213
41416,2014-05-29,[ 18:16 ],0,211
41417,2014-05-29,[ 18:17 ],0,160
41418,2014-05-29,[ 18:18 ],0,160
41419,2014-05-29,[ 18:19 ],0,159
41420,2014-05-29,[ 18:20 ],0,158
41421,2014-05-29,[ 18:21 ],0,161
41422,2014-05-29,[ 18:22 ],0,163
41423,2014-05-29,[ 18:23 ],0,237
41424,2014-05-29,[ 18:24 ],0,234
41425,2014-05-29,[ 18:25 ],0,234
41426,2014-05-29,[ 18:26 ],0,213
41427,2014-05-29,[ 18:27 ],0,204
41428,2014-05-29,[ 18:28 ],0,208
41429,2014-05-29,[ 18:29 ],0,204
41430,2014-05-29,[ 18:30 ],0,205
41431,2014-05-29,[ 18:31 ],0,204
41432,2014-05-29,[ 18:32 ],0,203
41433,2014-05-29,[ 18:33 ],0,203
41434,2014-05-29,[ 18:34 ],0,201
41435,2014-05-29,[ 18:35 ],0,195
41436,2014-05-29,[ 18:36 ],0,196
41437,2014-05-29,[ 18:37 ],0,214
41438,2014-05-29,[ 18:38 ],0,215
41439,2014-05-29,[ 18:39 ],0,216
41440,2014-05-29,[ 18:40 ],0,216
41441,2014-05-29,[ 18:41 ],0,216
41442,2014-05-29,[ 18:42 ],0,216
41443,2014-05-29,[ 18:43 ],0,215
41444,2014-05-29,[ 18:44 ],0,217
41445,2014-05-29,[ 18:45 ],0,216
41446,2014-05-29,[ 18:46 ],0,217
41447,2014-05-29,[ 18:47 ],0,215
41448,2014-05-29,[ 18:48 ],0,214
41449,2014-05-29,[ 18:49 ],0,217
41450,2014-05-29,[ 18:50 ],0,216
41451,2014-05-29,[ 18:51 ],0,215
41452,2014-05-29,[ 18:52 ],0,216
41453,2014-05-29,[ 18:53 ],0,236
41454,2014-05-29,[ 18:54 ],0,236
41455,2014-05-29,[ 18:55 ],0,223
41456,2014-05-29,[ 18:56 ],0,225
41457,2014-05-29,[ 18:57 ],0,226
41458,2014-05-29,[ 18:58 ],0,226
41459,2014-05-29,[ 18:59 ],0,225
41460,2014-05-29,[ 19:00 ],0,316
41461,2014-05-29,[ 19:01 ],0,316
41462,2014-05-29,[ 19:02 ],0,292
41463,2014-05-29,[ 19:03 ],0,306
41464,2014-05-29,[ 19:04 ],0,226
41465,2014-05-29,[ 19:05 ],0,223
41466,2014-05-29,[ 19:06 ],0,222
41467,2014-05-29,[ 19:07 ],0,223
41468,2014-05-29,[ 19:08 ],0,219
41469,2014-05-29,[ 19:09 ],0,215
41470,2014-05-29,[ 19:10 ],0,217
41471,2014-05-29,[ 19:11 ],0,217
41472,2014-05-29,[ 19:12 ],0,163
41473,2014-05-29,[ 19:13 ],0,163
41474,2014-05-29,[ 19:14 ],0,163
41475,2014-05-29,[ 19:15 ],0,163
41476,2014-05-29,[ 19:16 ],0,166
41477,2014-05-29,[ 19:17 ],0,163
41478,2014-05-29,[ 19:18 ],0,163
41479,2014-05-29,[ 19:19 ],0,165
41480,2014-05-29,[ 19:20 ],0,165
41481,2014-05-29,[ 19:21 ],0,162
41482,2014-05-29,[ 19:22 ],0,162
41483,2014-05-29,[ 19:23 ],0,161
41484,2014-05-29,[ 19:24 ],0,163
41485,2014-05-29,[ 19:25 ],0,168
41486,2014-05-29,[ 19:26 ],0,171
41487,2014-05-29,[ 19:27 ],0,172
41488,2014-05-29,[ 19:28 ],0,172
41489,2014-05-29,[ 19:29 ],0,171
41490,2014-05-29,[ 19:30 ],0,170
41491,2014-05-29,[ 19:31 ],0,171
41492,2014-05-29,[ 19:32 ],0,171
41493,2014-05-29,[ 19:33 ],0,171
41494,2014-05-29,[ 19:34 ],0,159
41495,2014-05-29,[ 19:35 ],0,160
41496,2014-05-29,[ 19:36 ],0,159
41497,2014-05-29,[ 19:37 ],0,161
41498,2014-05-29,[ 19:38 ],0,159
41499,2014-05-29,[ 19:39 ],0,160
41500,2014-05-29,[ 19:40 ],0,161
41501,2014-05-29,[ 19:41 ],0,162
41502,2014-05-29,[ 19:42 ],0,162
41503,2014-05-29,[ 19:43 ],0,162
41504,2014-05-29,[ 19:44 ],0,161
41505,2014-05-29,[ 19:45 ],0,161
41506,2014-05-29,[ 19:46 ],0,161
41507,2014-05-29,[ 19:47 ],0,159
41508,2014-05-29,[ 19:48 ],0,160
41509,2014-05-29,[ 19:49 ],0,159
41510,2014-05-29,[ 19:50 ],0,161
41511,2014-05-29,[ 19:51 ],0,160
41512,2014-05-29,[ 19:52 ],0,160
41513,2014-05-29,[ 19:53 ],0,160
41514,2014-05-29,[ 19:54 ],0,161
41515,2014-05-29,[ 19:55 ],0,161
41516,2014-05-29,[ 19:56 ],0,159
41517,2014-05-29,[ 19:57 ],0,159
41518,2014-05-29,[ 19:58 ],0,159
41519,2014-05-29,[ 19:59 ],0,160
41520,2014-05-29,[ 20:00 ],0,162
41521,2014-05-29,[ 20:01 ],0,162
41522,2014-05-29,[ 20:02 ],0,161
41523,2014-05-29,[ 20:03 ],0,232
41524,2014-05-29,[ 20:04 ],0,236
41525,2014-05-29,[ 20:05 ],0,232
41526,2014-05-29,[ 20:06 ],0,235
41527,2014-05-29,[ 20:07 ],0,238
41528,2014-05-29,[ 20:08 ],0,237
41529,2014-05-29,[ 20:09 ],0,235
41530,2014-05-29,[ 20:10 ],0,221
41531,2014-05-29,[ 20:11 ],0,217
41532,2014-05-29,[ 20:12 ],0,222
41533,2014-05-29,[ 20:13 ],0,219
41534,2014-05-29,[ 20:14 ],0,219
41535,2014-05-29,[ 20:15 ],0,166
41536,2014-05-29,[ 20:16 ],0,167
41537,2014-05-29,[ 20:17 ],0,165
41538,2014-05-29,[ 20:18 ],0,163
41539,2014-05-29,[ 20:19 ],0,163
41540,2014-05-29,[ 20:20 ],0,165
41541,2014-05-29,[ 20:21 ],0,163
41542,2014-05-29,[ 20:22 ],0,166
41543,2014-05-29,[ 20:23 ],0,163
41544,2014-05-29,[ 20:24 ],0,166
41545,2014-05-29,[ 20:25 ],0,165
41546,2014-05-29,[ 20:26 ],0,166
41547,2014-05-29,[ 20:27 ],0,167
41548,2014-05-29,[ 20:28 ],0,165
41549,2014-05-29,[ 20:29 ],0,166
41550,2014-05-29,[ 20:30 ],0,168
41551,2014-05-29,[ 20:31 ],0,168
41552,2014-05-29,[ 20:32 ],0,229
41553,2014-05-29,[ 20:33 ],0,224
41554,2014-05-29,[ 20:34 ],0,219
41555,2014-05-29,[ 20:35 ],0,226
41556,2014-05-29,[ 20:36 ],0,227
41557,2014-05-29,[ 20:37 ],0,226
41558,2014-05-29,[ 20:38 ],0,225
41559,2014-05-29,[ 20:39 ],0,226
41560,2014-05-29,[ 20:40 ],0,226
41561,2014-05-29,[ 20:41 ],0,225
41562,2014-05-29,[ 20:42 ],0,237
41563,2014-05-29,[ 20:43 ],0,234
41564,2014-05-29,[ 20:44 ],0,235
41565,2014-05-29,[ 20:45 ],0,236
41566,2014-05-29,[ 20:46 ],0,236
41567,2014-05-29,[ 20:47 ],0,236
41568,2014-05-29,[ 20:48 ],0,234
41569,2014-05-29,[ 20:49 ],0,238
41570,2014-05-29,[ 20:50 ],0,236
41571,2014-05-29,[ 20:51 ],0,236
41572,2014-05-29,[ 20:52 ],0,237
41573,2014-05-29,[ 20:53 ],0,236
41574,2014-05-29,[ 20:54 ],0,236
41575,2014-05-29,[ 20:55 ],0,237
41576,2014-05-29,[ 20:56 ],0,239
41577,2014-05-29,[ 20:57 ],0,235
41578,2014-05-29,[ 20:58 ],0,235
41579,2014-05-29,[ 20:59 ],0,236
41580,2014-05-29,[ 21:00 ],0,238
41581,2014-05-29,[ 21:01 ],0,240
41582,2014-05-29,[ 21:02 ],0,237
41583,2014-05-29,[ 21:03 ],0,238
41584,2014-05-29,[ 21:04 ],0,238
41585,2014-05-29,[ 21:05 ],0,238
41586,2014-05-29,[ 21:06 ],0,236
41587,2014-05-29,[ 21:07 ],0,232
41588,2014-05-29,[ 21:08 ],0,161
41589,2014-05-29,[ 21:09 ],0,162
41590,2014-05-29,[ 21:10 ],0,162
41591,2014-05-29,[ 21:11 ],0,162
41592,2014-05-29,[ 21:12 ],0,160
41593,2014-05-29,[ 21:13 ],0,163
41594,2014-05-29,[ 21:14 ],0,163
41595,2014-05-29,[ 21:15 ],0,162
41596,2014-05-29,[ 21:16 ],0,163
41597,2014-05-29,[ 21:17 ],0,163
41598,2014-05-29,[ 21:18 ],0,175
41599,2014-05-29,[ 21:19 ],0,174
41600,2014-05-29,[ 21:20 ],0,174
41601,2014-05-29,[ 21:21 ],0,172
41602,2014-05-29,[ 21:22 ],0,173
41603,2014-05-29,[ 21:23 ],0,174
41604,2014-05-29,[ 21:24 ],0,174
41605,2014-05-29,[ 21:25 ],0,175
41606,2014-05-29,[ 21:26 ],0,175
41607,2014-05-29,[ 21:27 ],0,174
41608,2014-05-29,[ 21:28 ],0,172
41609,2014-05-29,[ 21:29 ],0,174
41610,2014-05-29,[ 21:30 ],0,174
41611,2014-05-29,[ 21:31 ],0,173
41612,2014-05-29,[ 21:32 ],0,173
41613,2014-05-29,[ 21:33 ],0,173
41614,2014-05-29,[ 21:34 ],0,174
41615,2014-05-29,[ 21:35 ],0,175
41616,2014-05-29,[ 21:36 ],0,163
41617,2014-05-29,[ 21:37 ],0,162
41618,2014-05-29,[ 21:38 ],0,163
41619,2014-05-29,[ 21:39 ],0,163
41620,2014-05-29,[ 21:40 ],0,162
41621,2014-05-29,[ 21:41 ],0,155
41622,2014-05-29,[ 21:42 ],0,156
41623,2014-05-29,[ 21:43 ],0,154
41624,2014-05-29,[ 21:44 ],0,153
41625,2014-05-29,[ 21:45 ],0,154
41626,2014-05-29,[ 21:46 ],0,154
41627,2014-05-29,[ 21:47 ],0,156
41628,2014-05-29,[ 21:48 ],0,153
41629,2014-05-29,[ 21:49 ],0,154
41630,2014-05-29,[ 21:50 ],0,151
41631,2014-05-29,[ 21:51 ],0,218
41632,2014-05-29,[ 21:52 ],0,207
41633,2014-05-29,[ 21:53 ],0,206
41634,2014-05-29,[ 21:54 ],0,206
41635,2014-05-29,[ 21:55 ],0,213
41636,2014-05-29,[ 21:56 ],0,213
41637,2014-05-29,[ 21:57 ],0,212
41638,2014-05-29,[ 21:58 ],0,212
41639,2014-05-29,[ 21:59 ],0,214
41640,2014-05-29,[ 22:00 ],0,214
41641,2014-05-29,[ 22:01 ],0,213
41642,2014-05-29,[ 22:02 ],0,161
41643,2014-05-29,[ 22:03 ],0,162
41644,2014-05-29,[ 22:04 ],0,160
41645,2014-05-29,[ 22:05 ],0,161
41646,2014-05-29,[ 22:06 ],0,162
41647,2014-05-29,[ 22:07 ],0,159
41648,2014-05-29,[ 22:08 ],0,159
41649,2014-05-29,[ 22:09 ],0,160
41650,2014-05-29,[ 22:10 ],0,159
41651,2014-05-29,[ 22:11 ],0,158
41652,2014-05-29,[ 22:12 ],0,158
41653,2014-05-29,[ 22:13 ],0,160
41654,2014-05-29,[ 22:14 ],0,159
41655,2014-05-29,[ 22:15 ],0,161
41656,2014-05-29,[ 22:16 ],0,161
41657,2014-05-29,[ 22:17 ],0,162
41658,2014-05-29,[ 22:18 ],0,161
41659,2014-05-29,[ 22:19 ],0,180
41660,2014-05-29,[ 22:20 ],0,173
41661,2014-05-29,[ 22:21 ],0,172
41662,2014-05-29,[ 22:22 ],0,173
41663,2014-05-29,[ 22:23 ],0,175
41664,2014-05-29,[ 22:24 ],0,173
41665,2014-05-29,[ 22:25 ],0,175
41666,2014-05-29,[ 22:26 ],0,172
41667,2014-05-29,[ 22:27 ],0,172
41668,2014-05-29,[ 22:28 ],0,173
41669,2014-05-29,[ 22:29 ],0,166
41670,2014-05-29,[ 22:30 ],0,166
41671,2014-05-29,[ 22:31 ],0,166
41672,2014-05-29,[ 22:32 ],0,166
41673,2014-05-29,[ 22:33 ],0,165
41674,2014-05-29,[ 22:34 ],0,165
41675,2014-05-29,[ 22:35 ],0,163
41676,2014-05-29,[ 22:36 ],0,163
41677,2014-05-29,[ 22:37 ],0,165
41678,2014-05-29,[ 22:38 ],0,163
41679,2014-05-29,[ 22:39 ],0,166
41680,2014-05-29,[ 22:40 ],0,165
41681,2014-05-29,[ 22:41 ],0,166
41682,2014-05-29,[ 22:42 ],0,163
41683,2014-05-29,[ 22:43 ],0,369
41684,2014-05-29,[ 22:44 ],0,377
41685,2014-05-29,[ 22:45 ],0,377
41686,2014-05-29,[ 22:46 ],0,377
41687,2014-05-29,[ 22:47 ],0,377
41688,2014-05-29,[ 22:48 ],0,376
41689,2014-05-29,[ 22:49 ],0,376
41690,2014-05-29,[ 22:50 ],0,377
41691,2014-05-29,[ 22:51 ],0,377
41692,2014-05-29,[ 22:52 ],0,380
41693,2014-05-29,[ 22:53 ],0,379
41694,2014-05-29,[ 22:54 ],0,375
41695,2014-05-29,[ 22:55 ],0,163
41696,2014-05-29,[ 22:56 ],0,165
41697,2014-05-29,[ 22:57 ],0,163
41698,2014-05-29,[ 22:58 ],0,166
41699,2014-05-29,[ 22:59 ],0,166
41700,2014-05-29,[ 23:00 ],0,166
41701,2014-05-29,[ 23:01 ],0,167
41702,2014-05-29,[ 23:02 ],0,166
41703,2014-05-29,[ 23:03 ],0,169
41704,2014-05-29,[ 23:04 ],0,167
41705,2014-05-29,[ 23:05 ],0,163
41706,2014-05-29,[ 23:06 ],0,152
41707,2014-05-29,[ 23:07 ],0,154
41708,2014-05-29,[ 23:08 ],0,295
41709,2014-05-29,[ 23:09 ],0,295
41710,2014-05-29,[ 23:10 ],0,211
41711,2014-05-29,[ 23:11 ],0,218
41712,2014-05-29,[ 23:12 ],0,225
41713,2014-05-29,[ 23:13 ],0,239
41714,2014-05-29,[ 23:14 ],0,231
41715,2014-05-29,[ 23:15 ],0,236
41716,2014-05-29,[ 23:16 ],0,231
41717,2014-05-29,[ 23:17 ],0,229
41718,2014-05-29,[ 23:18 ],0,228
41719,2014-05-29,[ 23:19 ],0,225
41720,2014-05-29,[ 23:20 ],0,224
41721,2014-05-29,[ 23:21 ],0,221
41722,2014-05-29,[ 23:22 ],0,221
41723,2014-05-29,[ 23:23 ],0,221
41724,2014-05-29,[ 23:24 ],0,219
41725,2014-05-29,[ 23:25 ],0,217
41726,2014-05-29,[ 23:26 ],0,222
41727,2014-05-29,[ 23:27 ],0,224
41728,2014-05-29,[ 23:28 ],0,222
41729,2014-05-29,[ 23:29 ],0,210
41730,2014-05-29,[ 23:30 ],0,211
41731,2014-05-29,[ 23:31 ],0,207
41732,2014-05-29,[ 23:32 ],0,210
41733,2014-05-29,[ 23:33 ],0,210
41734,2014-05-29,[ 23:34 ],0,242
41735,2014-05-29,[ 23:35 ],0,224
41736,2014-05-29,[ 23:36 ],0,222
41737,2014-05-29,[ 23:37 ],0,221
41738,2014-05-29,[ 23:38 ],0,222
41739,2014-05-29,[ 23:39 ],0,221
41740,2014-05-29,[ 23:40 ],0,225
41741,2014-05-29,[ 23:41 ],0,221
41742,2014-05-29,[ 23:42 ],0,219
41743,2014-05-29,[ 23:43 ],0,223
41744,2014-05-29,[ 23:44 ],0,223
41745,2014-05-29,[ 23:45 ],0,224
41746,2014-05-29,[ 23:46 ],0,224
41747,2014-05-29,[ 23:47 ],0,222
41748,2014-05-29,[ 23:48 ],0,222
41749,2014-05-29,[ 23:49 ],0,221
41750,2014-05-29,[ 23:50 ],0,223
41751,2014-05-29,[ 23:51 ],0,223
41752,2014-05-29,[ 23:52 ],0,221
41753,2014-05-29,[ 23:53 ],0,222
41754,2014-05-29,[ 23:54 ],0,223
41755,2014-05-29,[ 23:55 ],0,227
41756,2014-05-29,[ 23:56 ],0,227
41757,2014-05-29,[ 23:57 ],0,225
41758,2014-05-29,[ 23:58 ],0,222
41759,2014-05-29,[ 23:59 ],0,221
41760,2014-05-30,[ 00:00 ],0,219
41761,2014-05-30,[ 00:01 ],0,218
41762,2014-05-30,[ 00:02 ],0,221
41763,2014-05-30,[ 00:03 ],0,219
41764,2014-05-30,[ 00:04 ],0,216
41765,2014-05-30,[ 00:05 ],0,203
41766,2014-05-30,[ 00:06 ],0,200
41767,2014-05-30,[ 00:07 ],0,201
41768,2014-05-30,[ 00:08 ],0,200
41769,2014-05-30,[ 00:09 ],0,196
41770,2014-05-30,[ 00:10 ],0,153
41771,2014-05-30,[ 00:11 ],0,152
41772,2014-05-30,[ 00:12 ],0,151
41773,2014-05-30,[ 00:13 ],0,151
41774,2014-05-30,[ 00:14 ],0,152
41775,2014-05-30,[ 00:15 ],0,152
41776,2014-05-30,[ 00:16 ],0,152
41777,2014-05-30,[ 00:17 ],0,152
41778,2014-05-30,[ 00:18 ],0,150
41779,2014-05-30,[ 00:19 ],0,152
41780,2014-05-30,[ 00:20 ],0,152
41781,2014-05-30,[ 00:21 ],0,151
41782,2014-05-30,[ 00:22 ],0,151
41783,2014-05-30,[ 00:23 ],0,152
41784,2014-05-30,[ 00:24 ],0,151
41785,2014-05-30,[ 00:25 ],0,151
41786,2014-05-30,[ 00:26 ],0,149
41787,2014-05-30,[ 00:27 ],0,150
41788,2014-05-30,[ 00:28 ],0,151
41789,2014-05-30,[ 00:29 ],0,157
41790,2014-05-30,[ 00:30 ],0,157
41791,2014-05-30,[ 00:31 ],0,157
41792,2014-05-30,[ 00:32 ],0,158
41793,2014-05-30,[ 00:33 ],0,157
41794,2014-05-30,[ 00:34 ],0,158
41795,2014-05-30,[ 00:35 ],0,159
41796,2014-05-30,[ 00:36 ],0,157
41797,2014-05-30,[ 00:37 ],0,158
41798,2014-05-30,[ 00:38 ],0,160
41799,2014-05-30,[ 00:39 ],0,158
41800,2014-05-30,[ 00:40 ],0,160
41801,2014-05-30,[ 00:41 ],0,159
41802,2014-05-30,[ 00:42 ],0,159
41803,2014-05-30,[ 00:43 ],0,158
41804,2014-05-30,[ 00:44 ],0,160
41805,2014-05-30,[ 00:45 ],0,159
41806,2014-05-30,[ 00:46 ],0,159
41807,2014-05-30,[ 00:47 ],0,159
41808,2014-05-30,[ 00:48 ],0,159
41809,2014-05-30,[ 00:49 ],0,158
41810,2014-05-30,[ 00:50 ],0,159
41811,2014-05-30,[ 00:51 ],0,156
41812,2014-05-30,[ 00:52 ],0,159
41813,2014-05-30,[ 00:53 ],0,159
41814,2014-05-30,[ 00:54 ],0,157
41815,2014-05-30,[ 00:55 ],0,159
41816,2014-05-30,[ 00:56 ],0,157
41817,2014-05-30,[ 00:57 ],0,157
41818,2014-05-30,[ 00:58 ],0,157
41819,2014-05-30,[ 00:59 ],0,158
41820,2014-05-30,[ 01:00 ],0,160
41821,2014-05-30,[ 01:01 ],0,161
41822,2014-05-30,[ 01:02 ],0,159
41823,2014-05-30,[ 01:03 ],0,301
41824,2014-05-30,[ 01:04 ],0,231
41825,2014-05-30,[ 01:05 ],0,216
41826,2014-05-30,[ 01:06 ],0,213
41827,2014-05-30,[ 01:07 ],0,217
41828,2014-05-30,[ 01:08 ],0,216
41829,2014-05-30,[ 01:09 ],0,215
41830,2014-05-30,[ 01:10 ],0,214
41831,2014-05-30,[ 01:11 ],0,213
41832,2014-05-30,[ 01:12 ],0,213
41833,2014-05-30,[ 01:13 ],0,213
41834,2014-05-30,[ 01:14 ],0,212
41835,2014-05-30,[ 01:15 ],0,159
41836,2014-05-30,[ 01:16 ],0,160
41837,2014-05-30,[ 01:17 ],0,158
41838,2014-05-30,[ 01:18 ],0,152
41839,2014-05-30,[ 01:19 ],0,153
41840,2014-05-30,[ 01:20 ],0,154
41841,2014-05-30,[ 01:21 ],0,154
41842,2014-05-30,[ 01:22 ],0,151
41843,2014-05-30,[ 01:23 ],0,153
41844,2014-05-30,[ 01:24 ],0,150
41845,2014-05-30,[ 01:25 ],0,153
41846,2014-05-30,[ 01:26 ],0,150
41847,2014-05-30,[ 01:27 ],0,150
41848,2014-05-30,[ 01:28 ],0,151
41849,2014-05-30,[ 01:29 ],0,150
41850,2014-05-30,[ 01:30 ],0,151
41851,2014-05-30,[ 01:31 ],0,150
41852,2014-05-30,[ 01:32 ],0,151
41853,2014-05-30,[ 01:33 ],0,151
41854,2014-05-30,[ 01:34 ],0,150
41855,2014-05-30,[ 01:35 ],0,152
41856,2014-05-30,[ 01:36 ],0,149
41857,2014-05-30,[ 01:37 ],0,150
41858,2014-05-30,[ 01:38 ],0,149
41859,2014-05-30,[ 01:39 ],0,150
41860,2014-05-30,[ 01:40 ],0,150
41861,2014-05-30,[ 01:41 ],0,151
41862,2014-05-30,[ 01:42 ],0,151
41863,2014-05-30,[ 01:43 ],0,150
41864,2014-05-30,[ 01:44 ],0,150
41865,2014-05-30,[ 01:45 ],0,150
41866,2014-05-30,[ 01:46 ],0,150
41867,2014-05-30,[ 01:47 ],0,150
41868,2014-05-30,[ 01:48 ],0,149
41869,2014-05-30,[ 01:49 ],0,149
41870,2014-05-30,[ 01:50 ],0,149
41871,2014-05-30,[ 01:51 ],0,150
41872,2014-05-30,[ 01:52 ],0,151
41873,2014-05-30,[ 01:53 ],0,149
41874,2014-05-30,[ 01:54 ],0,149
41875,2014-05-30,[ 01:55 ],0,151
41876,2014-05-30,[ 01:56 ],0,150
41877,2014-05-30,[ 01:57 ],0,150
41878,2014-05-30,[ 01:58 ],0,148
41879,2014-05-30,[ 01:59 ],0,151
41880,2014-05-30,[ 02:00 ],0,152
41881,2014-05-30,[ 02:01 ],0,151
41882,2014-05-30,[ 02:02 ],0,150
41883,2014-05-30,[ 02:03 ],0,152
41884,2014-05-30,[ 02:04 ],0,152
41885,2014-05-30,[ 02:05 ],0,225
41886,2014-05-30,[ 02:06 ],0,208
41887,2014-05-30,[ 02:07 ],0,207
41888,2014-05-30,[ 02:08 ],0,207
41889,2014-05-30,[ 02:09 ],0,204
41890,2014-05-30,[ 02:10 ],0,206
41891,2014-05-30,[ 02:11 ],0,204
41892,2014-05-30,[ 02:12 ],0,203
41893,2014-05-30,[ 02:13 ],0,203
41894,2014-05-30,[ 02:14 ],0,215
41895,2014-05-30,[ 02:15 ],0,218
41896,2014-05-30,[ 02:16 ],0,218
41897,2014-05-30,[ 02:17 ],0,218
41898,2014-05-30,[ 02:18 ],0,219
41899,2014-05-30,[ 02:19 ],0,219
41900,2014-05-30,[ 02:20 ],0,217
41901,2014-05-30,[ 02:21 ],0,217
41902,2014-05-30,[ 02:22 ],0,217
41903,2014-05-30,[ 02:23 ],0,215
41904,2014-05-30,[ 02:24 ],0,215
41905,2014-05-30,[ 02:25 ],0,214
41906,2014-05-30,[ 02:26 ],0,214
41907,2014-05-30,[ 02:27 ],0,215
41908,2014-05-30,[ 02:28 ],0,214
41909,2014-05-30,[ 02:29 ],0,216
41910,2014-05-30,[ 02:30 ],0,213
41911,2014-05-30,[ 02:31 ],0,214
41912,2014-05-30,[ 02:32 ],0,214
41913,2014-05-30,[ 02:33 ],0,216
41914,2014-05-30,[ 02:34 ],0,216
41915,2014-05-30,[ 02:35 ],0,217
41916,2014-05-30,[ 02:36 ],0,215
41917,2014-05-30,[ 02:37 ],0,216
41918,2014-05-30,[ 02:38 ],0,216
41919,2014-05-30,[ 02:39 ],0,215
41920,2014-05-30,[ 02:40 ],0,214
41921,2014-05-30,[ 02:41 ],0,213
41922,2014-05-30,[ 02:42 ],0,216
41923,2014-05-30,[ 02:43 ],0,215
41924,2014-05-30,[ 02:44 ],0,217
41925,2014-05-30,[ 02:45 ],0,216
41926,2014-05-30,[ 02:46 ],0,161
41927,2014-05-30,[ 02:47 ],0,153
41928,2014-05-30,[ 02:48 ],0,152
41929,2014-05-30,[ 02:49 ],0,152
41930,2014-05-30,[ 02:50 ],0,151
41931,2014-05-30,[ 02:51 ],0,152
41932,2014-05-30,[ 02:52 ],0,152
41933,2014-05-30,[ 02:53 ],0,151
41934,2014-05-30,[ 02:54 ],0,150
41935,2014-05-30,[ 02:55 ],0,150
41936,2014-05-30,[ 02:56 ],0,151
41937,2014-05-30,[ 02:57 ],0,151
41938,2014-05-30,[ 02:58 ],0,151
41939,2014-05-30,[ 02:59 ],0,150
41940,2014-05-30,[ 03:00 ],0,153
41941,2014-05-30,[ 03:01 ],0,153
41942,2014-05-30,[ 03:02 ],0,153
41943,2014-05-30,[ 03:03 ],0,154
41944,2014-05-30,[ 03:04 ],0,153
41945,2014-05-30,[ 03:05 ],0,163
41946,2014-05-30,[ 03:06 ],0,163
41947,2014-05-30,[ 03:07 ],0,163
41948,2014-05-30,[ 03:08 ],0,163
41949,2014-05-30,[ 03:09 ],0,163
41950,2014-05-30,[ 03:10 ],0,163
41951,2014-05-30,[ 03:11 ],0,163
41952,2014-05-30,[ 03:12 ],0,165
41953,2014-05-30,[ 03:13 ],0,163
41954,2014-05-30,[ 03:14 ],0,163
41955,2014-05-30,[ 03:15 ],0,163
41956,2014-05-30,[ 03:16 ],0,163
41957,2014-05-30,[ 03:17 ],0,163
41958,2014-05-30,[ 03:18 ],0,165
41959,2014-05-30,[ 03:19 ],0,163
41960,2014-05-30,[ 03:20 ],0,231
41961,2014-05-30,[ 03:21 ],0,231
41962,2014-05-30,[ 03:22 ],0,218
41963,2014-05-30,[ 03:23 ],0,218
41964,2014-05-30,[ 03:24 ],0,221
41965,2014-05-30,[ 03:25 ],0,217
41966,2014-05-30,[ 03:26 ],0,219
41967,2014-05-30,[ 03:27 ],0,219
41968,2014-05-30,[ 03:28 ],0,218
41969,2014-05-30,[ 03:29 ],0,218
41970,2014-05-30,[ 03:30 ],0,215
41971,2014-05-30,[ 03:31 ],0,221
41972,2014-05-30,[ 03:32 ],0,163
41973,2014-05-30,[ 03:33 ],0,163
41974,2014-05-30,[ 03:34 ],0,162
41975,2014-05-30,[ 03:35 ],0,151
41976,2014-05-30,[ 03:36 ],0,151
41977,2014-05-30,[ 03:37 ],0,151
41978,2014-05-30,[ 03:38 ],0,151
41979,2014-05-30,[ 03:39 ],0,150
41980,2014-05-30,[ 03:40 ],0,151
41981,2014-05-30,[ 03:41 ],0,151
41982,2014-05-30,[ 03:42 ],0,152
41983,2014-05-30,[ 03:43 ],0,150
41984,2014-05-30,[ 03:44 ],0,150
41985,2014-05-30,[ 03:45 ],0,151
41986,2014-05-30,[ 03:46 ],0,151
41987,2014-05-30,[ 03:47 ],0,152
41988,2014-05-30,[ 03:48 ],0,151
41989,2014-05-30,[ 03:49 ],0,150
41990,2014-05-30,[ 03:50 ],0,151
41991,2014-05-30,[ 03:51 ],0,150
41992,2014-05-30,[ 03:52 ],0,151
41993,2014-05-30,[ 03:53 ],0,151
41994,2014-05-30,[ 03:54 ],0,150
41995,2014-05-30,[ 03:55 ],0,150
41996,2014-05-30,[ 03:56 ],0,149
41997,2014-05-30,[ 03:57 ],0,151
41998,2014-05-30,[ 03:58 ],0,150
41999,2014-05-30,[ 03:59 ],0,152
42000,2014-05-30,[ 04:00 ],0,152
42001,2014-05-30,[ 04:01 ],0,151
42002,2014-05-30,[ 04:02 ],0,151
42003,2014-05-30,[ 04:03 ],0,152
42004,2014-05-30,[ 04:04 ],0,152
42005,2014-05-30,[ 04:05 ],0,151
42006,2014-05-30,[ 04:06 ],0,150
42007,2014-05-30,[ 04:07 ],0,150
42008,2014-05-30,[ 04:08 ],0,151
42009,2014-05-30,[ 04:09 ],0,149
42010,2014-05-30,[ 04:10 ],0,149
42011,2014-05-30,[ 04:11 ],0,149
42012,2014-05-30,[ 04:12 ],0,150
42013,2014-05-30,[ 04:13 ],0,151
42014,2014-05-30,[ 04:14 ],0,163
42015,2014-05-30,[ 04:15 ],0,158
42016,2014-05-30,[ 04:16 ],0,158
42017,2014-05-30,[ 04:17 ],0,157
42018,2014-05-30,[ 04:18 ],0,158
42019,2014-05-30,[ 04:19 ],0,169
42020,2014-05-30,[ 04:20 ],0,169
42021,2014-05-30,[ 04:21 ],0,171
42022,2014-05-30,[ 04:22 ],0,170
42023,2014-05-30,[ 04:23 ],0,247
42024,2014-05-30,[ 04:24 ],0,241
42025,2014-05-30,[ 04:25 ],0,232
42026,2014-05-30,[ 04:26 ],0,235
42027,2014-05-30,[ 04:27 ],0,232
42028,2014-05-30,[ 04:28 ],0,232
42029,2014-05-30,[ 04:29 ],0,232
42030,2014-05-30,[ 04:30 ],0,229
42031,2014-05-30,[ 04:31 ],0,231
42032,2014-05-30,[ 04:32 ],0,228
42033,2014-05-30,[ 04:33 ],0,229
42034,2014-05-30,[ 04:34 ],0,229
42035,2014-05-30,[ 04:35 ],0,171
42036,2014-05-30,[ 04:36 ],0,157
42037,2014-05-30,[ 04:37 ],0,158
42038,2014-05-30,[ 04:38 ],0,156
42039,2014-05-30,[ 04:39 ],0,159
42040,2014-05-30,[ 04:40 ],0,159
42041,2014-05-30,[ 04:41 ],0,158
42042,2014-05-30,[ 04:42 ],0,157
42043,2014-05-30,[ 04:43 ],0,156
42044,2014-05-30,[ 04:44 ],0,156
42045,2014-05-30,[ 04:45 ],0,149
42046,2014-05-30,[ 04:46 ],0,149
42047,2014-05-30,[ 04:47 ],0,149
42048,2014-05-30,[ 04:48 ],0,151
42049,2014-05-30,[ 04:49 ],0,150
42050,2014-05-30,[ 04:50 ],0,150
42051,2014-05-30,[ 04:51 ],0,149
42052,2014-05-30,[ 04:52 ],0,149
42053,2014-05-30,[ 04:53 ],0,149
42054,2014-05-30,[ 04:54 ],0,148
42055,2014-05-30,[ 04:55 ],0,149
42056,2014-05-30,[ 04:56 ],0,150
42057,2014-05-30,[ 04:57 ],0,149
42058,2014-05-30,[ 04:58 ],0,151
42059,2014-05-30,[ 04:59 ],0,151
42060,2014-05-30,[ 05:00 ],0,153
42061,2014-05-30,[ 05:01 ],0,155
42062,2014-05-30,[ 05:02 ],0,153
42063,2014-05-30,[ 05:03 ],0,153
42064,2014-05-30,[ 05:04 ],0,177
42065,2014-05-30,[ 05:05 ],0,163
42066,2014-05-30,[ 05:06 ],0,232
42067,2014-05-30,[ 05:07 ],0,232
42068,2014-05-30,[ 05:08 ],0,219
42069,2014-05-30,[ 05:09 ],0,218
42070,2014-05-30,[ 05:10 ],0,222
42071,2014-05-30,[ 05:11 ],0,221
42072,2014-05-30,[ 05:12 ],0,223
42073,2014-05-30,[ 05:13 ],0,222
42074,2014-05-30,[ 05:14 ],0,223
42075,2014-05-30,[ 05:15 ],0,232
42076,2014-05-30,[ 05:16 ],0,232
42077,2014-05-30,[ 05:17 ],0,235
42078,2014-05-30,[ 05:18 ],0,235
42079,2014-05-30,[ 05:19 ],0,234
42080,2014-05-30,[ 05:20 ],0,234
42081,2014-05-30,[ 05:21 ],0,232
42082,2014-05-30,[ 05:22 ],0,235
42083,2014-05-30,[ 05:23 ],0,237
42084,2014-05-30,[ 05:24 ],0,232
42085,2014-05-30,[ 05:25 ],0,232
42086,2014-05-30,[ 05:26 ],0,232
42087,2014-05-30,[ 05:27 ],0,229
42088,2014-05-30,[ 05:28 ],0,234
42089,2014-05-30,[ 05:29 ],0,228
42090,2014-05-30,[ 05:30 ],0,234
42091,2014-05-30,[ 05:31 ],0,235
42092,2014-05-30,[ 05:32 ],0,231
42093,2014-05-30,[ 05:33 ],0,234
42094,2014-05-30,[ 05:34 ],0,231
42095,2014-05-30,[ 05:35 ],0,231
42096,2014-05-30,[ 05:36 ],0,229
42097,2014-05-30,[ 05:37 ],0,232
42098,2014-05-30,[ 05:38 ],0,236
42099,2014-05-30,[ 05:39 ],0,234
42100,2014-05-30,[ 05:40 ],0,234
42101,2014-05-30,[ 05:41 ],0,234
42102,2014-05-30,[ 05:42 ],0,229
42103,2014-05-30,[ 05:43 ],0,229
42104,2014-05-30,[ 05:44 ],0,227
42105,2014-05-30,[ 05:45 ],0,171
42106,2014-05-30,[ 05:46 ],0,171
42107,2014-05-30,[ 05:47 ],0,166
42108,2014-05-30,[ 05:48 ],0,157
42109,2014-05-30,[ 05:49 ],0,159
42110,2014-05-30,[ 05:50 ],0,158
42111,2014-05-30,[ 05:51 ],0,158
42112,2014-05-30,[ 05:52 ],0,158
42113,2014-05-30,[ 05:53 ],0,157
42114,2014-05-30,[ 05:54 ],0,159
42115,2014-05-30,[ 05:55 ],0,158
42116,2014-05-30,[ 05:56 ],0,159
42117,2014-05-30,[ 05:57 ],0,158
42118,2014-05-30,[ 05:58 ],0,159
42119,2014-05-30,[ 05:59 ],0,158
42120,2014-05-30,[ 06:00 ],0,154
42121,2014-05-30,[ 06:01 ],0,154
42122,2014-05-30,[ 06:02 ],0,156
42123,2014-05-30,[ 06:03 ],0,155
42124,2014-05-30,[ 06:04 ],0,152
42125,2014-05-30,[ 06:05 ],0,152
42126,2014-05-30,[ 06:06 ],0,153
42127,2014-05-30,[ 06:07 ],0,153
42128,2014-05-30,[ 06:08 ],0,155
42129,2014-05-30,[ 06:09 ],0,154
42130,2014-05-30,[ 06:10 ],0,153
42131,2014-05-30,[ 06:11 ],0,152
42132,2014-05-30,[ 06:12 ],0,154
42133,2014-05-30,[ 06:13 ],0,152
42134,2014-05-30,[ 06:14 ],0,154
42135,2014-05-30,[ 06:15 ],0,152
42136,2014-05-30,[ 06:16 ],0,151
42137,2014-05-30,[ 06:17 ],0,154
42138,2014-05-30,[ 06:18 ],0,155
42139,2014-05-30,[ 06:19 ],0,155
42140,2014-05-30,[ 06:20 ],0,155
42141,2014-05-30,[ 06:21 ],0,154
42142,2014-05-30,[ 06:22 ],0,155
42143,2014-05-30,[ 06:23 ],0,153
42144,2014-05-30,[ 06:24 ],0,153
42145,2014-05-30,[ 06:25 ],0,153
42146,2014-05-30,[ 06:26 ],0,154
42147,2014-05-30,[ 06:27 ],0,152
42148,2014-05-30,[ 06:28 ],0,153
42149,2014-05-30,[ 06:29 ],0,155
42150,2014-05-30,[ 06:30 ],0,161
42151,2014-05-30,[ 06:31 ],0,226
42152,2014-05-30,[ 06:32 ],0,215
42153,2014-05-30,[ 06:33 ],0,214
42154,2014-05-30,[ 06:34 ],0,214
42155,2014-05-30,[ 06:35 ],0,213
42156,2014-05-30,[ 06:36 ],0,214
42157,2014-05-30,[ 06:37 ],0,214
42158,2014-05-30,[ 06:38 ],0,217
42159,2014-05-30,[ 06:39 ],0,217
42160,2014-05-30,[ 06:40 ],0,213
42161,2014-05-30,[ 06:41 ],0,213
42162,2014-05-30,[ 06:42 ],0,162
42163,2014-05-30,[ 06:43 ],0,162
42164,2014-05-30,[ 06:44 ],0,161
42165,2014-05-30,[ 06:45 ],0,162
42166,2014-05-30,[ 06:46 ],0,162
42167,2014-05-30,[ 06:47 ],0,162
42168,2014-05-30,[ 06:48 ],0,159
42169,2014-05-30,[ 06:49 ],0,160
42170,2014-05-30,[ 06:50 ],0,161
42171,2014-05-30,[ 06:51 ],0,160
42172,2014-05-30,[ 06:52 ],0,174
42173,2014-05-30,[ 06:53 ],0,173
42174,2014-05-30,[ 06:54 ],0,173
42175,2014-05-30,[ 06:55 ],0,171
42176,2014-05-30,[ 06:56 ],0,172
42177,2014-05-30,[ 06:57 ],0,172
42178,2014-05-30,[ 06:58 ],0,173
42179,2014-05-30,[ 06:59 ],0,176
42180,2014-05-30,[ 07:00 ],0,172
42181,2014-05-30,[ 07:01 ],0,175
42182,2014-05-30,[ 07:02 ],0,174
42183,2014-05-30,[ 07:03 ],0,174
42184,2014-05-30,[ 07:04 ],0,174
42185,2014-05-30,[ 07:05 ],0,174
42186,2014-05-30,[ 07:06 ],0,174
42187,2014-05-30,[ 07:07 ],0,172
42188,2014-05-30,[ 07:08 ],0,172
42189,2014-05-30,[ 07:09 ],0,172
42190,2014-05-30,[ 07:10 ],0,172
42191,2014-05-30,[ 07:11 ],0,173
42192,2014-05-30,[ 07:12 ],0,174
42193,2014-05-30,[ 07:13 ],0,174
42194,2014-05-30,[ 07:14 ],0,173
42195,2014-05-30,[ 07:15 ],0,167
42196,2014-05-30,[ 07:16 ],0,166
42197,2014-05-30,[ 07:17 ],0,188
42198,2014-05-30,[ 07:18 ],0,165
42199,2014-05-30,[ 07:19 ],0,167
42200,2014-05-30,[ 07:20 ],0,165
42201,2014-05-30,[ 07:21 ],0,167
42202,2014-05-30,[ 07:22 ],0,166
42203,2014-05-30,[ 07:23 ],0,166
42204,2014-05-30,[ 07:24 ],0,166
42205,2014-05-30,[ 07:25 ],0,165
42206,2014-05-30,[ 07:26 ],0,167
42207,2014-05-30,[ 07:27 ],0,165
42208,2014-05-30,[ 07:28 ],0,167
42209,2014-05-30,[ 07:29 ],0,162
42210,2014-05-30,[ 07:30 ],0,166
42211,2014-05-30,[ 07:31 ],0,166
42212,2014-05-30,[ 07:32 ],0,166
42213,2014-05-30,[ 07:33 ],0,234
42214,2014-05-30,[ 07:34 ],0,225
42215,2014-05-30,[ 07:35 ],0,226
42216,2014-05-30,[ 07:36 ],0,225
42217,2014-05-30,[ 07:37 ],0,222
42218,2014-05-30,[ 07:38 ],0,222
42219,2014-05-30,[ 07:39 ],0,221
42220,2014-05-30,[ 07:40 ],0,219
42221,2014-05-30,[ 07:41 ],0,221
42222,2014-05-30,[ 07:42 ],0,221
42223,2014-05-30,[ 07:43 ],0,217
42224,2014-05-30,[ 07:44 ],0,163
42225,2014-05-30,[ 07:45 ],0,165
42226,2014-05-30,[ 07:46 ],0,166
42227,2014-05-30,[ 07:47 ],0,168
42228,2014-05-30,[ 07:48 ],0,167
42229,2014-05-30,[ 07:49 ],0,163
42230,2014-05-30,[ 07:50 ],0,166
42231,2014-05-30,[ 07:51 ],0,166
42232,2014-05-30,[ 07:52 ],0,154
42233,2014-05-30,[ 07:53 ],0,154
42234,2014-05-30,[ 07:54 ],0,152
42235,2014-05-30,[ 07:55 ],0,154
42236,2014-05-30,[ 07:56 ],0,152
42237,2014-05-30,[ 07:57 ],0,152
42238,2014-05-30,[ 07:58 ],0,226
42239,2014-05-30,[ 07:59 ],0,221
42240,2014-05-30,[ 08:00 ],0,207
42241,2014-05-30,[ 08:01 ],0,206
42242,2014-05-30,[ 08:02 ],0,321
42243,2014-05-30,[ 08:03 ],0,277
42244,2014-05-30,[ 08:04 ],0,274
42245,2014-05-30,[ 08:05 ],0,272
42246,2014-05-30,[ 08:06 ],0,275
42247,2014-05-30,[ 08:07 ],0,274
42248,2014-05-30,[ 08:08 ],0,274
42249,2014-05-30,[ 08:09 ],0,272
42250,2014-05-30,[ 08:10 ],0,275
42251,2014-05-30,[ 08:11 ],0,273
42252,2014-05-30,[ 08:12 ],0,272
42253,2014-05-30,[ 08:13 ],0,272
42254,2014-05-30,[ 08:14 ],0,272
42255,2014-05-30,[ 08:15 ],0,272
42256,2014-05-30,[ 08:16 ],0,273
42257,2014-05-30,[ 08:17 ],0,271
42258,2014-05-30,[ 08:18 ],0,271
42259,2014-05-30,[ 08:19 ],0,270
42260,2014-05-30,[ 08:20 ],0,272
42261,2014-05-30,[ 08:21 ],0,270
42262,2014-05-30,[ 08:22 ],0,270
42263,2014-05-30,[ 08:23 ],0,267
42264,2014-05-30,[ 08:24 ],0,270
42265,2014-05-30,[ 08:25 ],0,271
42266,2014-05-30,[ 08:26 ],0,271
42267,2014-05-30,[ 08:27 ],0,271
42268,2014-05-30,[ 08:28 ],0,295
42269,2014-05-30,[ 08:29 ],0,298
42270,2014-05-30,[ 08:30 ],0,295
42271,2014-05-30,[ 08:31 ],0,287
42272,2014-05-30,[ 08:32 ],0,287
42273,2014-05-30,[ 08:33 ],0,287
42274,2014-05-30,[ 08:34 ],0,293
42275,2014-05-30,[ 08:35 ],0,295
42276,2014-05-30,[ 08:36 ],0,295
42277,2014-05-30,[ 08:37 ],0,281
42278,2014-05-30,[ 08:38 ],0,277
42279,2014-05-30,[ 08:39 ],0,212
42280,2014-05-30,[ 08:40 ],0,213
42281,2014-05-30,[ 08:41 ],0,218
42282,2014-05-30,[ 08:42 ],0,215
42283,2014-05-30,[ 08:43 ],0,217
42284,2014-05-30,[ 08:44 ],0,211
42285,2014-05-30,[ 08:45 ],0,219
42286,2014-05-30,[ 08:46 ],0,211
42287,2014-05-30,[ 08:47 ],0,211
42288,2014-05-30,[ 08:48 ],0,211
42289,2014-05-30,[ 08:49 ],0,210
42290,2014-05-30,[ 08:50 ],0,208
42291,2014-05-30,[ 08:51 ],0,208
42292,2014-05-30,[ 08:52 ],0,210
42293,2014-05-30,[ 08:53 ],0,208
42294,2014-05-30,[ 08:54 ],0,210
42295,2014-05-30,[ 08:55 ],0,208
42296,2014-05-30,[ 08:56 ],0,208
42297,2014-05-30,[ 08:57 ],0,210
42298,2014-05-30,[ 08:58 ],0,210
42299,2014-05-30,[ 08:59 ],0,208
42300,2014-05-30,[ 09:00 ],0,211
42301,2014-05-30,[ 09:01 ],0,201
42302,2014-05-30,[ 09:02 ],0,201
42303,2014-05-30,[ 09:03 ],0,200
42304,2014-05-30,[ 09:04 ],0,201
42305,2014-05-30,[ 09:05 ],0,199
42306,2014-05-30,[ 09:06 ],0,199
42307,2014-05-30,[ 09:07 ],0,199
42308,2014-05-30,[ 09:08 ],0,218
42309,2014-05-30,[ 09:09 ],0,151
42310,2014-05-30,[ 09:10 ],0,151
42311,2014-05-30,[ 09:11 ],0,154
42312,2014-05-30,[ 09:12 ],0,154
42313,2014-05-30,[ 09:13 ],0,152
42314,2014-05-30,[ 09:14 ],0,153
42315,2014-05-30,[ 09:15 ],0,152
42316,2014-05-30,[ 09:16 ],0,152
42317,2014-05-30,[ 09:17 ],0,153
42318,2014-05-30,[ 09:18 ],0,153
42319,2014-05-30,[ 09:19 ],0,154
42320,2014-05-30,[ 09:20 ],0,175
42321,2014-05-30,[ 09:21 ],0,166
42322,2014-05-30,[ 09:22 ],0,165
42323,2014-05-30,[ 09:23 ],0,1085
42324,2014-05-30,[ 09:24 ],0,234
42325,2014-05-30,[ 09:25 ],0,224
42326,2014-05-30,[ 09:26 ],0,224
42327,2014-05-30,[ 09:27 ],0,225
42328,2014-05-30,[ 09:28 ],0,222
42329,2014-05-30,[ 09:29 ],0,219
42330,2014-05-30,[ 09:30 ],0,219
42331,2014-05-30,[ 09:31 ],0,218
42332,2014-05-30,[ 09:32 ],0,221
42333,2014-05-30,[ 09:33 ],0,218
42334,2014-05-30,[ 09:34 ],0,219
42335,2014-05-30,[ 09:35 ],0,166
42336,2014-05-30,[ 09:36 ],0,163
42337,2014-05-30,[ 09:37 ],0,163
42338,2014-05-30,[ 09:38 ],0,165
42339,2014-05-30,[ 09:39 ],0,165
42340,2014-05-30,[ 09:40 ],0,165
42341,2014-05-30,[ 09:41 ],0,174
42342,2014-05-30,[ 09:42 ],0,172
42343,2014-05-30,[ 09:43 ],0,173
42344,2014-05-30,[ 09:44 ],0,171
42345,2014-05-30,[ 09:45 ],0,173
42346,2014-05-30,[ 09:46 ],0,171
42347,2014-05-30,[ 09:47 ],0,172
42348,2014-05-30,[ 09:48 ],0,171
42349,2014-05-30,[ 09:49 ],0,173
42350,2014-05-30,[ 09:50 ],0,171
42351,2014-05-30,[ 09:51 ],0,172
42352,2014-05-30,[ 09:52 ],0,173
42353,2014-05-30,[ 09:53 ],0,173
42354,2014-05-30,[ 09:54 ],0,173
42355,2014-05-30,[ 09:55 ],0,157
42356,2014-05-30,[ 09:56 ],0,162
42357,2014-05-30,[ 09:57 ],0,159
42358,2014-05-30,[ 09:58 ],0,160
42359,2014-05-30,[ 09:59 ],0,158
42360,2014-05-30,[ 10:00 ],0,158
42361,2014-05-30,[ 10:01 ],0,162
42362,2014-05-30,[ 10:02 ],0,161
42363,2014-05-30,[ 10:03 ],0,162
42364,2014-05-30,[ 10:04 ],0,162
42365,2014-05-30,[ 10:05 ],0,162
42366,2014-05-30,[ 10:06 ],0,159
42367,2014-05-30,[ 10:07 ],0,159
42368,2014-05-30,[ 10:08 ],0,162
42369,2014-05-30,[ 10:09 ],0,161
42370,2014-05-30,[ 10:10 ],0,162
42371,2014-05-30,[ 10:11 ],0,159
42372,2014-05-30,[ 10:12 ],0,160
42373,2014-05-30,[ 10:13 ],0,160
42374,2014-05-30,[ 10:14 ],0,162
42375,2014-05-30,[ 10:15 ],0,162
42376,2014-05-30,[ 10:16 ],0,161
42377,2014-05-30,[ 10:17 ],0,159
42378,2014-05-30,[ 10:18 ],0,160
42379,2014-05-30,[ 10:19 ],0,162
42380,2014-05-30,[ 10:20 ],0,161
42381,2014-05-30,[ 10:21 ],0,161
42382,2014-05-30,[ 10:22 ],0,161
42383,2014-05-30,[ 10:23 ],0,160
42384,2014-05-30,[ 10:24 ],0,160
42385,2014-05-30,[ 10:25 ],0,158
42386,2014-05-30,[ 10:26 ],0,232
42387,2014-05-30,[ 10:27 ],0,227
42388,2014-05-30,[ 10:28 ],0,216
42389,2014-05-30,[ 10:29 ],0,211
42390,2014-05-30,[ 10:30 ],0,208
42391,2014-05-30,[ 10:31 ],0,203
42392,2014-05-30,[ 10:32 ],0,204
42393,2014-05-30,[ 10:33 ],0,203
42394,2014-05-30,[ 10:34 ],0,205
42395,2014-05-30,[ 10:35 ],0,203
42396,2014-05-30,[ 10:36 ],0,241
42397,2014-05-30,[ 10:37 ],0,238
42398,2014-05-30,[ 10:38 ],0,177
42399,2014-05-30,[ 10:39 ],0,152
42400,2014-05-30,[ 10:40 ],0,150
42401,2014-05-30,[ 10:41 ],0,150
42402,2014-05-30,[ 10:42 ],0,152
42403,2014-05-30,[ 10:43 ],0,152
42404,2014-05-30,[ 10:44 ],0,152
42405,2014-05-30,[ 10:45 ],0,152
42406,2014-05-30,[ 10:46 ],0,151
42407,2014-05-30,[ 10:47 ],0,151
42408,2014-05-30,[ 10:48 ],0,153
42409,2014-05-30,[ 10:49 ],0,153
42410,2014-05-30,[ 10:50 ],0,152
42411,2014-05-30,[ 10:51 ],0,153
42412,2014-05-30,[ 10:52 ],0,154
42413,2014-05-30,[ 10:53 ],0,154
42414,2014-05-30,[ 10:54 ],0,152
42415,2014-05-30,[ 10:55 ],0,163
42416,2014-05-30,[ 10:56 ],0,166
42417,2014-05-30,[ 10:57 ],0,170
42418,2014-05-30,[ 10:58 ],0,242
42419,2014-05-30,[ 10:59 ],0,231
42420,2014-05-30,[ 11:00 ],0,234
42421,2014-05-30,[ 11:01 ],0,237
42422,2014-05-30,[ 11:02 ],0,242
42423,2014-05-30,[ 11:03 ],0,239
42424,2014-05-30,[ 11:04 ],0,240
42425,2014-05-30,[ 11:05 ],0,241
42426,2014-05-30,[ 11:06 ],0,235
42427,2014-05-30,[ 11:07 ],0,238
42428,2014-05-30,[ 11:08 ],0,236
42429,2014-05-30,[ 11:09 ],0,236
42430,2014-05-30,[ 11:10 ],0,236
42431,2014-05-30,[ 11:11 ],0,236
42432,2014-05-30,[ 11:12 ],0,236
42433,2014-05-30,[ 11:13 ],0,234
42434,2014-05-30,[ 11:14 ],0,232
42435,2014-05-30,[ 11:15 ],0,237
42436,2014-05-30,[ 11:16 ],0,235
42437,2014-05-30,[ 11:17 ],0,237
42438,2014-05-30,[ 11:18 ],0,273
42439,2014-05-30,[ 11:19 ],0,273
42440,2014-05-30,[ 11:20 ],0,274
42441,2014-05-30,[ 11:21 ],0,235
42442,2014-05-30,[ 11:22 ],0,234
42443,2014-05-30,[ 11:23 ],0,237
42444,2014-05-30,[ 11:24 ],0,231
42445,2014-05-30,[ 11:25 ],0,232
42446,2014-05-30,[ 11:26 ],0,232
42447,2014-05-30,[ 11:27 ],0,234
42448,2014-05-30,[ 11:28 ],0,237
42449,2014-05-30,[ 11:29 ],0,237
42450,2014-05-30,[ 11:30 ],0,237
42451,2014-05-30,[ 11:31 ],0,235
42452,2014-05-30,[ 11:32 ],0,236
42453,2014-05-30,[ 11:33 ],0,234
42454,2014-05-30,[ 11:34 ],0,203
42455,2014-05-30,[ 11:35 ],0,203
42456,2014-05-30,[ 11:36 ],0,185
42457,2014-05-30,[ 11:37 ],0,185
42458,2014-05-30,[ 11:38 ],0,185
42459,2014-05-30,[ 11:39 ],0,160
42460,2014-05-30,[ 11:40 ],0,161
42461,2014-05-30,[ 11:41 ],0,161
42462,2014-05-30,[ 11:42 ],0,160
42463,2014-05-30,[ 11:43 ],0,159
42464,2014-05-30,[ 11:44 ],0,152
42465,2014-05-30,[ 11:45 ],0,152
42466,2014-05-30,[ 11:46 ],0,174
42467,2014-05-30,[ 11:47 ],0,176
42468,2014-05-30,[ 11:48 ],0,177
42469,2014-05-30,[ 11:49 ],0,176
42470,2014-05-30,[ 11:50 ],0,177
42471,2014-05-30,[ 11:51 ],0,178
42472,2014-05-30,[ 11:52 ],0,192
42473,2014-05-30,[ 11:53 ],0,189
42474,2014-05-30,[ 11:54 ],0,188
42475,2014-05-30,[ 11:55 ],0,188
42476,2014-05-30,[ 11:56 ],0,186
42477,2014-05-30,[ 11:57 ],0,188
42478,2014-05-30,[ 11:58 ],0,186
42479,2014-05-30,[ 11:59 ],0,189
42480,2014-05-30,[ 12:00 ],0,188
42481,2014-05-30,[ 12:01 ],0,191
42482,2014-05-30,[ 12:02 ],0,191
42483,2014-05-30,[ 12:03 ],0,190
42484,2014-05-30,[ 12:04 ],0,190
42485,2014-05-30,[ 12:05 ],0,191
42486,2014-05-30,[ 12:06 ],0,189
42487,2014-05-30,[ 12:07 ],0,190
42488,2014-05-30,[ 12:08 ],0,187
42489,2014-05-30,[ 12:09 ],0,187
42490,2014-05-30,[ 12:10 ],0,190
42491,2014-05-30,[ 12:11 ],0,196
42492,2014-05-30,[ 12:12 ],0,200
42493,2014-05-30,[ 12:13 ],0,200
42494,2014-05-30,[ 12:14 ],0,202
42495,2014-05-30,[ 12:15 ],0,172
42496,2014-05-30,[ 12:16 ],0,175
42497,2014-05-30,[ 12:17 ],0,174
42498,2014-05-30,[ 12:18 ],0,251
42499,2014-05-30,[ 12:19 ],0,277
42500,2014-05-30,[ 12:20 ],0,270
42501,2014-05-30,[ 12:21 ],0,273
42502,2014-05-30,[ 12:22 ],0,274
42503,2014-05-30,[ 12:23 ],0,269
42504,2014-05-30,[ 12:24 ],0,271
42505,2014-05-30,[ 12:25 ],0,269
42506,2014-05-30,[ 12:26 ],0,270
42507,2014-05-30,[ 12:27 ],0,270
42508,2014-05-30,[ 12:28 ],0,265
42509,2014-05-30,[ 12:29 ],0,256
42510,2014-05-30,[ 12:30 ],0,188
42511,2014-05-30,[ 12:31 ],0,187
42512,2014-05-30,[ 12:32 ],0,189
42513,2014-05-30,[ 12:33 ],0,189
42514,2014-05-30,[ 12:34 ],0,189
42515,2014-05-30,[ 12:35 ],0,187
42516,2014-05-30,[ 12:36 ],0,186
42517,2014-05-30,[ 12:37 ],0,188
42518,2014-05-30,[ 12:38 ],0,188
42519,2014-05-30,[ 12:39 ],0,188
42520,2014-05-30,[ 12:40 ],0,188
42521,2014-05-30,[ 12:41 ],0,176
42522,2014-05-30,[ 12:42 ],0,177
42523,2014-05-30,[ 12:43 ],0,181
42524,2014-05-30,[ 12:44 ],0,181
42525,2014-05-30,[ 12:45 ],0,183
42526,2014-05-30,[ 12:46 ],0,185
42527,2014-05-30,[ 12:47 ],0,183
42528,2014-05-30,[ 12:48 ],0,185
42529,2014-05-30,[ 12:49 ],0,183
42530,2014-05-30,[ 12:50 ],0,185
42531,2014-05-30,[ 12:51 ],0,185
42532,2014-05-30,[ 12:52 ],0,186
42533,2014-05-30,[ 12:53 ],0,186
42534,2014-05-30,[ 12:54 ],0,186
42535,2014-05-30,[ 12:55 ],0,185
42536,2014-05-30,[ 12:56 ],0,185
42537,2014-05-30,[ 12:57 ],0,185
42538,2014-05-30,[ 12:58 ],0,183
42539,2014-05-30,[ 12:59 ],0,185
42540,2014-05-30,[ 13:00 ],0,187
42541,2014-05-30,[ 13:01 ],0,185
42542,2014-05-30,[ 13:02 ],0,186
42543,2014-05-30,[ 13:03 ],0,186
42544,2014-05-30,[ 13:04 ],0,186
42545,2014-05-30,[ 13:05 ],0,185
42546,2014-05-30,[ 13:06 ],0,186
42547,2014-05-30,[ 13:07 ],0,184
42548,2014-05-30,[ 13:08 ],0,185
42549,2014-05-30,[ 13:09 ],0,185
42550,2014-05-30,[ 13:10 ],0,185
42551,2014-05-30,[ 13:11 ],0,184
42552,2014-05-30,[ 13:12 ],0,185
42553,2014-05-30,[ 13:13 ],0,184
42554,2014-05-30,[ 13:14 ],0,185
42555,2014-05-30,[ 13:15 ],0,185
42556,2014-05-30,[ 13:16 ],0,185
42557,2014-05-30,[ 13:17 ],0,185
42558,2014-05-30,[ 13:18 ],0,185
42559,2014-05-30,[ 13:19 ],0,184
42560,2014-05-30,[ 13:20 ],0,185
42561,2014-05-30,[ 13:21 ],0,270
42562,2014-05-30,[ 13:22 ],0,252
42563,2014-05-30,[ 13:23 ],0,258
42564,2014-05-30,[ 13:24 ],0,259
42565,2014-05-30,[ 13:25 ],0,256
42566,2014-05-30,[ 13:26 ],0,254
42567,2014-05-30,[ 13:27 ],0,253
42568,2014-05-30,[ 13:28 ],0,252
42569,2014-05-30,[ 13:29 ],0,242
42570,2014-05-30,[ 13:30 ],0,243
42571,2014-05-30,[ 13:31 ],0,241
42572,2014-05-30,[ 13:32 ],0,178
42573,2014-05-30,[ 13:33 ],0,178
42574,2014-05-30,[ 13:34 ],0,178
42575,2014-05-30,[ 13:35 ],0,177
42576,2014-05-30,[ 13:36 ],0,414
42577,2014-05-30,[ 13:37 ],0,425
42578,2014-05-30,[ 13:38 ],0,425
42579,2014-05-30,[ 13:39 ],0,418
42580,2014-05-30,[ 13:40 ],0,422
42581,2014-05-30,[ 13:41 ],0,425
42582,2014-05-30,[ 13:42 ],0,417
42583,2014-05-30,[ 13:43 ],0,416
42584,2014-05-30,[ 13:44 ],0,416
42585,2014-05-30,[ 13:45 ],0,413
42586,2014-05-30,[ 13:46 ],0,420
42587,2014-05-30,[ 13:47 ],0,420
42588,2014-05-30,[ 13:48 ],0,418
42589,2014-05-30,[ 13:49 ],0,190
42590,2014-05-30,[ 13:50 ],0,189
42591,2014-05-30,[ 13:51 ],0,187
42592,2014-05-30,[ 13:52 ],0,188
42593,2014-05-30,[ 13:53 ],0,186
42594,2014-05-30,[ 13:54 ],0,189
42595,2014-05-30,[ 13:55 ],0,190
42596,2014-05-30,[ 13:56 ],0,193
42597,2014-05-30,[ 13:57 ],0,200
42598,2014-05-30,[ 13:58 ],0,201
42599,2014-05-30,[ 13:59 ],0,199
42600,2014-05-30,[ 14:00 ],0,204
42601,2014-05-30,[ 14:01 ],0,205
42602,2014-05-30,[ 14:02 ],0,345
42603,2014-05-30,[ 14:03 ],0,270
42604,2014-05-30,[ 14:04 ],0,271
42605,2014-05-30,[ 14:05 ],0,270
42606,2014-05-30,[ 14:06 ],0,271
42607,2014-05-30,[ 14:07 ],0,270
42608,2014-05-30,[ 14:08 ],0,271
42609,2014-05-30,[ 14:09 ],0,272
42610,2014-05-30,[ 14:10 ],0,266
42611,2014-05-30,[ 14:11 ],0,253
42612,2014-05-30,[ 14:12 ],0,252
42613,2014-05-30,[ 14:13 ],0,251
42614,2014-05-30,[ 14:14 ],0,251
42615,2014-05-30,[ 14:15 ],0,250
42616,2014-05-30,[ 14:16 ],0,251
42617,2014-05-30,[ 14:17 ],0,251
42618,2014-05-30,[ 14:18 ],0,251
42619,2014-05-30,[ 14:19 ],0,250
42620,2014-05-30,[ 14:20 ],0,251
42621,2014-05-30,[ 14:21 ],0,251
42622,2014-05-30,[ 14:22 ],0,251
42623,2014-05-30,[ 14:23 ],0,252
42624,2014-05-30,[ 14:24 ],0,252
42625,2014-05-30,[ 14:25 ],0,253
42626,2014-05-30,[ 14:26 ],0,252
42627,2014-05-30,[ 14:27 ],0,253
42628,2014-05-30,[ 14:28 ],0,254
42629,2014-05-30,[ 14:29 ],0,254
42630,2014-05-30,[ 14:30 ],0,254
42631,2014-05-30,[ 14:31 ],0,256
42632,2014-05-30,[ 14:32 ],0,253
42633,2014-05-30,[ 14:33 ],0,253
42634,2014-05-30,[ 14:34 ],0,253
42635,2014-05-30,[ 14:35 ],0,252
42636,2014-05-30,[ 14:36 ],0,261
42637,2014-05-30,[ 14:37 ],0,266
42638,2014-05-30,[ 14:38 ],0,266
42639,2014-05-30,[ 14:39 ],0,261
42640,2014-05-30,[ 14:40 ],0,262
42641,2014-05-30,[ 14:41 ],0,256
42642,2014-05-30,[ 14:42 ],0,259
42643,2014-05-30,[ 14:43 ],0,259
42644,2014-05-30,[ 14:44 ],0,254
42645,2014-05-30,[ 14:45 ],0,256
42646,2014-05-30,[ 14:46 ],0,257
42647,2014-05-30,[ 14:47 ],0,253
42648,2014-05-30,[ 14:48 ],0,256
42649,2014-05-30,[ 14:49 ],0,253
42650,2014-05-30,[ 14:50 ],0,249
42651,2014-05-30,[ 14:51 ],0,250
42652,2014-05-30,[ 14:52 ],0,251
42653,2014-05-30,[ 14:53 ],0,250
42654,2014-05-30,[ 14:54 ],0,269
42655,2014-05-30,[ 14:55 ],0,266
42656,2014-05-30,[ 14:56 ],0,265
42657,2014-05-30,[ 14:57 ],0,267
42658,2014-05-30,[ 14:58 ],0,261
42659,2014-05-30,[ 14:59 ],0,254
42660,2014-05-30,[ 15:00 ],0,257
42661,2014-05-30,[ 15:01 ],0,189
42662,2014-05-30,[ 15:02 ],0,188
42663,2014-05-30,[ 15:03 ],0,189
42664,2014-05-30,[ 15:04 ],0,189
42665,2014-05-30,[ 15:05 ],0,187
42666,2014-05-30,[ 15:06 ],0,188
42667,2014-05-30,[ 15:07 ],0,186
42668,2014-05-30,[ 15:08 ],0,187
42669,2014-05-30,[ 15:09 ],0,187
42670,2014-05-30,[ 15:10 ],0,188
42671,2014-05-30,[ 15:11 ],0,185
42672,2014-05-30,[ 15:12 ],0,187
42673,2014-05-30,[ 15:13 ],0,187
42674,2014-05-30,[ 15:14 ],0,187
42675,2014-05-30,[ 15:15 ],0,187
42676,2014-05-30,[ 15:16 ],0,185
42677,2014-05-30,[ 15:17 ],0,186
42678,2014-05-30,[ 15:18 ],0,186
42679,2014-05-30,[ 15:19 ],0,186
42680,2014-05-30,[ 15:20 ],0,185
42681,2014-05-30,[ 15:21 ],0,185
42682,2014-05-30,[ 15:22 ],0,186
42683,2014-05-30,[ 15:23 ],0,185
42684,2014-05-30,[ 15:24 ],0,185
42685,2014-05-30,[ 15:25 ],0,176
42686,2014-05-30,[ 15:26 ],0,176
42687,2014-05-30,[ 15:27 ],0,175
42688,2014-05-30,[ 15:28 ],0,174
42689,2014-05-30,[ 15:29 ],0,175
42690,2014-05-30,[ 15:30 ],0,175
42691,2014-05-30,[ 15:31 ],0,176
42692,2014-05-30,[ 15:32 ],0,174
42693,2014-05-30,[ 15:33 ],0,176
42694,2014-05-30,[ 15:34 ],0,177
42695,2014-05-30,[ 15:35 ],0,176
42696,2014-05-30,[ 15:36 ],0,175
42697,2014-05-30,[ 15:37 ],0,176
42698,2014-05-30,[ 15:38 ],0,177
42699,2014-05-30,[ 15:39 ],0,177
42700,2014-05-30,[ 15:40 ],0,176
42701,2014-05-30,[ 15:41 ],0,176
42702,2014-05-30,[ 15:42 ],0,175
42703,2014-05-30,[ 15:43 ],0,173
42704,2014-05-30,[ 15:44 ],0,178
42705,2014-05-30,[ 15:45 ],0,175
42706,2014-05-30,[ 15:46 ],0,176
42707,2014-05-30,[ 15:47 ],0,176
42708,2014-05-30,[ 15:48 ],0,176
42709,2014-05-30,[ 15:49 ],0,176
42710,2014-05-30,[ 15:50 ],0,252
42711,2014-05-30,[ 15:51 ],0,267
42712,2014-05-30,[ 15:52 ],0,257
42713,2014-05-30,[ 15:53 ],0,259
42714,2014-05-30,[ 15:54 ],0,259
42715,2014-05-30,[ 15:55 ],0,276
42716,2014-05-30,[ 15:56 ],0,270
42717,2014-05-30,[ 15:57 ],0,273
42718,2014-05-30,[ 15:58 ],0,267
42719,2014-05-30,[ 15:59 ],0,270
42720,2014-05-30,[ 16:00 ],0,270
42721,2014-05-30,[ 16:01 ],0,272
42722,2014-05-30,[ 16:02 ],0,202
42723,2014-05-30,[ 16:03 ],0,202
42724,2014-05-30,[ 16:04 ],0,202
42725,2014-05-30,[ 16:05 ],0,203
42726,2014-05-30,[ 16:06 ],0,201
42727,2014-05-30,[ 16:07 ],0,201
42728,2014-05-30,[ 16:08 ],0,201
42729,2014-05-30,[ 16:09 ],0,203
42730,2014-05-30,[ 16:10 ],0,203
42731,2014-05-30,[ 16:11 ],0,199
42732,2014-05-30,[ 16:12 ],0,195
42733,2014-05-30,[ 16:13 ],0,199
42734,2014-05-30,[ 16:14 ],0,200
42735,2014-05-30,[ 16:15 ],0,202
42736,2014-05-30,[ 16:16 ],0,202
42737,2014-05-30,[ 16:17 ],0,202
42738,2014-05-30,[ 16:18 ],0,200
42739,2014-05-30,[ 16:19 ],0,200
42740,2014-05-30,[ 16:20 ],0,200
42741,2014-05-30,[ 16:21 ],0,201
42742,2014-05-30,[ 16:22 ],0,199
42743,2014-05-30,[ 16:23 ],0,200
42744,2014-05-30,[ 16:24 ],0,201
42745,2014-05-30,[ 16:25 ],0,201
42746,2014-05-30,[ 16:26 ],0,204
42747,2014-05-30,[ 16:27 ],0,201
42748,2014-05-30,[ 16:28 ],0,200
42749,2014-05-30,[ 16:29 ],0,200
42750,2014-05-30,[ 16:30 ],0,201
42751,2014-05-30,[ 16:31 ],0,200
42752,2014-05-30,[ 16:32 ],0,203
42753,2014-05-30,[ 16:33 ],0,201
42754,2014-05-30,[ 16:34 ],0,204
42755,2014-05-30,[ 16:35 ],0,206
42756,2014-05-30,[ 16:36 ],0,203
42757,2014-05-30,[ 16:37 ],0,201
42758,2014-05-30,[ 16:38 ],0,200
42759,2014-05-30,[ 16:39 ],0,201
42760,2014-05-30,[ 16:40 ],0,184
42761,2014-05-30,[ 16:41 ],0,185
42762,2014-05-30,[ 16:42 ],0,182
42763,2014-05-30,[ 16:43 ],0,185
42764,2014-05-30,[ 16:44 ],0,184
42765,2014-05-30,[ 16:45 ],0,184
42766,2014-05-30,[ 16:46 ],0,184
42767,2014-05-30,[ 16:47 ],0,185
42768,2014-05-30,[ 16:48 ],0,269
42769,2014-05-30,[ 16:49 ],0,256
42770,2014-05-30,[ 16:50 ],0,257
42771,2014-05-30,[ 16:51 ],0,259
42772,2014-05-30,[ 16:52 ],0,258
42773,2014-05-30,[ 16:53 ],0,259
42774,2014-05-30,[ 16:54 ],0,256
42775,2014-05-30,[ 16:55 ],0,257
42776,2014-05-30,[ 16:56 ],0,256
42777,2014-05-30,[ 16:57 ],0,252
42778,2014-05-30,[ 16:58 ],0,245
42779,2014-05-30,[ 16:59 ],0,243
42780,2014-05-30,[ 17:00 ],0,243
42781,2014-05-30,[ 17:01 ],0,242
42782,2014-05-30,[ 17:02 ],0,239
42783,2014-05-30,[ 17:03 ],0,241
42784,2014-05-30,[ 17:04 ],0,243
42785,2014-05-30,[ 17:05 ],0,241
42786,2014-05-30,[ 17:06 ],0,239
42787,2014-05-30,[ 17:07 ],0,256
42788,2014-05-30,[ 17:08 ],0,258
42789,2014-05-30,[ 17:09 ],0,256
42790,2014-05-30,[ 17:10 ],0,256
42791,2014-05-30,[ 17:11 ],0,259
42792,2014-05-30,[ 17:12 ],0,261
42793,2014-05-30,[ 17:13 ],0,258
42794,2014-05-30,[ 17:14 ],0,262
42795,2014-05-30,[ 17:15 ],0,262
42796,2014-05-30,[ 17:16 ],0,219
42797,2014-05-30,[ 17:17 ],0,218
42798,2014-05-30,[ 17:18 ],0,219
42799,2014-05-30,[ 17:19 ],0,224
42800,2014-05-30,[ 17:20 ],0,216
42801,2014-05-30,[ 17:21 ],0,221
42802,2014-05-30,[ 17:22 ],0,223
42803,2014-05-30,[ 17:23 ],0,224
42804,2014-05-30,[ 17:24 ],0,222
42805,2014-05-30,[ 17:25 ],0,218
42806,2014-05-30,[ 17:26 ],0,217
42807,2014-05-30,[ 17:27 ],0,217
42808,2014-05-30,[ 17:28 ],0,216
42809,2014-05-30,[ 17:29 ],0,214
42810,2014-05-30,[ 17:30 ],0,161
42811,2014-05-30,[ 17:31 ],0,161
42812,2014-05-30,[ 17:32 ],0,162
42813,2014-05-30,[ 17:33 ],0,162
42814,2014-05-30,[ 17:34 ],0,162
42815,2014-05-30,[ 17:35 ],0,163
42816,2014-05-30,[ 17:36 ],0,163
42817,2014-05-30,[ 17:37 ],0,162
42818,2014-05-30,[ 17:38 ],0,162
42819,2014-05-30,[ 17:39 ],0,163
42820,2014-05-30,[ 17:40 ],0,171
42821,2014-05-30,[ 17:41 ],0,171
42822,2014-05-30,[ 17:42 ],0,171
42823,2014-05-30,[ 17:43 ],0,172
42824,2014-05-30,[ 17:44 ],0,172
42825,2014-05-30,[ 17:45 ],0,172
42826,2014-05-30,[ 17:46 ],0,171
42827,2014-05-30,[ 17:47 ],0,171
42828,2014-05-30,[ 17:48 ],0,171
42829,2014-05-30,[ 17:49 ],0,172
42830,2014-05-30,[ 17:50 ],0,173
42831,2014-05-30,[ 17:51 ],0,173
42832,2014-05-30,[ 17:52 ],0,173
42833,2014-05-30,[ 17:53 ],0,173
42834,2014-05-30,[ 17:54 ],0,171
42835,2014-05-30,[ 17:55 ],0,173
42836,2014-05-30,[ 17:56 ],0,171
42837,2014-05-30,[ 17:57 ],0,172
42838,2014-05-30,[ 17:58 ],0,171
42839,2014-05-30,[ 17:59 ],0,172
42840,2014-05-30,[ 18:00 ],0,174
42841,2014-05-30,[ 18:01 ],0,173
42842,2014-05-30,[ 18:02 ],0,172
42843,2014-05-30,[ 18:03 ],0,173
42844,2014-05-30,[ 18:04 ],0,172
42845,2014-05-30,[ 18:05 ],0,171
42846,2014-05-30,[ 18:06 ],0,171
42847,2014-05-30,[ 18:07 ],0,171
42848,2014-05-30,[ 18:08 ],0,173
42849,2014-05-30,[ 18:09 ],0,171
42850,2014-05-30,[ 18:10 ],0,158
42851,2014-05-30,[ 18:11 ],0,159
42852,2014-05-30,[ 18:12 ],0,159
42853,2014-05-30,[ 18:13 ],0,920
42854,2014-05-30,[ 18:14 ],0,218
42855,2014-05-30,[ 18:15 ],0,215
42856,2014-05-30,[ 18:16 ],0,219
42857,2014-05-30,[ 18:17 ],0,215
42858,2014-05-30,[ 18:18 ],0,213
42859,2014-05-30,[ 18:19 ],0,216
42860,2014-05-30,[ 18:20 ],0,213
42861,2014-05-30,[ 18:21 ],0,213
42862,2014-05-30,[ 18:22 ],0,214
42863,2014-05-30,[ 18:23 ],0,294
42864,2014-05-30,[ 18:24 ],0,286
42865,2014-05-30,[ 18:25 ],0,215
42866,2014-05-30,[ 18:26 ],0,211
42867,2014-05-30,[ 18:27 ],0,203
42868,2014-05-30,[ 18:28 ],0,205
42869,2014-05-30,[ 18:29 ],0,205
42870,2014-05-30,[ 18:30 ],0,204
42871,2014-05-30,[ 18:31 ],0,204
42872,2014-05-30,[ 18:32 ],0,201
42873,2014-05-30,[ 18:33 ],0,201
42874,2014-05-30,[ 18:34 ],0,199
42875,2014-05-30,[ 18:35 ],0,200
42876,2014-05-30,[ 18:36 ],0,196
42877,2014-05-30,[ 18:37 ],0,222
42878,2014-05-30,[ 18:38 ],0,225
42879,2014-05-30,[ 18:39 ],0,225
42880,2014-05-30,[ 18:40 ],0,217
42881,2014-05-30,[ 18:41 ],0,228
42882,2014-05-30,[ 18:42 ],0,235
42883,2014-05-30,[ 18:43 ],0,235
42884,2014-05-30,[ 18:44 ],0,223
42885,2014-05-30,[ 18:45 ],0,225
42886,2014-05-30,[ 18:46 ],0,228
42887,2014-05-30,[ 18:47 ],0,224
42888,2014-05-30,[ 18:48 ],0,226
42889,2014-05-30,[ 18:49 ],0,226
42890,2014-05-30,[ 18:50 ],0,225
42891,2014-05-30,[ 18:51 ],0,222
42892,2014-05-30,[ 18:52 ],0,218
42893,2014-05-30,[ 18:53 ],0,215
42894,2014-05-30,[ 18:54 ],0,225
42895,2014-05-30,[ 18:55 ],0,211
42896,2014-05-30,[ 18:56 ],0,214
42897,2014-05-30,[ 18:57 ],0,216
42898,2014-05-30,[ 18:58 ],0,215
42899,2014-05-30,[ 18:59 ],0,215
42900,2014-05-30,[ 19:00 ],0,217
42901,2014-05-30,[ 19:01 ],0,215
42902,2014-05-30,[ 19:02 ],0,222
42903,2014-05-30,[ 19:03 ],0,237
42904,2014-05-30,[ 19:04 ],0,163
42905,2014-05-30,[ 19:05 ],0,163
42906,2014-05-30,[ 19:06 ],0,163
42907,2014-05-30,[ 19:07 ],0,163
42908,2014-05-30,[ 19:08 ],0,162
42909,2014-05-30,[ 19:09 ],0,161
42910,2014-05-30,[ 19:10 ],0,163
42911,2014-05-30,[ 19:11 ],0,163
42912,2014-05-30,[ 19:12 ],0,161
42913,2014-05-30,[ 19:13 ],0,231
42914,2014-05-30,[ 19:14 ],0,224
42915,2014-05-30,[ 19:15 ],0,223
42916,2014-05-30,[ 19:16 ],0,223
42917,2014-05-30,[ 19:17 ],0,223
42918,2014-05-30,[ 19:18 ],0,223
42919,2014-05-30,[ 19:19 ],0,216
42920,2014-05-30,[ 19:20 ],0,218
42921,2014-05-30,[ 19:21 ],0,219
42922,2014-05-30,[ 19:22 ],0,218
42923,2014-05-30,[ 19:23 ],0,215
42924,2014-05-30,[ 19:24 ],0,212
42925,2014-05-30,[ 19:25 ],0,166
42926,2014-05-30,[ 19:26 ],0,171
42927,2014-05-30,[ 19:27 ],0,171
42928,2014-05-30,[ 19:28 ],0,171
42929,2014-05-30,[ 19:29 ],0,171
42930,2014-05-30,[ 19:30 ],0,171
42931,2014-05-30,[ 19:31 ],0,171
42932,2014-05-30,[ 19:32 ],0,171
42933,2014-05-30,[ 19:33 ],0,171
42934,2014-05-30,[ 19:34 ],0,172
42935,2014-05-30,[ 19:35 ],0,170
42936,2014-05-30,[ 19:36 ],0,159
42937,2014-05-30,[ 19:37 ],0,159
42938,2014-05-30,[ 19:38 ],0,158
42939,2014-05-30,[ 19:39 ],0,158
42940,2014-05-30,[ 19:40 ],0,243
42941,2014-05-30,[ 19:41 ],0,215
42942,2014-05-30,[ 19:42 ],0,214
42943,2014-05-30,[ 19:43 ],0,214
42944,2014-05-30,[ 19:44 ],0,215
42945,2014-05-30,[ 19:45 ],0,216
42946,2014-05-30,[ 19:46 ],0,218
42947,2014-05-30,[ 19:47 ],0,218
42948,2014-05-30,[ 19:48 ],0,219
42949,2014-05-30,[ 19:49 ],0,214
42950,2014-05-30,[ 19:50 ],0,215
42951,2014-05-30,[ 19:51 ],0,215
42952,2014-05-30,[ 19:52 ],0,214
42953,2014-05-30,[ 19:53 ],0,212
42954,2014-05-30,[ 19:54 ],0,215
42955,2014-05-30,[ 19:55 ],0,216
42956,2014-05-30,[ 19:56 ],0,214
42957,2014-05-30,[ 19:57 ],0,215
42958,2014-05-30,[ 19:58 ],0,215
42959,2014-05-30,[ 19:59 ],0,215
42960,2014-05-30,[ 20:00 ],0,216
42961,2014-05-30,[ 20:01 ],0,216
42962,2014-05-30,[ 20:02 ],0,216
42963,2014-05-30,[ 20:03 ],0,215
42964,2014-05-30,[ 20:04 ],0,215
42965,2014-05-30,[ 20:05 ],0,231
42966,2014-05-30,[ 20:06 ],0,235
42967,2014-05-30,[ 20:07 ],0,235
42968,2014-05-30,[ 20:08 ],0,234
42969,2014-05-30,[ 20:09 ],0,217
42970,2014-05-30,[ 20:10 ],0,218
42971,2014-05-30,[ 20:11 ],0,222
42972,2014-05-30,[ 20:12 ],0,224
42973,2014-05-30,[ 20:13 ],0,223
42974,2014-05-30,[ 20:14 ],0,221
42975,2014-05-30,[ 20:15 ],0,217
42976,2014-05-30,[ 20:16 ],0,216
42977,2014-05-30,[ 20:17 ],0,194
42978,2014-05-30,[ 20:18 ],0,162
42979,2014-05-30,[ 20:19 ],0,162
42980,2014-05-30,[ 20:20 ],0,162
42981,2014-05-30,[ 20:21 ],0,162
42982,2014-05-30,[ 20:22 ],0,163
42983,2014-05-30,[ 20:23 ],0,163
42984,2014-05-30,[ 20:24 ],0,163
42985,2014-05-30,[ 20:25 ],0,162
42986,2014-05-30,[ 20:26 ],0,162
42987,2014-05-30,[ 20:27 ],0,161
42988,2014-05-30,[ 20:28 ],0,163
42989,2014-05-30,[ 20:29 ],0,163
42990,2014-05-30,[ 20:30 ],0,163
42991,2014-05-30,[ 20:31 ],0,162
42992,2014-05-30,[ 20:32 ],0,163
42993,2014-05-30,[ 20:33 ],0,162
42994,2014-05-30,[ 20:34 ],0,163
42995,2014-05-30,[ 20:35 ],0,163
42996,2014-05-30,[ 20:36 ],0,165
42997,2014-05-30,[ 20:37 ],0,163
42998,2014-05-30,[ 20:38 ],0,163
42999,2014-05-30,[ 20:39 ],0,163
43000,2014-05-30,[ 20:40 ],0,163
43001,2014-05-30,[ 20:41 ],0,163
43002,2014-05-30,[ 20:42 ],0,172
43003,2014-05-30,[ 20:43 ],0,171
43004,2014-05-30,[ 20:44 ],0,171
43005,2014-05-30,[ 20:45 ],0,171
43006,2014-05-30,[ 20:46 ],0,169
43007,2014-05-30,[ 20:47 ],0,170
43008,2014-05-30,[ 20:48 ],0,171
43009,2014-05-30,[ 20:49 ],0,171
43010,2014-05-30,[ 20:50 ],0,170
43011,2014-05-30,[ 20:51 ],0,169
43012,2014-05-30,[ 20:52 ],0,171
43013,2014-05-30,[ 20:53 ],0,171
43014,2014-05-30,[ 20:54 ],0,171
43015,2014-05-30,[ 20:55 ],0,171
43016,2014-05-30,[ 20:56 ],0,171
43017,2014-05-30,[ 20:57 ],0,172
43018,2014-05-30,[ 20:58 ],0,172
43019,2014-05-30,[ 20:59 ],0,170
43020,2014-05-30,[ 21:00 ],0,366
43021,2014-05-30,[ 21:01 ],0,240
43022,2014-05-30,[ 21:02 ],0,236
43023,2014-05-30,[ 21:03 ],0,238
43024,2014-05-30,[ 21:04 ],0,238
43025,2014-05-30,[ 21:05 ],0,236
43026,2014-05-30,[ 21:06 ],0,235
43027,2014-05-30,[ 21:07 ],0,227
43028,2014-05-30,[ 21:08 ],0,212
43029,2014-05-30,[ 21:09 ],0,212
43030,2014-05-30,[ 21:10 ],0,207
43031,2014-05-30,[ 21:11 ],0,206
43032,2014-05-30,[ 21:12 ],0,156
43033,2014-05-30,[ 21:13 ],0,158
43034,2014-05-30,[ 21:14 ],0,156
43035,2014-05-30,[ 21:15 ],0,157
43036,2014-05-30,[ 21:16 ],0,156
43037,2014-05-30,[ 21:17 ],0,158
43038,2014-05-30,[ 21:18 ],0,171
43039,2014-05-30,[ 21:19 ],0,171
43040,2014-05-30,[ 21:20 ],0,172
43041,2014-05-30,[ 21:21 ],0,171
43042,2014-05-30,[ 21:22 ],0,172
43043,2014-05-30,[ 21:23 ],0,171
43044,2014-05-30,[ 21:24 ],0,172
43045,2014-05-30,[ 21:25 ],0,172
43046,2014-05-30,[ 21:26 ],0,173
43047,2014-05-30,[ 21:27 ],0,248
43048,2014-05-30,[ 21:28 ],0,251
43049,2014-05-30,[ 21:29 ],0,232
43050,2014-05-30,[ 21:30 ],0,232
43051,2014-05-30,[ 21:31 ],0,229
43052,2014-05-30,[ 21:32 ],0,229
43053,2014-05-30,[ 21:33 ],0,231
43054,2014-05-30,[ 21:34 ],0,234
43055,2014-05-30,[ 21:35 ],0,231
43056,2014-05-30,[ 21:36 ],0,212
43057,2014-05-30,[ 21:37 ],0,208
43058,2014-05-30,[ 21:38 ],0,212
43059,2014-05-30,[ 21:39 ],0,207
43060,2014-05-30,[ 21:40 ],0,207
43061,2014-05-30,[ 21:41 ],0,194
43062,2014-05-30,[ 21:42 ],0,200
43063,2014-05-30,[ 21:43 ],0,200
43064,2014-05-30,[ 21:44 ],0,203
43065,2014-05-30,[ 21:45 ],0,199
43066,2014-05-30,[ 21:46 ],0,199
43067,2014-05-30,[ 21:47 ],0,200
43068,2014-05-30,[ 21:48 ],0,195
43069,2014-05-30,[ 21:49 ],0,196
43070,2014-05-30,[ 21:50 ],0,196
43071,2014-05-30,[ 21:51 ],0,199
43072,2014-05-30,[ 21:52 ],0,199
43073,2014-05-30,[ 21:53 ],0,200
43074,2014-05-30,[ 21:54 ],0,199
43075,2014-05-30,[ 21:55 ],0,217
43076,2014-05-30,[ 21:56 ],0,208
43077,2014-05-30,[ 21:57 ],0,208
43078,2014-05-30,[ 21:58 ],0,226
43079,2014-05-30,[ 21:59 ],0,224
43080,2014-05-30,[ 22:00 ],0,216
43081,2014-05-30,[ 22:01 ],0,216
43082,2014-05-30,[ 22:02 ],0,319
43083,2014-05-30,[ 22:03 ],0,299
43084,2014-05-30,[ 22:04 ],0,292
43085,2014-05-30,[ 22:05 ],0,292
43086,2014-05-30,[ 22:06 ],0,292
43087,2014-05-30,[ 22:07 ],0,294
43088,2014-05-30,[ 22:08 ],0,294
43089,2014-05-30,[ 22:09 ],0,289
43090,2014-05-30,[ 22:10 ],0,278
43091,2014-05-30,[ 22:11 ],0,278
43092,2014-05-30,[ 22:12 ],0,278
43093,2014-05-30,[ 22:13 ],0,273
43094,2014-05-30,[ 22:14 ],0,211
43095,2014-05-30,[ 22:15 ],0,211
43096,2014-05-30,[ 22:16 ],0,211
43097,2014-05-30,[ 22:17 ],0,210
43098,2014-05-30,[ 22:18 ],0,210
43099,2014-05-30,[ 22:19 ],0,229
43100,2014-05-30,[ 22:20 ],0,225
43101,2014-05-30,[ 22:21 ],0,231
43102,2014-05-30,[ 22:22 ],0,237
43103,2014-05-30,[ 22:23 ],0,246
43104,2014-05-30,[ 22:24 ],0,174
43105,2014-05-30,[ 22:25 ],0,172
43106,2014-05-30,[ 22:26 ],0,171
43107,2014-05-30,[ 22:27 ],0,171
43108,2014-05-30,[ 22:28 ],0,171
43109,2014-05-30,[ 22:29 ],0,163
43110,2014-05-30,[ 22:30 ],0,165
43111,2014-05-30,[ 22:31 ],0,166
43112,2014-05-30,[ 22:32 ],0,234
43113,2014-05-30,[ 22:33 ],0,225
43114,2014-05-30,[ 22:34 ],0,218
43115,2014-05-30,[ 22:35 ],0,223
43116,2014-05-30,[ 22:36 ],0,227
43117,2014-05-30,[ 22:37 ],0,224
43118,2014-05-30,[ 22:38 ],0,224
43119,2014-05-30,[ 22:39 ],0,224
43120,2014-05-30,[ 22:40 ],0,223
43121,2014-05-30,[ 22:41 ],0,224
43122,2014-05-30,[ 22:42 ],0,221
43123,2014-05-30,[ 22:43 ],0,222
43124,2014-05-30,[ 22:44 ],0,222
43125,2014-05-30,[ 22:45 ],0,221
43126,2014-05-30,[ 22:46 ],0,223
43127,2014-05-30,[ 22:47 ],0,222
43128,2014-05-30,[ 22:48 ],0,218
43129,2014-05-30,[ 22:49 ],0,221
43130,2014-05-30,[ 22:50 ],0,218
43131,2014-05-30,[ 22:51 ],0,219
43132,2014-05-30,[ 22:52 ],0,219
43133,2014-05-30,[ 22:53 ],0,218
43134,2014-05-30,[ 22:54 ],0,218
43135,2014-05-30,[ 22:55 ],0,219
43136,2014-05-30,[ 22:56 ],0,217
43137,2014-05-30,[ 22:57 ],0,221
43138,2014-05-30,[ 22:58 ],0,219
43139,2014-05-30,[ 22:59 ],0,218
43140,2014-05-30,[ 23:00 ],0,223
43141,2014-05-30,[ 23:01 ],0,223
43142,2014-05-30,[ 23:02 ],0,222
43143,2014-05-30,[ 23:03 ],0,224
43144,2014-05-30,[ 23:04 ],0,224
43145,2014-05-30,[ 23:05 ],0,225
43146,2014-05-30,[ 23:06 ],0,205
43147,2014-05-30,[ 23:07 ],0,202
43148,2014-05-30,[ 23:08 ],0,203
43149,2014-05-30,[ 23:09 ],0,202
43150,2014-05-30,[ 23:10 ],0,152
43151,2014-05-30,[ 23:11 ],0,151
43152,2014-05-30,[ 23:12 ],0,150
43153,2014-05-30,[ 23:13 ],0,158
43154,2014-05-30,[ 23:14 ],0,159
43155,2014-05-30,[ 23:15 ],0,160
43156,2014-05-30,[ 23:16 ],0,161
43157,2014-05-30,[ 23:17 ],0,160
43158,2014-05-30,[ 23:18 ],0,158
43159,2014-05-30,[ 23:19 ],0,160
43160,2014-05-30,[ 23:20 ],0,160
43161,2014-05-30,[ 23:21 ],0,160
43162,2014-05-30,[ 23:22 ],0,158
43163,2014-05-30,[ 23:23 ],0,160
43164,2014-05-30,[ 23:24 ],0,161
43165,2014-05-30,[ 23:25 ],0,159
43166,2014-05-30,[ 23:26 ],0,159
43167,2014-05-30,[ 23:27 ],0,161
43168,2014-05-30,[ 23:28 ],0,160
43169,2014-05-30,[ 23:29 ],0,154
43170,2014-05-30,[ 23:30 ],0,154
43171,2014-05-30,[ 23:31 ],0,151
43172,2014-05-30,[ 23:32 ],0,152
43173,2014-05-30,[ 23:33 ],0,154
43174,2014-05-30,[ 23:34 ],0,167
43175,2014-05-30,[ 23:35 ],0,163
43176,2014-05-30,[ 23:36 ],0,163
43177,2014-05-30,[ 23:37 ],0,163
43178,2014-05-30,[ 23:38 ],0,163
43179,2014-05-30,[ 23:39 ],0,163
43180,2014-05-30,[ 23:40 ],0,163
43181,2014-05-30,[ 23:41 ],0,163
43182,2014-05-30,[ 23:42 ],0,163
43183,2014-05-30,[ 23:43 ],0,162
43184,2014-05-30,[ 23:44 ],0,163
43185,2014-05-30,[ 23:45 ],0,163
43186,2014-05-30,[ 23:46 ],0,163
43187,2014-05-30,[ 23:47 ],0,163
43188,2014-05-30,[ 23:48 ],0,163
43189,2014-05-30,[ 23:49 ],0,163
43190,2014-05-30,[ 23:50 ],0,162
43191,2014-05-30,[ 23:51 ],0,163
43192,2014-05-30,[ 23:52 ],0,163
43193,2014-05-30,[ 23:53 ],0,336
43194,2014-05-30,[ 23:54 ],0,224
43195,2014-05-30,[ 23:55 ],0,223
43196,2014-05-30,[ 23:56 ],0,224
43197,2014-05-30,[ 23:57 ],0,224
43198,2014-05-30,[ 23:58 ],0,222
43199,2014-05-30,[ 23:59 ],0,231
43200,2014-05-31,[ 00:00 ],1,221
43201,2014-05-31,[ 00:01 ],1,222
43202,2014-05-31,[ 00:02 ],1,223
43203,2014-05-31,[ 00:03 ],1,222
43204,2014-05-31,[ 00:04 ],1,163
43205,2014-05-31,[ 00:05 ],1,155
43206,2014-05-31,[ 00:06 ],1,153
43207,2014-05-31,[ 00:07 ],1,152
43208,2014-05-31,[ 00:08 ],1,153
43209,2014-05-31,[ 00:09 ],1,153
43210,2014-05-31,[ 00:10 ],1,151
43211,2014-05-31,[ 00:11 ],1,151
43212,2014-05-31,[ 00:12 ],1,153
43213,2014-05-31,[ 00:13 ],1,154
43214,2014-05-31,[ 00:14 ],1,154
43215,2014-05-31,[ 00:15 ],1,154
43216,2014-05-31,[ 00:16 ],1,153
43217,2014-05-31,[ 00:17 ],1,153
43218,2014-05-31,[ 00:18 ],1,153
43219,2014-05-31,[ 00:19 ],1,153
43220,2014-05-31,[ 00:20 ],1,152
43221,2014-05-31,[ 00:21 ],1,152
43222,2014-05-31,[ 00:22 ],1,150
43223,2014-05-31,[ 00:23 ],1,152
43224,2014-05-31,[ 00:24 ],1,153
43225,2014-05-31,[ 00:25 ],1,153
43226,2014-05-31,[ 00:26 ],1,153
43227,2014-05-31,[ 00:27 ],1,151
43228,2014-05-31,[ 00:28 ],1,153
43229,2014-05-31,[ 00:29 ],1,157
43230,2014-05-31,[ 00:30 ],1,158
43231,2014-05-31,[ 00:31 ],1,156
43232,2014-05-31,[ 00:32 ],1,157
43233,2014-05-31,[ 00:33 ],1,158
43234,2014-05-31,[ 00:34 ],1,159
43235,2014-05-31,[ 00:35 ],1,159
43236,2014-05-31,[ 00:36 ],1,158
43237,2014-05-31,[ 00:37 ],1,159
43238,2014-05-31,[ 00:38 ],1,158
43239,2014-05-31,[ 00:39 ],1,159
43240,2014-05-31,[ 00:40 ],1,159
43241,2014-05-31,[ 00:41 ],1,159
43242,2014-05-31,[ 00:42 ],1,160
43243,2014-05-31,[ 00:43 ],1,160
43244,2014-05-31,[ 00:44 ],1,160
43245,2014-05-31,[ 00:45 ],1,160
43246,2014-05-31,[ 00:46 ],1,157
43247,2014-05-31,[ 00:47 ],1,159
43248,2014-05-31,[ 00:48 ],1,159
43249,2014-05-31,[ 00:49 ],1,160
43250,2014-05-31,[ 00:50 ],1,161
43251,2014-05-31,[ 00:51 ],1,159
43252,2014-05-31,[ 00:52 ],1,157
43253,2014-05-31,[ 00:53 ],1,159
43254,2014-05-31,[ 00:54 ],1,280
43255,2014-05-31,[ 00:55 ],1,226
43256,2014-05-31,[ 00:56 ],1,217
43257,2014-05-31,[ 00:57 ],1,218
43258,2014-05-31,[ 00:58 ],1,219
43259,2014-05-31,[ 00:59 ],1,216
43260,2014-05-31,[ 01:00 ],1,217
43261,2014-05-31,[ 01:01 ],1,215
43262,2014-05-31,[ 01:02 ],1,215
43263,2014-05-31,[ 01:03 ],1,215
43264,2014-05-31,[ 01:04 ],1,213
43265,2014-05-31,[ 01:05 ],1,212
43266,2014-05-31,[ 01:06 ],1,160
43267,2014-05-31,[ 01:07 ],1,159
43268,2014-05-31,[ 01:08 ],1,159
43269,2014-05-31,[ 01:09 ],1,159
43270,2014-05-31,[ 01:10 ],1,161
43271,2014-05-31,[ 01:11 ],1,159
43272,2014-05-31,[ 01:12 ],1,160
43273,2014-05-31,[ 01:13 ],1,162
43274,2014-05-31,[ 01:14 ],1,157
43275,2014-05-31,[ 01:15 ],1,157
43276,2014-05-31,[ 01:16 ],1,158
43277,2014-05-31,[ 01:17 ],1,156
43278,2014-05-31,[ 01:18 ],1,151
43279,2014-05-31,[ 01:19 ],1,150
43280,2014-05-31,[ 01:20 ],1,152
43281,2014-05-31,[ 01:21 ],1,152
43282,2014-05-31,[ 01:22 ],1,152
43283,2014-05-31,[ 01:23 ],1,151
43284,2014-05-31,[ 01:24 ],1,151
43285,2014-05-31,[ 01:25 ],1,150
43286,2014-05-31,[ 01:26 ],1,150
43287,2014-05-31,[ 01:27 ],1,217
43288,2014-05-31,[ 01:28 ],1,217
43289,2014-05-31,[ 01:29 ],1,203
43290,2014-05-31,[ 01:30 ],1,202
43291,2014-05-31,[ 01:31 ],1,206
43292,2014-05-31,[ 01:32 ],1,206
43293,2014-05-31,[ 01:33 ],1,210
43294,2014-05-31,[ 01:34 ],1,205
43295,2014-05-31,[ 01:35 ],1,206
43296,2014-05-31,[ 01:36 ],1,205
43297,2014-05-31,[ 01:37 ],1,204
43298,2014-05-31,[ 01:38 ],1,204
43299,2014-05-31,[ 01:39 ],1,206
43300,2014-05-31,[ 01:40 ],1,205
43301,2014-05-31,[ 01:41 ],1,205
43302,2014-05-31,[ 01:42 ],1,204
43303,2014-05-31,[ 01:43 ],1,203
43304,2014-05-31,[ 01:44 ],1,204
43305,2014-05-31,[ 01:45 ],1,204
43306,2014-05-31,[ 01:46 ],1,204
43307,2014-05-31,[ 01:47 ],1,203
43308,2014-05-31,[ 01:48 ],1,204
43309,2014-05-31,[ 01:49 ],1,205
43310,2014-05-31,[ 01:50 ],1,205
43311,2014-05-31,[ 01:51 ],1,206
43312,2014-05-31,[ 01:52 ],1,203
43313,2014-05-31,[ 01:53 ],1,202
43314,2014-05-31,[ 01:54 ],1,202
43315,2014-05-31,[ 01:55 ],1,202
43316,2014-05-31,[ 01:56 ],1,203
43317,2014-05-31,[ 01:57 ],1,204
43318,2014-05-31,[ 01:58 ],1,207
43319,2014-05-31,[ 01:59 ],1,208
43320,2014-05-31,[ 02:00 ],1,208
43321,2014-05-31,[ 02:01 ],1,206
43322,2014-05-31,[ 02:02 ],1,203
43323,2014-05-31,[ 02:03 ],1,203
43324,2014-05-31,[ 02:04 ],1,202
43325,2014-05-31,[ 02:05 ],1,152
43326,2014-05-31,[ 02:06 ],1,152
43327,2014-05-31,[ 02:07 ],1,150
43328,2014-05-31,[ 02:08 ],1,151
43329,2014-05-31,[ 02:09 ],1,150
43330,2014-05-31,[ 02:10 ],1,151
43331,2014-05-31,[ 02:11 ],1,150
43332,2014-05-31,[ 02:12 ],1,149
43333,2014-05-31,[ 02:13 ],1,150
43334,2014-05-31,[ 02:14 ],1,159
43335,2014-05-31,[ 02:15 ],1,156
43336,2014-05-31,[ 02:16 ],1,157
43337,2014-05-31,[ 02:17 ],1,158
43338,2014-05-31,[ 02:18 ],1,158
43339,2014-05-31,[ 02:19 ],1,158
43340,2014-05-31,[ 02:20 ],1,159
43341,2014-05-31,[ 02:21 ],1,158
43342,2014-05-31,[ 02:22 ],1,159
43343,2014-05-31,[ 02:23 ],1,157
43344,2014-05-31,[ 02:24 ],1,159
43345,2014-05-31,[ 02:25 ],1,158
43346,2014-05-31,[ 02:26 ],1,159
43347,2014-05-31,[ 02:27 ],1,160
43348,2014-05-31,[ 02:28 ],1,157
43349,2014-05-31,[ 02:29 ],1,158
43350,2014-05-31,[ 02:30 ],1,159
43351,2014-05-31,[ 02:31 ],1,159
43352,2014-05-31,[ 02:32 ],1,159
43353,2014-05-31,[ 02:33 ],1,161
43354,2014-05-31,[ 02:34 ],1,161
43355,2014-05-31,[ 02:35 ],1,160
43356,2014-05-31,[ 02:36 ],1,161
43357,2014-05-31,[ 02:37 ],1,159
43358,2014-05-31,[ 02:38 ],1,161
43359,2014-05-31,[ 02:39 ],1,161
43360,2014-05-31,[ 02:40 ],1,161
43361,2014-05-31,[ 02:41 ],1,161
43362,2014-05-31,[ 02:42 ],1,160
43363,2014-05-31,[ 02:43 ],1,160
43364,2014-05-31,[ 02:44 ],1,160
43365,2014-05-31,[ 02:45 ],1,160
43366,2014-05-31,[ 02:46 ],1,160
43367,2014-05-31,[ 02:47 ],1,153
43368,2014-05-31,[ 02:48 ],1,153
43369,2014-05-31,[ 02:49 ],1,152
43370,2014-05-31,[ 02:50 ],1,293
43371,2014-05-31,[ 02:51 ],1,205
43372,2014-05-31,[ 02:52 ],1,207
43373,2014-05-31,[ 02:53 ],1,206
43374,2014-05-31,[ 02:54 ],1,205
43375,2014-05-31,[ 02:55 ],1,204
43376,2014-05-31,[ 02:56 ],1,204
43377,2014-05-31,[ 02:57 ],1,202
43378,2014-05-31,[ 02:58 ],1,203
43379,2014-05-31,[ 02:59 ],1,203
43380,2014-05-31,[ 03:00 ],1,203
43381,2014-05-31,[ 03:01 ],1,153
43382,2014-05-31,[ 03:02 ],1,151
43383,2014-05-31,[ 03:03 ],1,154
43384,2014-05-31,[ 03:04 ],1,152
43385,2014-05-31,[ 03:05 ],1,163
43386,2014-05-31,[ 03:06 ],1,161
43387,2014-05-31,[ 03:07 ],1,162
43388,2014-05-31,[ 03:08 ],1,163
43389,2014-05-31,[ 03:09 ],1,163
43390,2014-05-31,[ 03:10 ],1,162
43391,2014-05-31,[ 03:11 ],1,163
43392,2014-05-31,[ 03:12 ],1,163
43393,2014-05-31,[ 03:13 ],1,163
43394,2014-05-31,[ 03:14 ],1,162
43395,2014-05-31,[ 03:15 ],1,163
43396,2014-05-31,[ 03:16 ],1,163
43397,2014-05-31,[ 03:17 ],1,165
43398,2014-05-31,[ 03:18 ],1,163
43399,2014-05-31,[ 03:19 ],1,163
43400,2014-05-31,[ 03:20 ],1,163
43401,2014-05-31,[ 03:21 ],1,163
43402,2014-05-31,[ 03:22 ],1,165
43403,2014-05-31,[ 03:23 ],1,163
43404,2014-05-31,[ 03:24 ],1,165
43405,2014-05-31,[ 03:25 ],1,163
43406,2014-05-31,[ 03:26 ],1,165
43407,2014-05-31,[ 03:27 ],1,163
43408,2014-05-31,[ 03:28 ],1,163
43409,2014-05-31,[ 03:29 ],1,162
43410,2014-05-31,[ 03:30 ],1,165
43411,2014-05-31,[ 03:31 ],1,162
43412,2014-05-31,[ 03:32 ],1,163
43413,2014-05-31,[ 03:33 ],1,163
43414,2014-05-31,[ 03:34 ],1,165
43415,2014-05-31,[ 03:35 ],1,163
43416,2014-05-31,[ 03:36 ],1,149
43417,2014-05-31,[ 03:37 ],1,149
43418,2014-05-31,[ 03:38 ],1,152
43419,2014-05-31,[ 03:39 ],1,149
43420,2014-05-31,[ 03:40 ],1,149
43421,2014-05-31,[ 03:41 ],1,150
43422,2014-05-31,[ 03:42 ],1,149
43423,2014-05-31,[ 03:43 ],1,149
43424,2014-05-31,[ 03:44 ],1,149
43425,2014-05-31,[ 03:45 ],1,151
43426,2014-05-31,[ 03:46 ],1,149
43427,2014-05-31,[ 03:47 ],1,150
43428,2014-05-31,[ 03:48 ],1,151
43429,2014-05-31,[ 03:49 ],1,150
43430,2014-05-31,[ 03:50 ],1,150
43431,2014-05-31,[ 03:51 ],1,150
43432,2014-05-31,[ 03:52 ],1,217
43433,2014-05-31,[ 03:53 ],1,210
43434,2014-05-31,[ 03:54 ],1,207
43435,2014-05-31,[ 03:55 ],1,207
43436,2014-05-31,[ 03:56 ],1,208
43437,2014-05-31,[ 03:57 ],1,206
43438,2014-05-31,[ 03:58 ],1,205
43439,2014-05-31,[ 03:59 ],1,204
43440,2014-05-31,[ 04:00 ],1,207
43441,2014-05-31,[ 04:01 ],1,204
43442,2014-05-31,[ 04:02 ],1,205
43443,2014-05-31,[ 04:03 ],1,200
43444,2014-05-31,[ 04:04 ],1,153
43445,2014-05-31,[ 04:05 ],1,153
43446,2014-05-31,[ 04:06 ],1,152
43447,2014-05-31,[ 04:07 ],1,152
43448,2014-05-31,[ 04:08 ],1,359
43449,2014-05-31,[ 04:09 ],1,353
43450,2014-05-31,[ 04:10 ],1,357
43451,2014-05-31,[ 04:11 ],1,356
43452,2014-05-31,[ 04:12 ],1,357
43453,2014-05-31,[ 04:13 ],1,358
43454,2014-05-31,[ 04:14 ],1,369
43455,2014-05-31,[ 04:15 ],1,370
43456,2014-05-31,[ 04:16 ],1,370
43457,2014-05-31,[ 04:17 ],1,370
43458,2014-05-31,[ 04:18 ],1,367
43459,2014-05-31,[ 04:19 ],1,367
43460,2014-05-31,[ 04:20 ],1,172
43461,2014-05-31,[ 04:21 ],1,172
43462,2014-05-31,[ 04:22 ],1,171
43463,2014-05-31,[ 04:23 ],1,171
43464,2014-05-31,[ 04:24 ],1,171
43465,2014-05-31,[ 04:25 ],1,171
43466,2014-05-31,[ 04:26 ],1,171
43467,2014-05-31,[ 04:27 ],1,172
43468,2014-05-31,[ 04:28 ],1,173
43469,2014-05-31,[ 04:29 ],1,171
43470,2014-05-31,[ 04:30 ],1,171
43471,2014-05-31,[ 04:31 ],1,171
43472,2014-05-31,[ 04:32 ],1,173
43473,2014-05-31,[ 04:33 ],1,300
43474,2014-05-31,[ 04:34 ],1,232
43475,2014-05-31,[ 04:35 ],1,227
43476,2014-05-31,[ 04:36 ],1,211
43477,2014-05-31,[ 04:37 ],1,211
43478,2014-05-31,[ 04:38 ],1,211
43479,2014-05-31,[ 04:39 ],1,211
43480,2014-05-31,[ 04:40 ],1,208
43481,2014-05-31,[ 04:41 ],1,210
43482,2014-05-31,[ 04:42 ],1,211
43483,2014-05-31,[ 04:43 ],1,212
43484,2014-05-31,[ 04:44 ],1,212
43485,2014-05-31,[ 04:45 ],1,211
43486,2014-05-31,[ 04:46 ],1,202
43487,2014-05-31,[ 04:47 ],1,201
43488,2014-05-31,[ 04:48 ],1,201
43489,2014-05-31,[ 04:49 ],1,202
43490,2014-05-31,[ 04:50 ],1,201
43491,2014-05-31,[ 04:51 ],1,201
43492,2014-05-31,[ 04:52 ],1,200
43493,2014-05-31,[ 04:53 ],1,200
43494,2014-05-31,[ 04:54 ],1,202
43495,2014-05-31,[ 04:55 ],1,201
43496,2014-05-31,[ 04:56 ],1,202
43497,2014-05-31,[ 04:57 ],1,201
43498,2014-05-31,[ 04:58 ],1,202
43499,2014-05-31,[ 04:59 ],1,201
43500,2014-05-31,[ 05:00 ],1,200
43501,2014-05-31,[ 05:01 ],1,202
43502,2014-05-31,[ 05:02 ],1,203
43503,2014-05-31,[ 05:03 ],1,203
43504,2014-05-31,[ 05:04 ],1,217
43505,2014-05-31,[ 05:05 ],1,219
43506,2014-05-31,[ 05:06 ],1,224
43507,2014-05-31,[ 05:07 ],1,227
43508,2014-05-31,[ 05:08 ],1,225
43509,2014-05-31,[ 05:09 ],1,225
43510,2014-05-31,[ 05:10 ],1,226
43511,2014-05-31,[ 05:11 ],1,223
43512,2014-05-31,[ 05:12 ],1,222
43513,2014-05-31,[ 05:13 ],1,222
43514,2014-05-31,[ 05:14 ],1,221
43515,2014-05-31,[ 05:15 ],1,229
43516,2014-05-31,[ 05:16 ],1,232
43517,2014-05-31,[ 05:17 ],1,232
43518,2014-05-31,[ 05:18 ],1,232
43519,2014-05-31,[ 05:19 ],1,231
43520,2014-05-31,[ 05:20 ],1,232
43521,2014-05-31,[ 05:21 ],1,232
43522,2014-05-31,[ 05:22 ],1,231
43523,2014-05-31,[ 05:23 ],1,229
43524,2014-05-31,[ 05:24 ],1,227
43525,2014-05-31,[ 05:25 ],1,228
43526,2014-05-31,[ 05:26 ],1,226
43527,2014-05-31,[ 05:27 ],1,227
43528,2014-05-31,[ 05:28 ],1,226
43529,2014-05-31,[ 05:29 ],1,231
43530,2014-05-31,[ 05:30 ],1,223
43531,2014-05-31,[ 05:31 ],1,171
43532,2014-05-31,[ 05:32 ],1,169
43533,2014-05-31,[ 05:33 ],1,170
43534,2014-05-31,[ 05:34 ],1,170
43535,2014-05-31,[ 05:35 ],1,170
43536,2014-05-31,[ 05:36 ],1,171
43537,2014-05-31,[ 05:37 ],1,171
43538,2014-05-31,[ 05:38 ],1,170
43539,2014-05-31,[ 05:39 ],1,171
43540,2014-05-31,[ 05:40 ],1,171
43541,2014-05-31,[ 05:41 ],1,171
43542,2014-05-31,[ 05:42 ],1,170
43543,2014-05-31,[ 05:43 ],1,171
43544,2014-05-31,[ 05:44 ],1,172
43545,2014-05-31,[ 05:45 ],1,169
43546,2014-05-31,[ 05:46 ],1,167
43547,2014-05-31,[ 05:47 ],1,165
43548,2014-05-31,[ 05:48 ],1,158
43549,2014-05-31,[ 05:49 ],1,157
43550,2014-05-31,[ 05:50 ],1,159
43551,2014-05-31,[ 05:51 ],1,157
43552,2014-05-31,[ 05:52 ],1,156
43553,2014-05-31,[ 05:53 ],1,157
43554,2014-05-31,[ 05:54 ],1,157
43555,2014-05-31,[ 05:55 ],1,157
43556,2014-05-31,[ 05:56 ],1,158
43557,2014-05-31,[ 05:57 ],1,158
43558,2014-05-31,[ 05:58 ],1,157
43559,2014-05-31,[ 05:59 ],1,157
43560,2014-05-31,[ 06:00 ],1,154
43561,2014-05-31,[ 06:01 ],1,154
43562,2014-05-31,[ 06:02 ],1,155
43563,2014-05-31,[ 06:03 ],1,155
43564,2014-05-31,[ 06:04 ],1,153
43565,2014-05-31,[ 06:05 ],1,150
43566,2014-05-31,[ 06:06 ],1,150
43567,2014-05-31,[ 06:07 ],1,149
43568,2014-05-31,[ 06:08 ],1,152
43569,2014-05-31,[ 06:09 ],1,149
43570,2014-05-31,[ 06:10 ],1,149
43571,2014-05-31,[ 06:11 ],1,149
43572,2014-05-31,[ 06:12 ],1,149
43573,2014-05-31,[ 06:13 ],1,152
43574,2014-05-31,[ 06:14 ],1,151
43575,2014-05-31,[ 06:15 ],1,149
43576,2014-05-31,[ 06:16 ],1,149
43577,2014-05-31,[ 06:17 ],1,150
43578,2014-05-31,[ 06:18 ],1,150
43579,2014-05-31,[ 06:19 ],1,151
43580,2014-05-31,[ 06:20 ],1,239
43581,2014-05-31,[ 06:21 ],1,210
43582,2014-05-31,[ 06:22 ],1,204
43583,2014-05-31,[ 06:23 ],1,204
43584,2014-05-31,[ 06:24 ],1,204
43585,2014-05-31,[ 06:25 ],1,202
43586,2014-05-31,[ 06:26 ],1,204
43587,2014-05-31,[ 06:27 ],1,204
43588,2014-05-31,[ 06:28 ],1,202
43589,2014-05-31,[ 06:29 ],1,221
43590,2014-05-31,[ 06:30 ],1,208
43591,2014-05-31,[ 06:31 ],1,207
43592,2014-05-31,[ 06:32 ],1,204
43593,2014-05-31,[ 06:33 ],1,159
43594,2014-05-31,[ 06:34 ],1,157
43595,2014-05-31,[ 06:35 ],1,157
43596,2014-05-31,[ 06:36 ],1,158
43597,2014-05-31,[ 06:37 ],1,157
43598,2014-05-31,[ 06:38 ],1,157
43599,2014-05-31,[ 06:39 ],1,157
43600,2014-05-31,[ 06:40 ],1,158
43601,2014-05-31,[ 06:41 ],1,160
43602,2014-05-31,[ 06:42 ],1,157
43603,2014-05-31,[ 06:43 ],1,157
43604,2014-05-31,[ 06:44 ],1,158
43605,2014-05-31,[ 06:45 ],1,158
43606,2014-05-31,[ 06:46 ],1,158
43607,2014-05-31,[ 06:47 ],1,157
43608,2014-05-31,[ 06:48 ],1,157
43609,2014-05-31,[ 06:49 ],1,158
43610,2014-05-31,[ 06:50 ],1,159
43611,2014-05-31,[ 06:51 ],1,159
43612,2014-05-31,[ 06:52 ],1,178
43613,2014-05-31,[ 06:53 ],1,171
43614,2014-05-31,[ 06:54 ],1,171
43615,2014-05-31,[ 06:55 ],1,171
43616,2014-05-31,[ 06:56 ],1,173
43617,2014-05-31,[ 06:57 ],1,171
43618,2014-05-31,[ 06:58 ],1,171
43619,2014-05-31,[ 06:59 ],1,171
43620,2014-05-31,[ 07:00 ],1,173
43621,2014-05-31,[ 07:01 ],1,175
43622,2014-05-31,[ 07:02 ],1,175
43623,2014-05-31,[ 07:03 ],1,174
43624,2014-05-31,[ 07:04 ],1,174
43625,2014-05-31,[ 07:05 ],1,174
43626,2014-05-31,[ 07:06 ],1,174
43627,2014-05-31,[ 07:07 ],1,171
43628,2014-05-31,[ 07:08 ],1,172
43629,2014-05-31,[ 07:09 ],1,172
43630,2014-05-31,[ 07:10 ],1,172
43631,2014-05-31,[ 07:11 ],1,171
43632,2014-05-31,[ 07:12 ],1,172
43633,2014-05-31,[ 07:13 ],1,171
43634,2014-05-31,[ 07:14 ],1,171
43635,2014-05-31,[ 07:15 ],1,163
43636,2014-05-31,[ 07:16 ],1,162
43637,2014-05-31,[ 07:17 ],1,162
43638,2014-05-31,[ 07:18 ],1,161
43639,2014-05-31,[ 07:19 ],1,237
43640,2014-05-31,[ 07:20 ],1,218
43641,2014-05-31,[ 07:21 ],1,221
43642,2014-05-31,[ 07:22 ],1,219
43643,2014-05-31,[ 07:23 ],1,219
43644,2014-05-31,[ 07:24 ],1,219
43645,2014-05-31,[ 07:25 ],1,218
43646,2014-05-31,[ 07:26 ],1,217
43647,2014-05-31,[ 07:27 ],1,216
43648,2014-05-31,[ 07:28 ],1,223
43649,2014-05-31,[ 07:29 ],1,225
43650,2014-05-31,[ 07:30 ],1,224
43651,2014-05-31,[ 07:31 ],1,272
43652,2014-05-31,[ 07:32 ],1,264
43653,2014-05-31,[ 07:33 ],1,261
43654,2014-05-31,[ 07:34 ],1,224
43655,2014-05-31,[ 07:35 ],1,223
43656,2014-05-31,[ 07:36 ],1,222
43657,2014-05-31,[ 07:37 ],1,217
43658,2014-05-31,[ 07:38 ],1,218
43659,2014-05-31,[ 07:39 ],1,216
43660,2014-05-31,[ 07:40 ],1,214
43661,2014-05-31,[ 07:41 ],1,254
43662,2014-05-31,[ 07:42 ],1,262
43663,2014-05-31,[ 07:43 ],1,259
43664,2014-05-31,[ 07:44 ],1,258
43665,2014-05-31,[ 07:45 ],1,259
43666,2014-05-31,[ 07:46 ],1,259
43667,2014-05-31,[ 07:47 ],1,259
43668,2014-05-31,[ 07:48 ],1,261
43669,2014-05-31,[ 07:49 ],1,259
43670,2014-05-31,[ 07:50 ],1,259
43671,2014-05-31,[ 07:51 ],1,257
43672,2014-05-31,[ 07:52 ],1,241
43673,2014-05-31,[ 07:53 ],1,242
43674,2014-05-31,[ 07:54 ],1,242
43675,2014-05-31,[ 07:55 ],1,242
43676,2014-05-31,[ 07:56 ],1,243
43677,2014-05-31,[ 07:57 ],1,240
43678,2014-05-31,[ 07:58 ],1,246
43679,2014-05-31,[ 07:59 ],1,246
43680,2014-05-31,[ 08:00 ],1,245
43681,2014-05-31,[ 08:01 ],1,242
43682,2014-05-31,[ 08:02 ],1,175
43683,2014-05-31,[ 08:03 ],1,177
43684,2014-05-31,[ 08:04 ],1,177
43685,2014-05-31,[ 08:05 ],1,177
43686,2014-05-31,[ 08:06 ],1,175
43687,2014-05-31,[ 08:07 ],1,177
43688,2014-05-31,[ 08:08 ],1,177
43689,2014-05-31,[ 08:09 ],1,176
43690,2014-05-31,[ 08:10 ],1,176
43691,2014-05-31,[ 08:11 ],1,176
43692,2014-05-31,[ 08:12 ],1,176
43693,2014-05-31,[ 08:13 ],1,176
43694,2014-05-31,[ 08:14 ],1,177
43695,2014-05-31,[ 08:15 ],1,177
43696,2014-05-31,[ 08:16 ],1,177
43697,2014-05-31,[ 08:17 ],1,177
43698,2014-05-31,[ 08:18 ],1,177
43699,2014-05-31,[ 08:19 ],1,176
43700,2014-05-31,[ 08:20 ],1,178
43701,2014-05-31,[ 08:21 ],1,177
43702,2014-05-31,[ 08:22 ],1,178
43703,2014-05-31,[ 08:23 ],1,177
43704,2014-05-31,[ 08:24 ],1,177
43705,2014-05-31,[ 08:25 ],1,179
43706,2014-05-31,[ 08:26 ],1,176
43707,2014-05-31,[ 08:27 ],1,180
43708,2014-05-31,[ 08:28 ],1,183
43709,2014-05-31,[ 08:29 ],1,183
43710,2014-05-31,[ 08:30 ],1,184
43711,2014-05-31,[ 08:31 ],1,185
43712,2014-05-31,[ 08:32 ],1,182
43713,2014-05-31,[ 08:33 ],1,184
43714,2014-05-31,[ 08:34 ],1,185
43715,2014-05-31,[ 08:35 ],1,185
43716,2014-05-31,[ 08:36 ],1,183
43717,2014-05-31,[ 08:37 ],1,185
43718,2014-05-31,[ 08:38 ],1,185
43719,2014-05-31,[ 08:39 ],1,185
43720,2014-05-31,[ 08:40 ],1,184
43721,2014-05-31,[ 08:41 ],1,321
43722,2014-05-31,[ 08:42 ],1,260
43723,2014-05-31,[ 08:43 ],1,253
43724,2014-05-31,[ 08:44 ],1,256
43725,2014-05-31,[ 08:45 ],1,254
43726,2014-05-31,[ 08:46 ],1,256
43727,2014-05-31,[ 08:47 ],1,252
43728,2014-05-31,[ 08:48 ],1,250
43729,2014-05-31,[ 08:49 ],1,251
43730,2014-05-31,[ 08:50 ],1,252
43731,2014-05-31,[ 08:51 ],1,250
43732,2014-05-31,[ 08:52 ],1,250
43733,2014-05-31,[ 08:53 ],1,184
43734,2014-05-31,[ 08:54 ],1,184
43735,2014-05-31,[ 08:55 ],1,184
43736,2014-05-31,[ 08:56 ],1,185
43737,2014-05-31,[ 08:57 ],1,185
43738,2014-05-31,[ 08:58 ],1,183
43739,2014-05-31,[ 08:59 ],1,188
43740,2014-05-31,[ 09:00 ],1,188
43741,2014-05-31,[ 09:01 ],1,179
43742,2014-05-31,[ 09:02 ],1,178
43743,2014-05-31,[ 09:03 ],1,178
43744,2014-05-31,[ 09:04 ],1,178
43745,2014-05-31,[ 09:05 ],1,178
43746,2014-05-31,[ 09:06 ],1,177
43747,2014-05-31,[ 09:07 ],1,177
43748,2014-05-31,[ 09:08 ],1,178
43749,2014-05-31,[ 09:09 ],1,178
43750,2014-05-31,[ 09:10 ],1,178
43751,2014-05-31,[ 09:11 ],1,176
43752,2014-05-31,[ 09:12 ],1,178
43753,2014-05-31,[ 09:13 ],1,177
43754,2014-05-31,[ 09:14 ],1,177
43755,2014-05-31,[ 09:15 ],1,177
43756,2014-05-31,[ 09:16 ],1,177
43757,2014-05-31,[ 09:17 ],1,177
43758,2014-05-31,[ 09:18 ],1,177
43759,2014-05-31,[ 09:19 ],1,178
43760,2014-05-31,[ 09:20 ],1,187
43761,2014-05-31,[ 09:21 ],1,188
43762,2014-05-31,[ 09:22 ],1,192
43763,2014-05-31,[ 09:23 ],1,188
43764,2014-05-31,[ 09:24 ],1,186
43765,2014-05-31,[ 09:25 ],1,188
43766,2014-05-31,[ 09:26 ],1,188
43767,2014-05-31,[ 09:27 ],1,189
43768,2014-05-31,[ 09:28 ],1,188
43769,2014-05-31,[ 09:29 ],1,193
43770,2014-05-31,[ 09:30 ],1,190
43771,2014-05-31,[ 09:31 ],1,187
43772,2014-05-31,[ 09:32 ],1,186
43773,2014-05-31,[ 09:33 ],1,188
43774,2014-05-31,[ 09:34 ],1,188
43775,2014-05-31,[ 09:35 ],1,189
43776,2014-05-31,[ 09:36 ],1,189
43777,2014-05-31,[ 09:37 ],1,188
43778,2014-05-31,[ 09:38 ],1,188
43779,2014-05-31,[ 09:39 ],1,188
43780,2014-05-31,[ 09:40 ],1,189
43781,2014-05-31,[ 09:41 ],1,199
43782,2014-05-31,[ 09:42 ],1,284
43783,2014-05-31,[ 09:43 ],1,281
43784,2014-05-31,[ 09:44 ],1,274
43785,2014-05-31,[ 09:45 ],1,275
43786,2014-05-31,[ 09:46 ],1,275
43787,2014-05-31,[ 09:47 ],1,276
43788,2014-05-31,[ 09:48 ],1,273
43789,2014-05-31,[ 09:49 ],1,271
43790,2014-05-31,[ 09:50 ],1,269
43791,2014-05-31,[ 09:51 ],1,272
43792,2014-05-31,[ 09:52 ],1,271
43793,2014-05-31,[ 09:53 ],1,271
43794,2014-05-31,[ 09:54 ],1,201
43795,2014-05-31,[ 09:55 ],1,184
43796,2014-05-31,[ 09:56 ],1,185
43797,2014-05-31,[ 09:57 ],1,184
43798,2014-05-31,[ 09:58 ],1,184
43799,2014-05-31,[ 09:59 ],1,185
43800,2014-05-31,[ 10:00 ],1,185
43801,2014-05-31,[ 10:01 ],1,186
43802,2014-05-31,[ 10:02 ],1,185
43803,2014-05-31,[ 10:03 ],1,185
43804,2014-05-31,[ 10:04 ],1,187
43805,2014-05-31,[ 10:05 ],1,187
43806,2014-05-31,[ 10:06 ],1,185
43807,2014-05-31,[ 10:07 ],1,185
43808,2014-05-31,[ 10:08 ],1,182
43809,2014-05-31,[ 10:09 ],1,185
43810,2014-05-31,[ 10:10 ],1,183
43811,2014-05-31,[ 10:11 ],1,183
43812,2014-05-31,[ 10:12 ],1,185
43813,2014-05-31,[ 10:13 ],1,185
43814,2014-05-31,[ 10:14 ],1,184
43815,2014-05-31,[ 10:15 ],1,184
43816,2014-05-31,[ 10:16 ],1,264
43817,2014-05-31,[ 10:17 ],1,261
43818,2014-05-31,[ 10:18 ],1,249
43819,2014-05-31,[ 10:19 ],1,253
43820,2014-05-31,[ 10:20 ],1,253
43821,2014-05-31,[ 10:21 ],1,257
43822,2014-05-31,[ 10:22 ],1,258
43823,2014-05-31,[ 10:23 ],1,257
43824,2014-05-31,[ 10:24 ],1,258
43825,2014-05-31,[ 10:25 ],1,253
43826,2014-05-31,[ 10:26 ],1,253
43827,2014-05-31,[ 10:27 ],1,253
43828,2014-05-31,[ 10:28 ],1,242
43829,2014-05-31,[ 10:29 ],1,241
43830,2014-05-31,[ 10:30 ],1,242
43831,2014-05-31,[ 10:31 ],1,242
43832,2014-05-31,[ 10:32 ],1,240
43833,2014-05-31,[ 10:33 ],1,243
43834,2014-05-31,[ 10:34 ],1,243
43835,2014-05-31,[ 10:35 ],1,243
43836,2014-05-31,[ 10:36 ],1,243
43837,2014-05-31,[ 10:37 ],1,242
43838,2014-05-31,[ 10:38 ],1,241
43839,2014-05-31,[ 10:39 ],1,242
43840,2014-05-31,[ 10:40 ],1,241
43841,2014-05-31,[ 10:41 ],1,240
43842,2014-05-31,[ 10:42 ],1,240
43843,2014-05-31,[ 10:43 ],1,240
43844,2014-05-31,[ 10:44 ],1,241
43845,2014-05-31,[ 10:45 ],1,240
43846,2014-05-31,[ 10:46 ],1,242
43847,2014-05-31,[ 10:47 ],1,241
43848,2014-05-31,[ 10:48 ],1,243
43849,2014-05-31,[ 10:49 ],1,246
43850,2014-05-31,[ 10:50 ],1,241
43851,2014-05-31,[ 10:51 ],1,241
43852,2014-05-31,[ 10:52 ],1,240
43853,2014-05-31,[ 10:53 ],1,240
43854,2014-05-31,[ 10:54 ],1,237
43855,2014-05-31,[ 10:55 ],1,187
43856,2014-05-31,[ 10:56 ],1,185
43857,2014-05-31,[ 10:57 ],1,202
43858,2014-05-31,[ 10:58 ],1,199
43859,2014-05-31,[ 10:59 ],1,199
43860,2014-05-31,[ 11:00 ],1,200
43861,2014-05-31,[ 11:01 ],1,200
43862,2014-05-31,[ 11:02 ],1,201
43863,2014-05-31,[ 11:03 ],1,200
43864,2014-05-31,[ 11:04 ],1,201
43865,2014-05-31,[ 11:05 ],1,201
43866,2014-05-31,[ 11:06 ],1,201
43867,2014-05-31,[ 11:07 ],1,199
43868,2014-05-31,[ 11:08 ],1,203
43869,2014-05-31,[ 11:09 ],1,199
43870,2014-05-31,[ 11:10 ],1,201
43871,2014-05-31,[ 11:11 ],1,201
43872,2014-05-31,[ 11:12 ],1,202
43873,2014-05-31,[ 11:13 ],1,202
43874,2014-05-31,[ 11:14 ],1,196
43875,2014-05-31,[ 11:15 ],1,199
43876,2014-05-31,[ 11:16 ],1,200
43877,2014-05-31,[ 11:17 ],1,202
43878,2014-05-31,[ 11:18 ],1,202
43879,2014-05-31,[ 11:19 ],1,202
43880,2014-05-31,[ 11:20 ],1,199
43881,2014-05-31,[ 11:21 ],1,202
43882,2014-05-31,[ 11:22 ],1,202
43883,2014-05-31,[ 11:23 ],1,201
43884,2014-05-31,[ 11:24 ],1,201
43885,2014-05-31,[ 11:25 ],1,200
43886,2014-05-31,[ 11:26 ],1,202
43887,2014-05-31,[ 11:27 ],1,203
43888,2014-05-31,[ 11:28 ],1,203
43889,2014-05-31,[ 11:29 ],1,202
43890,2014-05-31,[ 11:30 ],1,202
43891,2014-05-31,[ 11:31 ],1,201
43892,2014-05-31,[ 11:32 ],1,199
43893,2014-05-31,[ 11:33 ],1,203
43894,2014-05-31,[ 11:34 ],1,203
43895,2014-05-31,[ 11:35 ],1,202
43896,2014-05-31,[ 11:36 ],1,201
43897,2014-05-31,[ 11:37 ],1,186
43898,2014-05-31,[ 11:38 ],1,270
43899,2014-05-31,[ 11:39 ],1,270
43900,2014-05-31,[ 11:40 ],1,254
43901,2014-05-31,[ 11:41 ],1,256
43902,2014-05-31,[ 11:42 ],1,257
43903,2014-05-31,[ 11:43 ],1,253
43904,2014-05-31,[ 11:44 ],1,243
43905,2014-05-31,[ 11:45 ],1,243
43906,2014-05-31,[ 11:46 ],1,241
43907,2014-05-31,[ 11:47 ],1,240
43908,2014-05-31,[ 11:48 ],1,238
43909,2014-05-31,[ 11:49 ],1,241
43910,2014-05-31,[ 11:50 ],1,177
43911,2014-05-31,[ 11:51 ],1,176
43912,2014-05-31,[ 11:52 ],1,185
43913,2014-05-31,[ 11:53 ],1,187
43914,2014-05-31,[ 11:54 ],1,186
43915,2014-05-31,[ 11:55 ],1,188
43916,2014-05-31,[ 11:56 ],1,189
43917,2014-05-31,[ 11:57 ],1,189
43918,2014-05-31,[ 11:58 ],1,187
43919,2014-05-31,[ 11:59 ],1,188
43920,2014-05-31,[ 12:00 ],1,192
43921,2014-05-31,[ 12:01 ],1,188
43922,2014-05-31,[ 12:02 ],1,191
43923,2014-05-31,[ 12:03 ],1,188
43924,2014-05-31,[ 12:04 ],1,191
43925,2014-05-31,[ 12:05 ],1,189
43926,2014-05-31,[ 12:06 ],1,186
43927,2014-05-31,[ 12:07 ],1,190
43928,2014-05-31,[ 12:08 ],1,189
43929,2014-05-31,[ 12:09 ],1,191
43930,2014-05-31,[ 12:10 ],1,188
43931,2014-05-31,[ 12:11 ],1,196
43932,2014-05-31,[ 12:12 ],1,201
43933,2014-05-31,[ 12:13 ],1,202
43934,2014-05-31,[ 12:14 ],1,200
43935,2014-05-31,[ 12:15 ],1,201
43936,2014-05-31,[ 12:16 ],1,203
43937,2014-05-31,[ 12:17 ],1,201
43938,2014-05-31,[ 12:18 ],1,203
43939,2014-05-31,[ 12:19 ],1,201
43940,2014-05-31,[ 12:20 ],1,203
43941,2014-05-31,[ 12:21 ],1,201
43942,2014-05-31,[ 12:22 ],1,201
43943,2014-05-31,[ 12:23 ],1,201
43944,2014-05-31,[ 12:24 ],1,201
43945,2014-05-31,[ 12:25 ],1,199
43946,2014-05-31,[ 12:26 ],1,200
43947,2014-05-31,[ 12:27 ],1,201
43948,2014-05-31,[ 12:28 ],1,200
43949,2014-05-31,[ 12:29 ],1,189
43950,2014-05-31,[ 12:30 ],1,188
43951,2014-05-31,[ 12:31 ],1,187
43952,2014-05-31,[ 12:32 ],1,187
43953,2014-05-31,[ 12:33 ],1,187
43954,2014-05-31,[ 12:34 ],1,189
43955,2014-05-31,[ 12:35 ],1,189
43956,2014-05-31,[ 12:36 ],1,189
43957,2014-05-31,[ 12:37 ],1,189
43958,2014-05-31,[ 12:38 ],1,187
43959,2014-05-31,[ 12:39 ],1,189
43960,2014-05-31,[ 12:40 ],1,275
43961,2014-05-31,[ 12:41 ],1,269
43962,2014-05-31,[ 12:42 ],1,247
43963,2014-05-31,[ 12:43 ],1,251
43964,2014-05-31,[ 12:44 ],1,256
43965,2014-05-31,[ 12:45 ],1,256
43966,2014-05-31,[ 12:46 ],1,258
43967,2014-05-31,[ 12:47 ],1,254
43968,2014-05-31,[ 12:48 ],1,254
43969,2014-05-31,[ 12:49 ],1,253
43970,2014-05-31,[ 12:50 ],1,253
43971,2014-05-31,[ 12:51 ],1,249
43972,2014-05-31,[ 12:52 ],1,185
43973,2014-05-31,[ 12:53 ],1,185
43974,2014-05-31,[ 12:54 ],1,186
43975,2014-05-31,[ 12:55 ],1,185
43976,2014-05-31,[ 12:56 ],1,185
43977,2014-05-31,[ 12:57 ],1,185
43978,2014-05-31,[ 12:58 ],1,185
43979,2014-05-31,[ 12:59 ],1,185
43980,2014-05-31,[ 13:00 ],1,186
43981,2014-05-31,[ 13:01 ],1,185
43982,2014-05-31,[ 13:02 ],1,185
43983,2014-05-31,[ 13:03 ],1,186
43984,2014-05-31,[ 13:04 ],1,188
43985,2014-05-31,[ 13:05 ],1,586
43986,2014-05-31,[ 13:06 ],1,257
43987,2014-05-31,[ 13:07 ],1,252
43988,2014-05-31,[ 13:08 ],1,254
43989,2014-05-31,[ 13:09 ],1,256
43990,2014-05-31,[ 13:10 ],1,260
43991,2014-05-31,[ 13:11 ],1,258
43992,2014-05-31,[ 13:12 ],1,258
43993,2014-05-31,[ 13:13 ],1,258
43994,2014-05-31,[ 13:14 ],1,258
43995,2014-05-31,[ 13:15 ],1,257
43996,2014-05-31,[ 13:16 ],1,257
43997,2014-05-31,[ 13:17 ],1,256
43998,2014-05-31,[ 13:18 ],1,253
43999,2014-05-31,[ 13:19 ],1,257
44000,2014-05-31,[ 13:20 ],1,253
44001,2014-05-31,[ 13:21 ],1,257
44002,2014-05-31,[ 13:22 ],1,257
44003,2014-05-31,[ 13:23 ],1,256
44004,2014-05-31,[ 13:24 ],1,256
44005,2014-05-31,[ 13:25 ],1,258
44006,2014-05-31,[ 13:26 ],1,252
44007,2014-05-31,[ 13:27 ],1,257
44008,2014-05-31,[ 13:28 ],1,256
44009,2014-05-31,[ 13:29 ],1,246
44010,2014-05-31,[ 13:30 ],1,243
44011,2014-05-31,[ 13:31 ],1,247
44012,2014-05-31,[ 13:32 ],1,248
44013,2014-05-31,[ 13:33 ],1,247
44014,2014-05-31,[ 13:34 ],1,243
44015,2014-05-31,[ 13:35 ],1,245
44016,2014-05-31,[ 13:36 ],1,248
44017,2014-05-31,[ 13:37 ],1,265
44018,2014-05-31,[ 13:38 ],1,265
44019,2014-05-31,[ 13:39 ],1,262
44020,2014-05-31,[ 13:40 ],1,259
44021,2014-05-31,[ 13:41 ],1,256
44022,2014-05-31,[ 13:42 ],1,188
44023,2014-05-31,[ 13:43 ],1,188
44024,2014-05-31,[ 13:44 ],1,190
44025,2014-05-31,[ 13:45 ],1,188
44026,2014-05-31,[ 13:46 ],1,189
44027,2014-05-31,[ 13:47 ],1,189
44028,2014-05-31,[ 13:48 ],1,190
44029,2014-05-31,[ 13:49 ],1,190
44030,2014-05-31,[ 13:50 ],1,187
44031,2014-05-31,[ 13:51 ],1,188
44032,2014-05-31,[ 13:52 ],1,188
44033,2014-05-31,[ 13:53 ],1,189
44034,2014-05-31,[ 13:54 ],1,190
44035,2014-05-31,[ 13:55 ],1,190
44036,2014-05-31,[ 13:56 ],1,195
44037,2014-05-31,[ 13:57 ],1,200
44038,2014-05-31,[ 13:58 ],1,202
44039,2014-05-31,[ 13:59 ],1,195
44040,2014-05-31,[ 14:00 ],1,204
44041,2014-05-31,[ 14:01 ],1,203
44042,2014-05-31,[ 14:02 ],1,201
44043,2014-05-31,[ 14:03 ],1,201
44044,2014-05-31,[ 14:04 ],1,200
44045,2014-05-31,[ 14:05 ],1,202
44046,2014-05-31,[ 14:06 ],1,200
44047,2014-05-31,[ 14:07 ],1,203
44048,2014-05-31,[ 14:08 ],1,199
44049,2014-05-31,[ 14:09 ],1,201
44050,2014-05-31,[ 14:10 ],1,185
44051,2014-05-31,[ 14:11 ],1,185
44052,2014-05-31,[ 14:12 ],1,185
44053,2014-05-31,[ 14:13 ],1,185
44054,2014-05-31,[ 14:14 ],1,185
44055,2014-05-31,[ 14:15 ],1,183
44056,2014-05-31,[ 14:16 ],1,186
44057,2014-05-31,[ 14:17 ],1,186
44058,2014-05-31,[ 14:18 ],1,185
44059,2014-05-31,[ 14:19 ],1,183
44060,2014-05-31,[ 14:20 ],1,184
44061,2014-05-31,[ 14:21 ],1,186
44062,2014-05-31,[ 14:22 ],1,185
44063,2014-05-31,[ 14:23 ],1,264
44064,2014-05-31,[ 14:24 ],1,265
44065,2014-05-31,[ 14:25 ],1,257
44066,2014-05-31,[ 14:26 ],1,258
44067,2014-05-31,[ 14:27 ],1,260
44068,2014-05-31,[ 14:28 ],1,260
44069,2014-05-31,[ 14:29 ],1,258
44070,2014-05-31,[ 14:30 ],1,254
44071,2014-05-31,[ 14:31 ],1,256
44072,2014-05-31,[ 14:32 ],1,256
44073,2014-05-31,[ 14:33 ],1,250
44074,2014-05-31,[ 14:34 ],1,250
44075,2014-05-31,[ 14:35 ],1,162
44076,2014-05-31,[ 14:36 ],1,161
44077,2014-05-31,[ 14:37 ],1,161
44078,2014-05-31,[ 14:38 ],1,160
44079,2014-05-31,[ 14:39 ],1,160
44080,2014-05-31,[ 14:40 ],1,159
44081,2014-05-31,[ 14:41 ],1,162
44082,2014-05-31,[ 14:42 ],1,162
44083,2014-05-31,[ 14:43 ],1,161
44084,2014-05-31,[ 14:44 ],1,160
44085,2014-05-31,[ 14:45 ],1,159
44086,2014-05-31,[ 14:46 ],1,161
44087,2014-05-31,[ 14:47 ],1,160
44088,2014-05-31,[ 14:48 ],1,160
44089,2014-05-31,[ 14:49 ],1,185
44090,2014-05-31,[ 14:50 ],1,185
44091,2014-05-31,[ 14:51 ],1,185
44092,2014-05-31,[ 14:52 ],1,161
44093,2014-05-31,[ 14:53 ],1,162
44094,2014-05-31,[ 14:54 ],1,171
44095,2014-05-31,[ 14:55 ],1,174
44096,2014-05-31,[ 14:56 ],1,173
44097,2014-05-31,[ 14:57 ],1,174
44098,2014-05-31,[ 14:58 ],1,174
44099,2014-05-31,[ 14:59 ],1,172
44100,2014-05-31,[ 15:00 ],1,168
44101,2014-05-31,[ 15:01 ],1,166
44102,2014-05-31,[ 15:02 ],1,168
44103,2014-05-31,[ 15:03 ],1,167
44104,2014-05-31,[ 15:04 ],1,168
44105,2014-05-31,[ 15:05 ],1,167
44106,2014-05-31,[ 15:06 ],1,163
44107,2014-05-31,[ 15:07 ],1,165
44108,2014-05-31,[ 15:08 ],1,163
44109,2014-05-31,[ 15:09 ],1,167
44110,2014-05-31,[ 15:10 ],1,166
44111,2014-05-31,[ 15:11 ],1,166
44112,2014-05-31,[ 15:12 ],1,189
44113,2014-05-31,[ 15:13 ],1,189
44114,2014-05-31,[ 15:14 ],1,189
44115,2014-05-31,[ 15:15 ],1,165
44116,2014-05-31,[ 15:16 ],1,166
44117,2014-05-31,[ 15:17 ],1,165
44118,2014-05-31,[ 15:18 ],1,167
44119,2014-05-31,[ 15:19 ],1,166
44120,2014-05-31,[ 15:20 ],1,166
44121,2014-05-31,[ 15:21 ],1,165
44122,2014-05-31,[ 15:22 ],1,163
44123,2014-05-31,[ 15:23 ],1,154
44124,2014-05-31,[ 15:24 ],1,154
44125,2014-05-31,[ 15:25 ],1,223
44126,2014-05-31,[ 15:26 ],1,216
44127,2014-05-31,[ 15:27 ],1,206
44128,2014-05-31,[ 15:28 ],1,208
44129,2014-05-31,[ 15:29 ],1,246
44130,2014-05-31,[ 15:30 ],1,246
44131,2014-05-31,[ 15:31 ],1,246
44132,2014-05-31,[ 15:32 ],1,238
44133,2014-05-31,[ 15:33 ],1,202
44134,2014-05-31,[ 15:34 ],1,202
44135,2014-05-31,[ 15:35 ],1,201
44136,2014-05-31,[ 15:36 ],1,200
44137,2014-05-31,[ 15:37 ],1,155
44138,2014-05-31,[ 15:38 ],1,155
44139,2014-05-31,[ 15:39 ],1,154
44140,2014-05-31,[ 15:40 ],1,154
44141,2014-05-31,[ 15:41 ],1,155
44142,2014-05-31,[ 15:42 ],1,155
44143,2014-05-31,[ 15:43 ],1,156
44144,2014-05-31,[ 15:44 ],1,156
44145,2014-05-31,[ 15:45 ],1,156
44146,2014-05-31,[ 15:46 ],1,156
44147,2014-05-31,[ 15:47 ],1,153
44148,2014-05-31,[ 15:48 ],1,179
44149,2014-05-31,[ 15:49 ],1,178
44150,2014-05-31,[ 15:50 ],1,179
44151,2014-05-31,[ 15:51 ],1,162
44152,2014-05-31,[ 15:52 ],1,226
44153,2014-05-31,[ 15:53 ],1,226
44154,2014-05-31,[ 15:54 ],1,219
44155,2014-05-31,[ 15:55 ],1,234
44156,2014-05-31,[ 15:56 ],1,235
44157,2014-05-31,[ 15:57 ],1,238
44158,2014-05-31,[ 15:58 ],1,238
44159,2014-05-31,[ 15:59 ],1,241
44160,2014-05-31,[ 16:00 ],1,237
44161,2014-05-31,[ 16:01 ],1,239
44162,2014-05-31,[ 16:02 ],1,239
44163,2014-05-31,[ 16:03 ],1,238
44164,2014-05-31,[ 16:04 ],1,240
44165,2014-05-31,[ 16:05 ],1,240
44166,2014-05-31,[ 16:06 ],1,236
44167,2014-05-31,[ 16:07 ],1,238
44168,2014-05-31,[ 16:08 ],1,236
44169,2014-05-31,[ 16:09 ],1,239
44170,2014-05-31,[ 16:10 ],1,236
44171,2014-05-31,[ 16:11 ],1,237
44172,2014-05-31,[ 16:12 ],1,235
44173,2014-05-31,[ 16:13 ],1,238
44174,2014-05-31,[ 16:14 ],1,238
44175,2014-05-31,[ 16:15 ],1,236
44176,2014-05-31,[ 16:16 ],1,236
44177,2014-05-31,[ 16:17 ],1,237
44178,2014-05-31,[ 16:18 ],1,235
44179,2014-05-31,[ 16:19 ],1,236
44180,2014-05-31,[ 16:20 ],1,236
44181,2014-05-31,[ 16:21 ],1,237
44182,2014-05-31,[ 16:22 ],1,237
44183,2014-05-31,[ 16:23 ],1,237
44184,2014-05-31,[ 16:24 ],1,238
44185,2014-05-31,[ 16:25 ],1,239
44186,2014-05-31,[ 16:26 ],1,272
44187,2014-05-31,[ 16:27 ],1,275
44188,2014-05-31,[ 16:28 ],1,270
44189,2014-05-31,[ 16:29 ],1,174
44190,2014-05-31,[ 16:30 ],1,174
44191,2014-05-31,[ 16:31 ],1,172
44192,2014-05-31,[ 16:32 ],1,172
44193,2014-05-31,[ 16:33 ],1,171
44194,2014-05-31,[ 16:34 ],1,172
44195,2014-05-31,[ 16:35 ],1,174
44196,2014-05-31,[ 16:36 ],1,174
44197,2014-05-31,[ 16:37 ],1,172
44198,2014-05-31,[ 16:38 ],1,171
44199,2014-05-31,[ 16:39 ],1,173
44200,2014-05-31,[ 16:40 ],1,160
44201,2014-05-31,[ 16:41 ],1,160
44202,2014-05-31,[ 16:42 ],1,162
44203,2014-05-31,[ 16:43 ],1,161
44204,2014-05-31,[ 16:44 ],1,161
44205,2014-05-31,[ 16:45 ],1,161
44206,2014-05-31,[ 16:46 ],1,162
44207,2014-05-31,[ 16:47 ],1,186
44208,2014-05-31,[ 16:48 ],1,185
44209,2014-05-31,[ 16:49 ],1,184
44210,2014-05-31,[ 16:50 ],1,161
44211,2014-05-31,[ 16:51 ],1,160
44212,2014-05-31,[ 16:52 ],1,160
44213,2014-05-31,[ 16:53 ],1,160
44214,2014-05-31,[ 16:54 ],1,159
44215,2014-05-31,[ 16:55 ],1,161
44216,2014-05-31,[ 16:56 ],1,160
44217,2014-05-31,[ 16:57 ],1,160
44218,2014-05-31,[ 16:58 ],1,154
44219,2014-05-31,[ 16:59 ],1,153
44220,2014-05-31,[ 17:00 ],1,155
44221,2014-05-31,[ 17:01 ],1,155
44222,2014-05-31,[ 17:02 ],1,155
44223,2014-05-31,[ 17:03 ],1,155
44224,2014-05-31,[ 17:04 ],1,154
44225,2014-05-31,[ 17:05 ],1,177
44226,2014-05-31,[ 17:06 ],1,179
44227,2014-05-31,[ 17:07 ],1,188
44228,2014-05-31,[ 17:08 ],1,165
44229,2014-05-31,[ 17:09 ],1,166
44230,2014-05-31,[ 17:10 ],1,166
44231,2014-05-31,[ 17:11 ],1,229
44232,2014-05-31,[ 17:12 ],1,229
44233,2014-05-31,[ 17:13 ],1,218
44234,2014-05-31,[ 17:14 ],1,224
44235,2014-05-31,[ 17:15 ],1,219
44236,2014-05-31,[ 17:16 ],1,223
44237,2014-05-31,[ 17:17 ],1,224
44238,2014-05-31,[ 17:18 ],1,224
44239,2014-05-31,[ 17:19 ],1,223
44240,2014-05-31,[ 17:20 ],1,218
44241,2014-05-31,[ 17:21 ],1,221
44242,2014-05-31,[ 17:22 ],1,217
44243,2014-05-31,[ 17:23 ],1,166
44244,2014-05-31,[ 17:24 ],1,165
44245,2014-05-31,[ 17:25 ],1,167
44246,2014-05-31,[ 17:26 ],1,166
44247,2014-05-31,[ 17:27 ],1,168
44248,2014-05-31,[ 17:28 ],1,166
44249,2014-05-31,[ 17:29 ],1,166
44250,2014-05-31,[ 17:30 ],1,166
44251,2014-05-31,[ 17:31 ],1,166
44252,2014-05-31,[ 17:32 ],1,166
44253,2014-05-31,[ 17:33 ],1,165
44254,2014-05-31,[ 17:34 ],1,165
44255,2014-05-31,[ 17:35 ],1,165
44256,2014-05-31,[ 17:36 ],1,165
44257,2014-05-31,[ 17:37 ],1,166
44258,2014-05-31,[ 17:38 ],1,163
44259,2014-05-31,[ 17:39 ],1,163
44260,2014-05-31,[ 17:40 ],1,172
44261,2014-05-31,[ 17:41 ],1,172
44262,2014-05-31,[ 17:42 ],1,171
44263,2014-05-31,[ 17:43 ],1,173
44264,2014-05-31,[ 17:44 ],1,173
44265,2014-05-31,[ 17:45 ],1,173
44266,2014-05-31,[ 17:46 ],1,173
44267,2014-05-31,[ 17:47 ],1,172
44268,2014-05-31,[ 17:48 ],1,175
44269,2014-05-31,[ 17:49 ],1,173
44270,2014-05-31,[ 17:50 ],1,174
44271,2014-05-31,[ 17:51 ],1,171
44272,2014-05-31,[ 17:52 ],1,171
44273,2014-05-31,[ 17:53 ],1,173
44274,2014-05-31,[ 17:54 ],1,173
44275,2014-05-31,[ 17:55 ],1,173
44276,2014-05-31,[ 17:56 ],1,173
44277,2014-05-31,[ 17:57 ],1,174
44278,2014-05-31,[ 17:58 ],1,172
44279,2014-05-31,[ 17:59 ],1,174
44280,2014-05-31,[ 18:00 ],1,175
44281,2014-05-31,[ 18:01 ],1,175
44282,2014-05-31,[ 18:02 ],1,173
44283,2014-05-31,[ 18:03 ],1,171
44284,2014-05-31,[ 18:04 ],1,174
44285,2014-05-31,[ 18:05 ],1,175
44286,2014-05-31,[ 18:06 ],1,175
44287,2014-05-31,[ 18:07 ],1,172
44288,2014-05-31,[ 18:08 ],1,172
44289,2014-05-31,[ 18:09 ],1,161
44290,2014-05-31,[ 18:10 ],1,161
44291,2014-05-31,[ 18:11 ],1,160
44292,2014-05-31,[ 18:12 ],1,162
44293,2014-05-31,[ 18:13 ],1,234
44294,2014-05-31,[ 18:14 ],1,322
44295,2014-05-31,[ 18:15 ],1,1947
44296,2014-05-31,[ 18:16 ],1,1970
44297,2014-05-31,[ 18:17 ],1,377
44298,2014-05-31,[ 18:18 ],1,469
44299,2014-05-31,[ 18:19 ],1,302
44300,2014-05-31,[ 18:20 ],1,297
44301,2014-05-31,[ 18:21 ],1,214
44302,2014-05-31,[ 18:22 ],1,289
44303,2014-05-31,[ 18:23 ],1,295
44304,2014-05-31,[ 18:24 ],1,330
44305,2014-05-31,[ 18:25 ],1,323
44306,2014-05-31,[ 18:26 ],1,323
44307,2014-05-31,[ 18:27 ],1,154
44308,2014-05-31,[ 18:28 ],1,153
44309,2014-05-31,[ 18:29 ],1,154
44310,2014-05-31,[ 18:30 ],1,153
44311,2014-05-31,[ 18:31 ],1,194
44312,2014-05-31,[ 18:32 ],1,154
44313,2014-05-31,[ 18:33 ],1,153
44314,2014-05-31,[ 18:34 ],1,223
44315,2014-05-31,[ 18:35 ],1,210
44316,2014-05-31,[ 18:36 ],1,211
44317,2014-05-31,[ 18:37 ],1,234
44318,2014-05-31,[ 18:38 ],1,243
44319,2014-05-31,[ 18:39 ],1,246
44320,2014-05-31,[ 18:40 ],1,252
44321,2014-05-31,[ 18:41 ],1,247
44322,2014-05-31,[ 18:42 ],1,253
44323,2014-05-31,[ 18:43 ],1,251
44324,2014-05-31,[ 18:44 ],1,251
44325,2014-05-31,[ 18:45 ],1,252
44326,2014-05-31,[ 18:46 ],1,252
44327,2014-05-31,[ 18:47 ],1,241
44328,2014-05-31,[ 18:48 ],1,240
44329,2014-05-31,[ 18:49 ],1,240
44330,2014-05-31,[ 18:50 ],1,240
44331,2014-05-31,[ 18:51 ],1,239
44332,2014-05-31,[ 18:52 ],1,239
44333,2014-05-31,[ 18:53 ],1,341
44334,2014-05-31,[ 18:54 ],1,342
44335,2014-05-31,[ 18:55 ],1,342
44336,2014-05-31,[ 18:56 ],1,337
44337,2014-05-31,[ 18:57 ],1,334
44338,2014-05-31,[ 18:58 ],1,351
44339,2014-05-31,[ 18:59 ],1,339
44340,2014-05-31,[ 19:00 ],1,336
44341,2014-05-31,[ 19:01 ],1,316
44342,2014-05-31,[ 19:02 ],1,297
44343,2014-05-31,[ 19:03 ],1,297
44344,2014-05-31,[ 19:04 ],1,298
44345,2014-05-31,[ 19:05 ],1,294
44346,2014-05-31,[ 19:06 ],1,294
44347,2014-05-31,[ 19:07 ],1,326
44348,2014-05-31,[ 19:08 ],1,337
44349,2014-05-31,[ 19:09 ],1,326
44350,2014-05-31,[ 19:10 ],1,330
44351,2014-05-31,[ 19:11 ],1,266
44352,2014-05-31,[ 19:12 ],1,269
44353,2014-05-31,[ 19:13 ],1,269
44354,2014-05-31,[ 19:14 ],1,253
44355,2014-05-31,[ 19:15 ],1,468
44356,2014-05-31,[ 19:16 ],1,491
44357,2014-05-31,[ 19:17 ],1,480
44358,2014-05-31,[ 19:18 ],1,475
44359,2014-05-31,[ 19:19 ],1,480
44360,2014-05-31,[ 19:20 ],1,484
44361,2014-05-31,[ 19:21 ],1,507
44362,2014-05-31,[ 19:22 ],1,507
44363,2014-05-31,[ 19:23 ],1,508
44364,2014-05-31,[ 19:24 ],1,484
44365,2014-05-31,[ 19:25 ],1,490
44366,2014-05-31,[ 19:26 ],1,490
44367,2014-05-31,[ 19:27 ],1,491
44368,2014-05-31,[ 19:28 ],1,272
44369,2014-05-31,[ 19:29 ],1,272
44370,2014-05-31,[ 19:30 ],1,288
44371,2014-05-31,[ 19:31 ],1,278
44372,2014-05-31,[ 19:32 ],1,262
44373,2014-05-31,[ 19:33 ],1,280
44374,2014-05-31,[ 19:34 ],1,283
44375,2014-05-31,[ 19:35 ],1,283
44376,2014-05-31,[ 19:36 ],1,253
44377,2014-05-31,[ 19:37 ],1,413
44378,2014-05-31,[ 19:38 ],1,437
44379,2014-05-31,[ 19:39 ],1,448
44380,2014-05-31,[ 19:40 ],1,440
44381,2014-05-31,[ 19:41 ],1,555
44382,2014-05-31,[ 19:42 ],1,525
44383,2014-05-31,[ 19:43 ],1,500
44384,2014-05-31,[ 19:44 ],1,521
44385,2014-05-31,[ 19:45 ],1,534
44386,2014-05-31,[ 19:46 ],1,2135
44387,2014-05-31,[ 19:47 ],1,2147
44388,2014-05-31,[ 19:48 ],1,531
44389,2014-05-31,[ 19:49 ],1,516
44390,2014-05-31,[ 19:50 ],1,513
44391,2014-05-31,[ 19:51 ],1,509
44392,2014-05-31,[ 19:52 ],1,525
44393,2014-05-31,[ 19:53 ],1,503
44394,2014-05-31,[ 19:54 ],1,505
44395,2014-05-31,[ 19:55 ],1,493
44396,2014-05-31,[ 19:56 ],1,497
44397,2014-05-31,[ 19:57 ],1,500
44398,2014-05-31,[ 19:58 ],1,497
44399,2014-05-31,[ 19:59 ],1,499
44400,2014-05-31,[ 20:00 ],1,496
44401,2014-05-31,[ 20:01 ],1,496
44402,2014-05-31,[ 20:02 ],1,493
44403,2014-05-31,[ 20:03 ],1,507
44404,2014-05-31,[ 20:04 ],1,502
44405,2014-05-31,[ 20:05 ],1,496
44406,2014-05-31,[ 20:06 ],1,506
44407,2014-05-31,[ 20:07 ],1,504
44408,2014-05-31,[ 20:08 ],1,500
44409,2014-05-31,[ 20:09 ],1,502
44410,2014-05-31,[ 20:10 ],1,490
44411,2014-05-31,[ 20:11 ],1,496
44412,2014-05-31,[ 20:12 ],1,502
44413,2014-05-31,[ 20:13 ],1,504
44414,2014-05-31,[ 20:14 ],1,504
44415,2014-05-31,[ 20:15 ],1,504
44416,2014-05-31,[ 20:16 ],1,534
44417,2014-05-31,[ 20:17 ],1,544
44418,2014-05-31,[ 20:18 ],1,2159
44419,2014-05-31,[ 20:19 ],1,2143
44420,2014-05-31,[ 20:20 ],1,493
44421,2014-05-31,[ 20:21 ],1,495
44422,2014-05-31,[ 20:22 ],1,495
44423,2014-05-31,[ 20:23 ],1,499
44424,2014-05-31,[ 20:24 ],1,491
44425,2014-05-31,[ 20:25 ],1,496
44426,2014-05-31,[ 20:26 ],1,499
44427,2014-05-31,[ 20:27 ],1,528
44428,2014-05-31,[ 20:28 ],1,498
44429,2014-05-31,[ 20:29 ],1,487
44430,2014-05-31,[ 20:30 ],1,506
44431,2014-05-31,[ 20:31 ],1,511
44432,2014-05-31,[ 20:32 ],1,492
44433,2014-05-31,[ 20:33 ],1,515
44434,2014-05-31,[ 20:34 ],1,482
44435,2014-05-31,[ 20:35 ],1,532
44436,2014-05-31,[ 20:36 ],1,506
44437,2014-05-31,[ 20:37 ],1,496
44438,2014-05-31,[ 20:38 ],1,505
44439,2014-05-31,[ 20:39 ],1,508
44440,2014-05-31,[ 20:40 ],1,505
44441,2014-05-31,[ 20:41 ],1,480
44442,2014-05-31,[ 20:42 ],1,484
44443,2014-05-31,[ 20:43 ],1,463
44444,2014-05-31,[ 20:44 ],1,452
44445,2014-05-31,[ 20:45 ],1,446
44446,2014-05-31,[ 20:46 ],1,433
44447,2014-05-31,[ 20:47 ],1,444
44448,2014-05-31,[ 20:48 ],1,472
44449,2014-05-31,[ 20:49 ],1,444
44450,2014-05-31,[ 20:50 ],1,444
44451,2014-05-31,[ 20:51 ],1,455
44452,2014-05-31,[ 20:52 ],1,472
44453,2014-05-31,[ 20:53 ],1,445
44454,2014-05-31,[ 20:54 ],1,502
44455,2014-05-31,[ 20:55 ],1,448
44456,2014-05-31,[ 20:56 ],1,439
44457,2014-05-31,[ 20:57 ],1,447
44458,2014-05-31,[ 20:58 ],1,472
44459,2014-05-31,[ 20:59 ],1,474
44460,2014-05-31,[ 21:00 ],1,448
44461,2014-05-31,[ 21:01 ],1,452
44462,2014-05-31,[ 21:02 ],1,435
44463,2014-05-31,[ 21:03 ],1,407
44464,2014-05-31,[ 21:04 ],1,412
44465,2014-05-31,[ 21:05 ],1,405
44466,2014-05-31,[ 21:06 ],1,404
44467,2014-05-31,[ 21:07 ],1,405
44468,2014-05-31,[ 21:08 ],1,226
44469,2014-05-31,[ 21:09 ],1,265
44470,2014-05-31,[ 21:10 ],1,234
44471,2014-05-31,[ 21:11 ],1,202
44472,2014-05-31,[ 21:12 ],1,190
44473,2014-05-31,[ 21:13 ],1,185
44474,2014-05-31,[ 21:14 ],1,185
44475,2014-05-31,[ 21:15 ],1,185
44476,2014-05-31,[ 21:16 ],1,184
44477,2014-05-31,[ 21:17 ],1,185
44478,2014-05-31,[ 21:18 ],1,185
44479,2014-05-31,[ 21:19 ],1,183
44480,2014-05-31,[ 21:20 ],1,184
44481,2014-05-31,[ 21:21 ],1,184
44482,2014-05-31,[ 21:22 ],1,182
44483,2014-05-31,[ 21:23 ],1,156
44484,2014-05-31,[ 21:24 ],1,162
44485,2014-05-31,[ 21:25 ],1,163
44486,2014-05-31,[ 21:26 ],1,163
44487,2014-05-31,[ 21:27 ],1,165
44488,2014-05-31,[ 21:28 ],1,163
44489,2014-05-31,[ 21:29 ],1,163
44490,2014-05-31,[ 21:30 ],1,163
44491,2014-05-31,[ 21:31 ],1,165
44492,2014-05-31,[ 21:32 ],1,165
44493,2014-05-31,[ 21:33 ],1,163
44494,2014-05-31,[ 21:34 ],1,165
44495,2014-05-31,[ 21:35 ],1,234
44496,2014-05-31,[ 21:36 ],1,227
44497,2014-05-31,[ 21:37 ],1,222
44498,2014-05-31,[ 21:38 ],1,222
44499,2014-05-31,[ 21:39 ],1,222
44500,2014-05-31,[ 21:40 ],1,222
44501,2014-05-31,[ 21:41 ],1,225
44502,2014-05-31,[ 21:42 ],1,224
44503,2014-05-31,[ 21:43 ],1,224
44504,2014-05-31,[ 21:44 ],1,224
44505,2014-05-31,[ 21:45 ],1,224
44506,2014-05-31,[ 21:46 ],1,226
44507,2014-05-31,[ 21:47 ],1,228
44508,2014-05-31,[ 21:48 ],1,225
44509,2014-05-31,[ 21:49 ],1,222
44510,2014-05-31,[ 21:50 ],1,222
44511,2014-05-31,[ 21:51 ],1,222
44512,2014-05-31,[ 21:52 ],1,221
44513,2014-05-31,[ 21:53 ],1,221
44514,2014-05-31,[ 21:54 ],1,219
44515,2014-05-31,[ 21:55 ],1,222
44516,2014-05-31,[ 21:56 ],1,221
44517,2014-05-31,[ 21:57 ],1,223
44518,2014-05-31,[ 21:58 ],1,221
44519,2014-05-31,[ 21:59 ],1,223
44520,2014-05-31,[ 22:00 ],1,223
44521,2014-05-31,[ 22:01 ],1,224
44522,2014-05-31,[ 22:02 ],1,224
44523,2014-05-31,[ 22:03 ],1,224
44524,2014-05-31,[ 22:04 ],1,221
44525,2014-05-31,[ 22:05 ],1,221
44526,2014-05-31,[ 22:06 ],1,215
44527,2014-05-31,[ 22:07 ],1,213
44528,2014-05-31,[ 22:08 ],1,162
44529,2014-05-31,[ 22:09 ],1,162
44530,2014-05-31,[ 22:10 ],1,160
44531,2014-05-31,[ 22:11 ],1,161
44532,2014-05-31,[ 22:12 ],1,162
44533,2014-05-31,[ 22:13 ],1,165
44534,2014-05-31,[ 22:14 ],1,161
44535,2014-05-31,[ 22:15 ],1,162
44536,2014-05-31,[ 22:16 ],1,162
44537,2014-05-31,[ 22:17 ],1,163
44538,2014-05-31,[ 22:18 ],1,162
44539,2014-05-31,[ 22:19 ],1,161
44540,2014-05-31,[ 22:20 ],1,162
44541,2014-05-31,[ 22:21 ],1,163
44542,2014-05-31,[ 22:22 ],1,162
44543,2014-05-31,[ 22:23 ],1,161
44544,2014-05-31,[ 22:24 ],1,161
44545,2014-05-31,[ 22:25 ],1,161
44546,2014-05-31,[ 22:26 ],1,162
44547,2014-05-31,[ 22:27 ],1,160
44548,2014-05-31,[ 22:28 ],1,161
44549,2014-05-31,[ 22:29 ],1,159
44550,2014-05-31,[ 22:30 ],1,159
44551,2014-05-31,[ 22:31 ],1,160
44552,2014-05-31,[ 22:32 ],1,159
44553,2014-05-31,[ 22:33 ],1,159
44554,2014-05-31,[ 22:34 ],1,159
44555,2014-05-31,[ 22:35 ],1,162
44556,2014-05-31,[ 22:36 ],1,161
44557,2014-05-31,[ 22:37 ],1,159
44558,2014-05-31,[ 22:38 ],1,159
44559,2014-05-31,[ 22:39 ],1,159
44560,2014-05-31,[ 22:40 ],1,158
44561,2014-05-31,[ 22:41 ],1,158
44562,2014-05-31,[ 22:42 ],1,158
44563,2014-05-31,[ 22:43 ],1,160
44564,2014-05-31,[ 22:44 ],1,159
44565,2014-05-31,[ 22:45 ],1,158
44566,2014-05-31,[ 22:46 ],1,158
44567,2014-05-31,[ 22:47 ],1,157
44568,2014-05-31,[ 22:48 ],1,158
44569,2014-05-31,[ 22:49 ],1,158
44570,2014-05-31,[ 22:50 ],1,158
44571,2014-05-31,[ 22:51 ],1,158
44572,2014-05-31,[ 22:52 ],1,158
44573,2014-05-31,[ 22:53 ],1,224
44574,2014-05-31,[ 22:54 ],1,216
44575,2014-05-31,[ 22:55 ],1,218
44576,2014-05-31,[ 22:56 ],1,215
44577,2014-05-31,[ 22:57 ],1,216
44578,2014-05-31,[ 22:58 ],1,216
44579,2014-05-31,[ 22:59 ],1,215
44580,2014-05-31,[ 23:00 ],1,215
44581,2014-05-31,[ 23:01 ],1,215
44582,2014-05-31,[ 23:02 ],1,217
44583,2014-05-31,[ 23:03 ],1,215
44584,2014-05-31,[ 23:04 ],1,215
44585,2014-05-31,[ 23:05 ],1,159
44586,2014-05-31,[ 23:06 ],1,157
44587,2014-05-31,[ 23:07 ],1,159
44588,2014-05-31,[ 23:08 ],1,161
44589,2014-05-31,[ 23:09 ],1,159
44590,2014-05-31,[ 23:10 ],1,159
44591,2014-05-31,[ 23:11 ],1,161
44592,2014-05-31,[ 23:12 ],1,157
44593,2014-05-31,[ 23:13 ],1,158
44594,2014-05-31,[ 23:14 ],1,160
44595,2014-05-31,[ 23:15 ],1,157
44596,2014-05-31,[ 23:16 ],1,158
44597,2014-05-31,[ 23:17 ],1,157
44598,2014-05-31,[ 23:18 ],1,158
44599,2014-05-31,[ 23:19 ],1,159
44600,2014-05-31,[ 23:20 ],1,158
44601,2014-05-31,[ 23:21 ],1,160
44602,2014-05-31,[ 23:22 ],1,157
44603,2014-05-31,[ 23:23 ],1,160
44604,2014-05-31,[ 23:24 ],1,324
44605,2014-05-31,[ 23:25 ],1,221
44606,2014-05-31,[ 23:26 ],1,213
44607,2014-05-31,[ 23:27 ],1,213
44608,2014-05-31,[ 23:28 ],1,214
44609,2014-05-31,[ 23:29 ],1,215
44610,2014-05-31,[ 23:30 ],1,215
44611,2014-05-31,[ 23:31 ],1,217
44612,2014-05-31,[ 23:32 ],1,217
44613,2014-05-31,[ 23:33 ],1,215
44614,2014-05-31,[ 23:34 ],1,215
44615,2014-05-31,[ 23:35 ],1,212
44616,2014-05-31,[ 23:36 ],1,214
44617,2014-05-31,[ 23:37 ],1,215
44618,2014-05-31,[ 23:38 ],1,216
44619,2014-05-31,[ 23:39 ],1,217
44620,2014-05-31,[ 23:40 ],1,213
44621,2014-05-31,[ 23:41 ],1,213
44622,2014-05-31,[ 23:42 ],1,214
44623,2014-05-31,[ 23:43 ],1,211
44624,2014-05-31,[ 23:44 ],1,211
44625,2014-05-31,[ 23:45 ],1,215
44626,2014-05-31,[ 23:46 ],1,216
44627,2014-05-31,[ 23:47 ],1,216
44628,2014-05-31,[ 23:48 ],1,212
44629,2014-05-31,[ 23:49 ],1,213
44630,2014-05-31,[ 23:50 ],1,210
44631,2014-05-31,[ 23:51 ],1,210
44632,2014-05-31,[ 23:52 ],1,208
44633,2014-05-31,[ 23:53 ],1,185
44634,2014-05-31,[ 23:54 ],1,157
44635,2014-05-31,[ 23:55 ],1,157
44636,2014-05-31,[ 23:56 ],1,156
44637,2014-05-31,[ 23:57 ],1,156
44638,2014-05-31,[ 23:58 ],1,156
44639,2014-05-31,[ 23:59 ],1,155
