2013년 3월 12일 - 0시,Null
2013년 3월 12일 - 1시,Null
2013년 3월 12일 - 2시,Null
2013년 3월 12일 - 3시,Null
2013년 3월 12일 - 4시,Null
2013년 3월 12일 - 5시,Null
2013년 3월 12일 - 6시,Null
2013년 3월 12일 - 7시,Null
2013년 3월 12일 - 8시,Null
2013년 3월 12일 - 9시,Null
2013년 3월 12일 - 10시,86
2013년 3월 12일 - 11시,436
2013년 3월 12일 - 12시,435
2013년 3월 12일 - 13시,0
2013년 3월 12일 - 14시,12
2013년 3월 12일 - 15시,14
2013년 3월 12일 - 16시,0
2013년 3월 12일 - 17시,437
2013년 3월 12일 - 18시,502
2013년 3월 12일 - 19시,57
2013년 3월 12일 - 20시,34
2013년 3월 12일 - 21시,451
2013년 3월 12일 - 22시,367
2013년 3월 12일 - 23시,30
2013년 3월 13일 - 0시,0
2013년 3월 13일 - 1시,0
2013년 3월 13일 - 2시,0
2013년 3월 13일 - 3시,0
2013년 3월 13일 - 4시,254
2013년 3월 13일 - 5시,0
2013년 3월 13일 - 6시,0
2013년 3월 13일 - 7시,347
2013년 3월 13일 - 8시,382
2013년 3월 13일 - 9시,0
2013년 3월 13일 - 10시,0
2013년 3월 13일 - 11시,0
2013년 3월 13일 - 12시,0
2013년 3월 13일 - 13시,0
2013년 3월 13일 - 14시,0
2013년 3월 13일 - 15시,0
2013년 3월 13일 - 16시,0
2013년 3월 13일 - 17시,438
2013년 3월 13일 - 18시,434
2013년 3월 13일 - 19시,382
2013년 3월 13일 - 20시,378
2013년 3월 13일 - 21시,422
2013년 3월 13일 - 22시,410
2013년 3월 13일 - 23시,43
2013년 3월 14일 - 0시,0
2013년 3월 14일 - 1시,0
2013년 3월 14일 - 2시,0
2013년 3월 14일 - 3시,0
2013년 3월 14일 - 4시,0
2013년 3월 14일 - 5시,0
2013년 3월 14일 - 6시,0
2013년 3월 14일 - 7시,47
2013년 3월 14일 - 8시,0
2013년 3월 14일 - 9시,0
2013년 3월 14일 - 10시,0
2013년 3월 14일 - 11시,0
2013년 3월 14일 - 12시,367
2013년 3월 14일 - 13시,0
2013년 3월 14일 - 14시,0
2013년 3월 14일 - 15시,448
2013년 3월 14일 - 16시,43
2013년 3월 14일 - 17시,476
2013년 3월 14일 - 18시,525
2013년 3월 14일 - 19시,63
2013년 3월 14일 - 20시,369
2013년 3월 14일 - 21시,0
2013년 3월 14일 - 22시,337
2013년 3월 14일 - 23시,0
2013년 3월 15일 - 0시,0
2013년 3월 15일 - 1시,0
2013년 3월 15일 - 2시,0
2013년 3월 15일 - 3시,0
2013년 3월 15일 - 4시,0
2013년 3월 15일 - 5시,0
2013년 3월 15일 - 6시,0
2013년 3월 15일 - 7시,0
2013년 3월 15일 - 8시,14
2013년 3월 15일 - 9시,0
2013년 3월 15일 - 10시,0
2013년 3월 15일 - 11시,0
2013년 3월 15일 - 12시,0
2013년 3월 15일 - 13시,0
2013년 3월 15일 - 14시,0
2013년 3월 15일 - 15시,0
2013년 3월 15일 - 16시,0
2013년 3월 15일 - 17시,450
2013년 3월 15일 - 18시,473
2013년 3월 15일 - 19시,378
2013년 3월 15일 - 20시,402
2013년 3월 15일 - 21시,410
2013년 3월 15일 - 22시,427
2013년 3월 15일 - 23시,367
2013년 3월 16일 - 0시,0
2013년 3월 16일 - 1시,0
2013년 3월 16일 - 2시,0
2013년 3월 16일 - 3시,0
2013년 3월 16일 - 4시,0
2013년 3월 16일 - 5시,0
2013년 3월 16일 - 6시,0
2013년 3월 16일 - 7시,0
2013년 3월 16일 - 8시,403
2013년 3월 16일 - 9시,398
2013년 3월 16일 - 10시,134
2013년 3월 16일 - 11시,378
2013년 3월 16일 - 12시,370
2013년 3월 16일 - 13시,0
2013년 3월 16일 - 14시,406
2013년 3월 16일 - 15시,0
2013년 3월 16일 - 16시,0
2013년 3월 16일 - 17시,409
2013년 3월 16일 - 18시,440
2013년 3월 16일 - 19시,441
2013년 3월 16일 - 20시,446
2013년 3월 16일 - 21시,437
2013년 3월 16일 - 22시,452
2013년 3월 16일 - 23시,0
2013년 3월 17일 - 0시,0
2013년 3월 17일 - 1시,0
2013년 3월 17일 - 2시,0
2013년 3월 17일 - 3시,0
2013년 3월 17일 - 4시,0
2013년 3월 17일 - 5시,0
2013년 3월 17일 - 6시,0
2013년 3월 17일 - 7시,64
2013년 3월 17일 - 8시,392
2013년 3월 17일 - 9시,63
2013년 3월 17일 - 10시,37
2013년 3월 17일 - 11시,422
2013년 3월 17일 - 12시,33
2013년 3월 17일 - 13시,0
2013년 3월 17일 - 14시,0
2013년 3월 17일 - 15시,387
2013년 3월 17일 - 16시,394
2013년 3월 17일 - 17시,447
2013년 3월 17일 - 18시,381
2013년 3월 17일 - 19시,327
2013년 3월 17일 - 20시,322
2013년 3월 17일 - 21시,318
2013년 3월 17일 - 22시,48
2013년 3월 17일 - 23시,0
2013년 3월 18일 - 0시,42
2013년 3월 18일 - 1시,348
2013년 3월 18일 - 2시,0
2013년 3월 18일 - 3시,0
2013년 3월 18일 - 4시,0
2013년 3월 18일 - 5시,0
2013년 3월 18일 - 6시,337
2013년 3월 18일 - 7시,350
2013년 3월 18일 - 8시,17
2013년 3월 18일 - 9시,0
2013년 3월 18일 - 10시,0
2013년 3월 18일 - 11시,356
2013년 3월 18일 - 12시,370
2013년 3월 18일 - 13시,0
2013년 3월 18일 - 14시,400
2013년 3월 18일 - 15시,457
2013년 3월 18일 - 16시,455
2013년 3월 18일 - 17시,450
2013년 3월 18일 - 18시,452
2013년 3월 18일 - 19시,400
2013년 3월 18일 - 20시,402
2013년 3월 18일 - 21시,407
2013년 3월 18일 - 22시,47
2013년 3월 18일 - 23시,0
2013년 3월 19일 - 0시,0
2013년 3월 19일 - 1시,0
2013년 3월 19일 - 2시,0
2013년 3월 19일 - 3시,0
2013년 3월 19일 - 4시,0
2013년 3월 19일 - 5시,0
2013년 3월 19일 - 6시,348
2013년 3월 19일 - 7시,449
2013년 3월 19일 - 8시,377
2013년 3월 19일 - 9시,38
2013년 3월 19일 - 10시,347
2013년 3월 19일 - 11시,330
2013년 3월 19일 - 12시,0
2013년 3월 19일 - 13시,0
2013년 3월 19일 - 14시,457
2013년 3월 19일 - 15시,0
2013년 3월 19일 - 16시,0
2013년 3월 19일 - 17시,445
2013년 3월 19일 - 18시,427
2013년 3월 19일 - 19시,423
2013년 3월 19일 - 20시,33
2013년 3월 19일 - 21시,436
2013년 3월 19일 - 22시,336
2013년 3월 19일 - 23시,0
2013년 3월 20일 - 0시,0
2013년 3월 20일 - 1시,0
2013년 3월 20일 - 2시,0
2013년 3월 20일 - 3시,0
2013년 3월 20일 - 4시,0
2013년 3월 20일 - 5시,0
2013년 3월 20일 - 6시,358
2013년 3월 20일 - 7시,363
2013년 3월 20일 - 8시,455
2013년 3월 20일 - 9시,58
2013년 3월 20일 - 10시,0
2013년 3월 20일 - 11시,0
2013년 3월 20일 - 12시,528
2013년 3월 20일 - 13시,0
2013년 3월 20일 - 14시,449
2013년 3월 20일 - 15시,445
2013년 3월 20일 - 16시,488
2013년 3월 20일 - 17시,476
2013년 3월 20일 - 18시,473
2013년 3월 20일 - 19시,449
2013년 3월 20일 - 20시,57
2013년 3월 20일 - 21시,375
2013년 3월 20일 - 22시,0
2013년 3월 20일 - 23시,37
2013년 3월 21일 - 0시,0
2013년 3월 21일 - 1시,343
2013년 3월 21일 - 2시,0
2013년 3월 21일 - 3시,0
2013년 3월 21일 - 4시,0
2013년 3월 21일 - 5시,0
2013년 3월 21일 - 6시,0
2013년 3월 21일 - 7시,363
2013년 3월 21일 - 8시,379
2013년 3월 21일 - 9시,14
2013년 3월 21일 - 10시,0
2013년 3월 21일 - 11시,Null
2013년 3월 21일 - 12시,Null
2013년 3월 21일 - 13시,0
2013년 3월 21일 - 14시,343
2013년 3월 21일 - 15시,64
2013년 3월 21일 - 16시,64
2013년 3월 21일 - 17시,376
2013년 3월 21일 - 18시,330
2013년 3월 21일 - 19시,335
2013년 3월 21일 - 20시,334
2013년 3월 21일 - 21시,367
2013년 3월 21일 - 22시,48
2013년 3월 21일 - 23시,0
2013년 3월 22일 - 0시,0
2013년 3월 22일 - 1시,0
2013년 3월 22일 - 2시,0
2013년 3월 22일 - 3시,0
2013년 3월 22일 - 4시,0
2013년 3월 22일 - 5시,0
2013년 3월 22일 - 6시,0
2013년 3월 22일 - 7시,443
2013년 3월 22일 - 8시,390
2013년 3월 22일 - 9시,425
2013년 3월 22일 - 10시,0
2013년 3월 22일 - 11시,0
2013년 3월 22일 - 12시,0
2013년 3월 22일 - 13시,0
2013년 3월 22일 - 14시,0
2013년 3월 22일 - 15시,0
2013년 3월 22일 - 16시,387
2013년 3월 22일 - 17시,422
2013년 3월 22일 - 18시,411
2013년 3월 22일 - 19시,58
2013년 3월 22일 - 20시,0
2013년 3월 22일 - 21시,361
2013년 3월 22일 - 22시,351
2013년 3월 22일 - 23시,313
2013년 3월 23일 - 0시,0
2013년 3월 23일 - 1시,0
2013년 3월 23일 - 2시,0
2013년 3월 23일 - 3시,0
2013년 3월 23일 - 4시,0
2013년 3월 23일 - 5시,0
2013년 3월 23일 - 6시,0
2013년 3월 23일 - 7시,307
2013년 3월 23일 - 8시,504
2013년 3월 23일 - 9시,81
2013년 3월 23일 - 10시,33
2013년 3월 23일 - 11시,318
2013년 3월 23일 - 12시,330
2013년 3월 23일 - 13시,0
2013년 3월 23일 - 14시,0
2013년 3월 23일 - 15시,0
2013년 3월 23일 - 16시,327
2013년 3월 23일 - 17시,359
2013년 3월 23일 - 18시,432
2013년 3월 23일 - 19시,523
2013년 3월 23일 - 20시,438
2013년 3월 23일 - 21시,438
2013년 3월 23일 - 22시,401
2013년 3월 23일 - 23시,0
2013년 3월 24일 - 0시,0
2013년 3월 24일 - 1시,0
2013년 3월 24일 - 2시,0
2013년 3월 24일 - 3시,0
2013년 3월 24일 - 4시,0
2013년 3월 24일 - 5시,0
2013년 3월 24일 - 6시,0
2013년 3월 24일 - 7시,350
2013년 3월 24일 - 8시,364
2013년 3월 24일 - 9시,386
2013년 3월 24일 - 10시,352
2013년 3월 24일 - 11시,389
2013년 3월 24일 - 12시,424
2013년 3월 24일 - 13시,418
2013년 3월 24일 - 14시,409
2013년 3월 24일 - 15시,64
2013년 3월 24일 - 16시,28
2013년 3월 24일 - 17시,63
2013년 3월 24일 - 18시,416
2013년 3월 24일 - 19시,392
2013년 3월 24일 - 20시,399
2013년 3월 24일 - 21시,409
2013년 3월 24일 - 22시,478
2013년 3월 24일 - 23시,39
2013년 3월 25일 - 0시,0
2013년 3월 25일 - 1시,0
2013년 3월 25일 - 2시,0
2013년 3월 25일 - 3시,0
2013년 3월 25일 - 4시,0
2013년 3월 25일 - 5시,0
2013년 3월 25일 - 6시,413
2013년 3월 25일 - 7시,402
2013년 3월 25일 - 8시,371
2013년 3월 25일 - 9시,0
2013년 3월 25일 - 10시,0
2013년 3월 25일 - 11시,415
2013년 3월 25일 - 12시,35
2013년 3월 25일 - 13시,34
2013년 3월 25일 - 14시,0
2013년 3월 25일 - 15시,415
2013년 3월 25일 - 16시,420
2013년 3월 25일 - 17시,413
2013년 3월 25일 - 18시,458
2013년 3월 25일 - 19시,421
2013년 3월 25일 - 20시,376
2013년 3월 25일 - 21시,33
2013년 3월 25일 - 22시,469
2013년 3월 25일 - 23시,390
2013년 3월 26일 - 0시,0
2013년 3월 26일 - 1시,0
2013년 3월 26일 - 2시,0
2013년 3월 26일 - 3시,0
2013년 3월 26일 - 4시,0
2013년 3월 26일 - 5시,0
2013년 3월 26일 - 6시,0
2013년 3월 26일 - 7시,506
2013년 3월 26일 - 8시,392
2013년 3월 26일 - 9시,0
2013년 3월 26일 - 10시,0
2013년 3월 26일 - 11시,0
2013년 3월 26일 - 12시,0
2013년 3월 26일 - 13시,0
2013년 3월 26일 - 14시,43
2013년 3월 26일 - 15시,52
2013년 3월 26일 - 16시,476
2013년 3월 26일 - 17시,453
2013년 3월 26일 - 18시,502
2013년 3월 26일 - 19시,78
2013년 3월 26일 - 20시,429
2013년 3월 26일 - 21시,415
2013년 3월 26일 - 22시,422
2013년 3월 26일 - 23시,400
2013년 3월 27일 - 0시,0
2013년 3월 27일 - 1시,0
2013년 3월 27일 - 2시,0
2013년 3월 27일 - 3시,0
2013년 3월 27일 - 4시,0
2013년 3월 27일 - 5시,0
2013년 3월 27일 - 6시,0
2013년 3월 27일 - 7시,0
2013년 3월 27일 - 8시,15
2013년 3월 27일 - 9시,15
2013년 3월 27일 - 10시,0
2013년 3월 27일 - 11시,0
2013년 3월 27일 - 12시,0
2013년 3월 27일 - 13시,0
2013년 3월 27일 - 14시,0
2013년 3월 27일 - 15시,0
2013년 3월 27일 - 16시,0
2013년 3월 27일 - 17시,357
2013년 3월 27일 - 18시,410
2013년 3월 27일 - 19시,88
2013년 3월 27일 - 20시,88
2013년 3월 27일 - 21시,363
2013년 3월 27일 - 22시,374
2013년 3월 27일 - 23시,40
2013년 3월 28일 - 0시,0
2013년 3월 28일 - 1시,0
2013년 3월 28일 - 2시,0
2013년 3월 28일 - 3시,0
2013년 3월 28일 - 4시,0
2013년 3월 28일 - 5시,0
2013년 3월 28일 - 6시,0
2013년 3월 28일 - 7시,0
2013년 3월 28일 - 8시,423
2013년 3월 28일 - 9시,405
2013년 3월 28일 - 10시,0
2013년 3월 28일 - 11시,0
2013년 3월 28일 - 12시,0
2013년 3월 28일 - 13시,54
2013년 3월 28일 - 14시,64
2013년 3월 28일 - 15시,409
2013년 3월 28일 - 16시,411
2013년 3월 28일 - 17시,425
2013년 3월 28일 - 18시,467
2013년 3월 28일 - 19시,121
2013년 3월 28일 - 20시,529
2013년 3월 28일 - 21시,398
2013년 3월 28일 - 22시,31
2013년 3월 28일 - 23시,0
2013년 3월 29일 - 0시,0
2013년 3월 29일 - 1시,0
2013년 3월 29일 - 2시,0
2013년 3월 29일 - 3시,0
2013년 3월 29일 - 4시,0
2013년 3월 29일 - 5시,0
2013년 3월 29일 - 6시,402
2013년 3월 29일 - 7시,392
2013년 3월 29일 - 8시,0
2013년 3월 29일 - 9시,0
2013년 3월 29일 - 10시,0
2013년 3월 29일 - 11시,0
2013년 3월 29일 - 12시,0
2013년 3월 29일 - 13시,0
2013년 3월 29일 - 14시,0
2013년 3월 29일 - 15시,0
2013년 3월 29일 - 16시,0
2013년 3월 29일 - 17시,0
2013년 3월 29일 - 18시,0
2013년 3월 29일 - 19시,0
2013년 3월 29일 - 20시,0
2013년 3월 29일 - 21시,0
2013년 3월 29일 - 22시,0
2013년 3월 29일 - 23시,0
2013년 3월 30일 - 0시,0
2013년 3월 30일 - 1시,0
2013년 3월 30일 - 2시,0
2013년 3월 30일 - 3시,0
2013년 3월 30일 - 4시,0
2013년 3월 30일 - 5시,0
2013년 3월 30일 - 6시,0
2013년 3월 30일 - 7시,0
2013년 3월 30일 - 8시,0
2013년 3월 30일 - 9시,0
2013년 3월 30일 - 10시,0
2013년 3월 30일 - 11시,0
2013년 3월 30일 - 12시,0
2013년 3월 30일 - 13시,0
2013년 3월 30일 - 14시,0
2013년 3월 30일 - 15시,0
2013년 3월 30일 - 16시,0
2013년 3월 30일 - 17시,0
2013년 3월 30일 - 18시,0
2013년 3월 30일 - 19시,0
2013년 3월 30일 - 20시,0
2013년 3월 30일 - 21시,0
2013년 3월 30일 - 22시,0
2013년 3월 30일 - 23시,0
2013년 3월 31일 - 0시,0
2013년 3월 31일 - 1시,0
2013년 3월 31일 - 2시,0
2013년 3월 31일 - 3시,0
2013년 3월 31일 - 4시,0
2013년 3월 31일 - 5시,0
2013년 3월 31일 - 6시,0
2013년 3월 31일 - 7시,0
2013년 3월 31일 - 8시,0
2013년 3월 31일 - 9시,0
2013년 3월 31일 - 10시,0
2013년 3월 31일 - 11시,0
2013년 3월 31일 - 12시,0
2013년 3월 31일 - 13시,0
2013년 3월 31일 - 14시,0
2013년 3월 31일 - 15시,0
2013년 3월 31일 - 16시,0
2013년 3월 31일 - 17시,0
2013년 3월 31일 - 18시,0
2013년 3월 31일 - 19시,0
2013년 3월 31일 - 20시,0
2013년 3월 31일 - 21시,0
2013년 3월 31일 - 22시,0
2013년 3월 31일 - 23시,0
